# list of hand selected 2D points
1302.59705882352930000000 745.87647058823550000000
1576.90909090909100000000 752.72727272727270000000
1850.36363636363630000000 758.36363636363640000000
2119.27272727272750000000 764.90909090909090000000
1279.08163265306120000000 979.89795918367340000000
1566.12244897959180000000 985.51020408163250000000
1850.91836734693860000000 991.22448979591830000000
2132.55102040816300000000 997.04081632653050000000
1253.60000000000000000000 1236.80000000000000000000
1553.60000000000000000000 1241.80000000000000000000
1852.60000000000000000000 1247.00000000000000000000
2146.40000000000000000000 1252.00000000000000000000
1225.73770491803270000000 1518.19672131147540000000
1540.65573770491800000000 1522.45901639344240000000
1853.48208955223900000000 1526.36641791044800000000
2162.23880597014930000000 1530.74626865671640000000
1194.09836065573770000000 1828.85245901639340000000
1525.57377049180300000000 1832.13114754098340000000
1855.08196721311470000000 1835.24590163934400000000
2178.85245901639340000000 1838.68852459016380000000
1160.12345679012360000000 2175.55555555555570000000
1509.75308641975310000000 2177.03703703703700000000
1856.41975308641990000000 2178.64197530864200000000
2198.49197530864150000000 2180.27345679012400000000
