# list of hand selected 2D points
2134.66666666666650000000 726.44444444444450000000
2376.22222222222200000000 704.88888888888890000000
2639.55555555555570000000 680.00000000000000000000
2922.00000000000000000000 654.00000000000000000000
2120.73170731707300000000 960.48780487804870000000
2365.36585365853630000000 948.04878048780470000000
2630.13170731707100000000 933.90243902439010000000
2917.31707317073140000000 918.04878048780470000000
2106.56716417910460000000 1201.64179104477600000000
2353.24324324324330000000 1198.37837837837830000000
2621.62162162162170000000 1195.40540540540540000000
2911.35135135135120000000 1191.35135135135120000000
2091.35135135135120000000 1448.37837837837830000000
2341.08108108108100000000 1455.13513513513500000000
2611.89189189189160000000 1462.43243243243230000000
2906.21621621621630000000 1470.54054054054040000000
2075.85365853658500000000 1701.21951219512180000000
2327.62317073170900000000 1718.52439024390260000000
2602.43902439024350000000 1738.04878048780460000000
2899.51219512195080000000 1759.26829268292660000000
2060.00000000000000000000 1961.42857142857130000000
2314.64285714285700000000 1989.99999999999980000000
2591.78571428571400000000 2021.78571428571400000000
2893.57142857142840000000 2056.42857142857100000000
