# File: bricks/move_in Algorithm = FH-BRIEF  skip 4 tolerance = 5.0
# (time tick) ( F ) ( F all inside) (precision) (recall) (recall all inside) (tracks)
0004  0.858  0.858  0.986  0.760  0.760 423
0008  0.846  0.846  0.983  0.743  0.743 415
0012  0.828  0.828  0.985  0.714  0.714 398
0016  0.804  0.811  0.984  0.679  0.689 379
0020  0.779  0.796  0.975  0.648  0.673 365
0024  0.758  0.783  0.969  0.623  0.656 353
0028  0.732  0.762  0.973  0.587  0.626 331
0032  0.707  0.745  0.959  0.559  0.609 320
0036  0.681  0.725  0.948  0.532  0.586 308
0040  0.664  0.709  0.937  0.514  0.571 301
0044  0.671  0.725  0.944  0.521  0.588 303
0048  0.636  0.692  0.933  0.483  0.550 284
0052  0.639  0.706  0.930  0.486  0.569 287
0056  0.611  0.685  0.919  0.457  0.546 273
0060  0.594  0.668  0.897  0.444  0.532 272
0064  0.588  0.663  0.883  0.441  0.531 274
0068  0.584  0.665  0.901  0.432  0.527 263
0072  0.565  0.651  0.890  0.413  0.514 255
0076  0.583  0.678  0.908  0.430  0.541 260
0080  0.551  0.645  0.848  0.408  0.520 264
0084  0.556  0.661  0.888  0.404  0.526 250
0088  0.530  0.644  0.864  0.383  0.513 243
0092  0.514  0.640  0.842  0.370  0.517 241
0096  0.522  0.665  0.865  0.373  0.539 237
0100  0.501  0.653  0.831  0.359  0.538 237
0104  0.526  0.689  0.834  0.384  0.587 253
0108  0.508  0.676  0.837  0.364  0.567 239
0112  0.496  0.663  0.819  0.355  0.557 238
0116  0.484  0.652  0.793  0.348  0.554 241
0120  0.466  0.636  0.794  0.330  0.531 228
0124  0.437  0.611  0.764  0.306  0.509 220
0128  0.442  0.630  0.763  0.311  0.536 224
0132  0.432  0.633  0.781  0.299  0.532 210
0136  0.399  0.603  0.767  0.270  0.497 193
0140  0.402  0.612  0.758  0.273  0.514 198
0144  0.346  0.548  0.704  0.230  0.448 179
0148  0.348  0.566  0.706  0.231  0.472 180
0152  0.330  0.567  0.692  0.217  0.480 172
0156  0.314  0.546  0.628  0.209  0.483 183
0160  0.307  0.551  0.634  0.202  0.487 175
0164  0.285  0.530  0.614  0.186  0.466 166
0168  0.292  0.562  0.634  0.189  0.505 164
0172  0.259  0.510  0.550  0.169  0.474 169
0176  0.254  0.501  0.526  0.168  0.479 175
0180  0.228  0.467  0.506  0.148  0.433 160
0184  0.235  0.490  0.532  0.151  0.454 156
0188  0.222  0.475  0.527  0.140  0.433 146
0192  0.197  0.439  0.460  0.126  0.421 150
0196  0.185  0.430  0.444  0.117  0.416 144
0200  0.155  0.372  0.393  0.097  0.353 135
0204  0.149  0.370  0.378  0.093  0.362 135
0208  0.110  0.288  0.301  0.067  0.276 123
0212  0.108  0.281  0.274  0.067  0.289 135
0216  0.110  0.294  0.294  0.067  0.294 126
0220  0.110  0.307  0.296  0.067  0.319 125
0224  0.084  0.249  0.231  0.051  0.269 121
0228  0.071  0.223  0.186  0.044  0.279 129
0232  0.056  0.190  0.151  0.035  0.257 126
0236  0.046  0.174  0.144  0.027  0.221 104
0240  0.045  0.169  0.130  0.027  0.242 115
0244  0.028  0.118  0.088  0.016  0.176 102
0248  0.030  0.123  0.084  0.018  0.227 119
0252  0.015  0.068  0.048  0.009  0.119 105
0256  0.018  0.083  0.056  0.011  0.162 108
0260  0.013  0.064  0.044  0.007  0.118 91
0264  0.000  0.000  0.000  0.000  0.000 100
