# File: bricks/move_in Algorithm = FH-BRIEF  skip 8 tolerance = 5.0
# (time tick) ( F ) ( F all inside) (precision) (recall) (recall all inside) (tracks)
0008  0.846  0.846  0.983  0.743  0.743 415
0016  0.804  0.811  0.984  0.679  0.689 379
0024  0.758  0.783  0.969  0.623  0.656 353
0032  0.707  0.744  0.959  0.559  0.608 320
0040  0.664  0.709  0.937  0.514  0.570 301
0048  0.636  0.692  0.933  0.483  0.550 284
0056  0.611  0.685  0.919  0.457  0.546 273
0064  0.588  0.663  0.883  0.441  0.531 274
0072  0.565  0.651  0.890  0.413  0.514 255
0080  0.551  0.645  0.848  0.408  0.520 264
0088  0.530  0.644  0.864  0.383  0.513 243
0096  0.522  0.665  0.865  0.373  0.539 237
0104  0.526  0.689  0.834  0.384  0.587 253
0112  0.496  0.663  0.819  0.355  0.557 238
0120  0.466  0.636  0.794  0.330  0.531 228
0128  0.442  0.630  0.763  0.311  0.536 224
0136  0.399  0.603  0.767  0.270  0.497 193
0144  0.346  0.548  0.704  0.230  0.448 179
0152  0.330  0.565  0.692  0.217  0.478 172
0160  0.307  0.551  0.634  0.202  0.487 175
0168  0.292  0.562  0.634  0.189  0.505 164
0176  0.254  0.501  0.526  0.168  0.479 175
0184  0.235  0.490  0.532  0.151  0.454 156
0192  0.197  0.439  0.460  0.126  0.421 150
0200  0.155  0.372  0.393  0.097  0.353 135
0208  0.110  0.288  0.301  0.067  0.276 123
0216  0.110  0.294  0.294  0.067  0.294 126
0224  0.084  0.249  0.231  0.051  0.269 121
0232  0.056  0.190  0.151  0.035  0.257 126
0240  0.045  0.169  0.130  0.027  0.242 115
0248  0.030  0.123  0.084  0.018  0.227 119
0256  0.018  0.083  0.056  0.011  0.162 108
0264  0.000  0.000  0.000  0.000  0.000 100
