# File: bricks/skew Algorithm = FH-BRIEF  skip 8 tolerance = 5.0
# (time tick) ( F ) ( F all inside) (precision) (recall) (recall all inside) (tracks)
0008  0.840  0.845  0.987  0.730  0.739 379
0016  0.737  0.763  0.948  0.604  0.638 326
0024  0.647  0.709  0.918  0.500  0.578 279
0032  0.617  0.725  0.919  0.465  0.598 259
0040  0.531  0.683  0.830  0.391  0.580 241
0048  0.463  0.651  0.810  0.324  0.544 205
0056  0.411  0.600  0.737  0.285  0.505 198
0064  0.347  0.532  0.684  0.232  0.436 174
0072  0.319  0.522  0.673  0.209  0.426 159
0080  0.315  0.517  0.658  0.207  0.426 161
0088  0.249  0.410  0.532  0.162  0.333 156
0096  0.236  0.381  0.523  0.152  0.299 149
0104  0.200  0.347  0.468  0.127  0.276 139
0112  0.138  0.234  0.344  0.086  0.177 128
