# File: bricks/move_out Algorithm = FH-BRIEF  skip 4 tolerance = 5.0
# (time tick) ( F ) ( F all inside) (precision) (recall) (recall all inside) (tracks)
0004  0.788  0.788  0.973  0.662  0.662 376
0008  0.696  0.696  0.947  0.550  0.550 321
0012  0.605  0.605  0.946  0.445  0.445 260
0016  0.556  0.556  0.902  0.401  0.401 246
0020  0.512  0.512  0.877  0.362  0.362 228
0024  0.501  0.501  0.885  0.349  0.349 218
0028  0.461  0.461  0.834  0.318  0.318 211
0032  0.385  0.385  0.753  0.259  0.259 190
0036  0.334  0.334  0.703  0.219  0.219 172
0040  0.328  0.328  0.707  0.213  0.213 167
0044  0.307  0.307  0.636  0.203  0.203 176
0048  0.281  0.281  0.656  0.179  0.179 151
0052  0.267  0.267  0.597  0.172  0.172 159
0056  0.238  0.238  0.531  0.154  0.154 160
0060  0.232  0.232  0.529  0.148  0.148 155
0064  0.203  0.203  0.483  0.128  0.128 147
0068  0.174  0.174  0.441  0.108  0.108 136
0072  0.173  0.173  0.429  0.108  0.108 140
0076  0.173  0.173  0.432  0.108  0.108 139
0080  0.152  0.152  0.391  0.094  0.094 133
0084  0.145  0.145  0.365  0.090  0.090 137
0088  0.135  0.135  0.357  0.083  0.083 129
0092  0.131  0.131  0.338  0.081  0.081 133
0096  0.121  0.121  0.325  0.074  0.074 126
0100  0.106  0.106  0.288  0.065  0.065 125
0104  0.107  0.107  0.308  0.065  0.065 117
0108  0.107  0.107  0.295  0.065  0.065 122
0112  0.104  0.104  0.294  0.063  0.063 119
0116  0.092  0.092  0.261  0.056  0.056 119
0120  0.080  0.080  0.225  0.049  0.049 120
0124  0.086  0.086  0.242  0.052  0.052 120
0128  0.078  0.078  0.232  0.047  0.047 112
0132  0.066  0.066  0.188  0.040  0.040 117
0136  0.074  0.074  0.207  0.045  0.045 121
0140  0.074  0.074  0.210  0.045  0.045 119
0144  0.081  0.081  0.239  0.049  0.049 113
0148  0.069  0.069  0.200  0.042  0.042 115
0152  0.073  0.073  0.187  0.045  0.045 134
0156  0.067  0.067  0.174  0.042  0.042 132
0160  0.060  0.060  0.174  0.036  0.036 115
0164  0.068  0.068  0.189  0.042  0.042 122
0168  0.057  0.057  0.162  0.034  0.034 117
0172  0.042  0.042  0.125  0.025  0.025 112
