# File: bricks/rotate Algorithm = FH-BRIEF  skip 1 tolerance = 5.0
# (time tick) ( F ) ( F all inside) (precision) (recall) (recall all inside) (tracks)
0001  0.869  0.869  0.990  0.775  0.775 400
0002  0.862  0.866  0.985  0.767  0.773 398
0003  0.833  0.844  0.974  0.728  0.744 382
0004  0.818  0.834  0.965  0.710  0.733 376
0005  0.815  0.832  0.986  0.695  0.720 360
0006  0.809  0.826  0.975  0.691  0.716 362
0007  0.790  0.808  0.971  0.665  0.691 350
0008  0.772  0.790  0.968  0.642  0.668 339
0009  0.752  0.770  0.963  0.616  0.642 327
0010  0.709  0.726  0.939  0.569  0.592 310
0011  0.689  0.709  0.916  0.552  0.579 308
0012  0.668  0.691  0.927  0.523  0.551 288
0013  0.608  0.633  0.897  0.460  0.489 262
0014  0.605  0.634  0.890  0.458  0.493 263
0015  0.588  0.616  0.899  0.436  0.468 248
0016  0.570  0.603  0.874  0.423  0.460 247
0017  0.550  0.583  0.866  0.403  0.439 238
0018  0.547  0.585  0.851  0.403  0.446 242
0019  0.539  0.577  0.829  0.399  0.443 246
0020  0.529  0.569  0.863  0.382  0.424 226
0021  0.518  0.559  0.835  0.376  0.420 230
0022  0.524  0.572  0.865  0.376  0.427 222
0023  0.508  0.553  0.802  0.372  0.422 237
0024  0.522  0.574  0.843  0.378  0.435 229
0025  0.503  0.554  0.836  0.360  0.414 220
0026  0.505  0.557  0.813  0.366  0.424 230
0027  0.523  0.583  0.861  0.376  0.441 223
0028  0.505  0.566  0.837  0.362  0.427 221
0029  0.492  0.553  0.795  0.356  0.425 229
0030  0.521  0.585  0.829  0.380  0.452 234
0031  0.520  0.585  0.853  0.374  0.445 224
0032  0.499  0.565  0.814  0.360  0.432 226
0033  0.507  0.572  0.834  0.364  0.436 223
0034  0.484  0.551  0.801  0.346  0.420 221
0035  0.465  0.531  0.803  0.327  0.397 208
0036  0.487  0.558  0.845  0.342  0.416 207
0037  0.456  0.521  0.810  0.317  0.384 200
0038  0.478  0.552  0.827  0.337  0.414 208
0039  0.510  0.584  0.832  0.368  0.450 226
0040  0.495  0.568  0.809  0.356  0.438 225
0041  0.522  0.602  0.853  0.376  0.465 225
0042  0.549  0.635  0.858  0.403  0.504 240
0043  0.599  0.695  0.912  0.446  0.561 250
0044  0.550  0.648  0.876  0.401  0.514 234
0045  0.592  0.697  0.897  0.442  0.570 252
0046  0.608  0.714  0.910  0.456  0.587 256
0047  0.642  0.752  0.913  0.495  0.639 277
0048  0.684  0.799  0.926  0.542  0.702 299
0049  0.699  0.817  0.959  0.550  0.711 293
0050  0.702  0.820  0.953  0.556  0.719 298
0051  0.684  0.795  0.945  0.536  0.686 290
0052  0.685  0.794  0.930  0.542  0.693 298
0053  0.694  0.802  0.940  0.550  0.700 299
0054  0.667  0.772  0.900  0.530  0.676 301
0055  0.635  0.748  0.925  0.483  0.627 267
0056  0.615  0.718  0.883  0.472  0.604 273
0057  0.640  0.740  0.926  0.489  0.616 270
0058  0.625  0.720  0.927  0.472  0.589 260
0059  0.606  0.698  0.887  0.460  0.575 265
0060  0.604  0.703  0.903  0.454  0.575 257
0061  0.631  0.728  0.931  0.477  0.597 262
0062  0.631  0.733  0.914  0.481  0.611 269
0063  0.634  0.743  0.909  0.487  0.628 274
0064  0.649  0.757  0.897  0.509  0.656 290
0065  0.663  0.779  0.926  0.517  0.672 285
0066  0.668  0.791  0.933  0.521  0.686 285
0067  0.675  0.799  0.934  0.528  0.697 289
0068  0.684  0.804  0.939  0.538  0.703 293
0069  0.689  0.808  0.939  0.544  0.709 296
0070  0.688  0.812  0.936  0.544  0.717 297
0071  0.677  0.798  0.954  0.524  0.686 281
0072  0.674  0.794  0.957  0.521  0.678 278
0073  0.644  0.769  0.914  0.497  0.664 278
0074  0.616  0.738  0.896  0.470  0.627 268
0075  0.594  0.708  0.904  0.442  0.581 250
0076  0.572  0.685  0.885  0.423  0.559 244
0077  0.573  0.678  0.896  0.421  0.545 240
0078  0.482  0.574  0.825  0.341  0.441 211
0079  0.499  0.587  0.842  0.354  0.450 215
0080  0.457  0.530  0.792  0.321  0.398 207
0081  0.446  0.526  0.787  0.311  0.395 202
0082  0.474  0.547  0.804  0.337  0.415 214
0083  0.466  0.544  0.811  0.327  0.409 206
0084  0.501  0.577  0.847  0.356  0.438 215
0085  0.481  0.565  0.828  0.339  0.429 209
0086  0.490  0.570  0.814  0.350  0.438 220
0087  0.483  0.565  0.833  0.341  0.428 209
0088  0.503  0.588  0.833  0.360  0.454 221
0089  0.506  0.587  0.820  0.366  0.457 228
0090  0.502  0.578  0.839  0.358  0.441 218
0091  0.501  0.574  0.843  0.356  0.435 216
0092  0.503  0.579  0.843  0.358  0.441 217
0093  0.506  0.576  0.801  0.370  0.450 236
0094  0.505  0.573  0.837  0.362  0.435 221
0095  0.504  0.566  0.800  0.368  0.438 235
0096  0.496  0.560  0.806  0.358  0.429 227
0097  0.565  0.634  0.870  0.419  0.499 246
0098  0.559  0.619  0.858  0.415  0.484 247
0099  0.618  0.669  0.890  0.474  0.536 272
0100  0.631  0.688  0.925  0.479  0.548 265
0101  0.679  0.744  0.926  0.536  0.622 296
0102  0.714  0.771  0.945  0.573  0.651 310
0103  0.725  0.782  0.958  0.583  0.660 311
0104  0.772  0.831  0.976  0.638  0.723 334
0105  0.757  0.802  0.961  0.624  0.689 332
0106  0.782  0.821  0.977  0.652  0.709 341
0107  0.782  0.818  0.966  0.658  0.709 348
0108  0.795  0.816  0.972  0.673  0.703 354
0109  0.801  0.824  0.977  0.679  0.712 355
0110  0.806  0.813  0.980  0.685  0.695 357
0111  0.797  0.825  0.969  0.677  0.718 357
0112  0.812  0.831  0.981  0.693  0.720 361
0113  0.811  0.816  0.962  0.701  0.709 372
0114  0.811  0.829  0.986  0.689  0.715 357
0115  0.830  0.851  0.976  0.722  0.755 378
0116  0.788  0.807  0.974  0.661  0.689 347
0117  0.800  0.814  0.983  0.675  0.695 351
0118  0.822  0.846  0.986  0.705  0.741 365
0119  0.800  0.813  0.975  0.679  0.697 356
0120  0.815  0.820  0.978  0.699  0.706 365
0121  0.820  0.839  0.989  0.701  0.729 362
0122  0.817  0.835  0.981  0.701  0.726 365
0123  0.801  0.819  0.980  0.677  0.703 353
0124  0.820  0.841  0.989  0.701  0.732 362
0125  0.817  0.833  0.976  0.703  0.726 368
0126  0.789  0.793  0.974  0.663  0.669 348
0127  0.794  0.812  0.966  0.673  0.700 356
