# File: bricks/move_out Algorithm = FH-BRIEF  skip 1 tolerance = 5.0
# (time tick) ( F ) ( F all inside) (precision) (recall) (recall all inside) (tracks)
0001  0.860  0.860  0.986  0.763  0.763 428
0002  0.841  0.841  0.985  0.734  0.734 412
0003  0.819  0.819  0.982  0.702  0.702 395
0004  0.788  0.788  0.973  0.662  0.662 376
0005  0.782  0.782  0.958  0.660  0.660 381
0006  0.745  0.745  0.955  0.611  0.611 354
0007  0.711  0.711  0.972  0.561  0.561 319
0008  0.696  0.696  0.950  0.550  0.550 320
0009  0.667  0.667  0.947  0.515  0.515 301
0010  0.667  0.667  0.947  0.515  0.515 301
0011  0.627  0.627  0.932  0.472  0.472 280
0012  0.605  0.605  0.946  0.445  0.445 260
0013  0.578  0.578  0.894  0.427  0.427 264
0014  0.566  0.566  0.901  0.412  0.412 253
0015  0.555  0.555  0.888  0.403  0.403 251
0016  0.556  0.556  0.902  0.401  0.401 246
0017  0.516  0.516  0.857  0.369  0.369 238
0018  0.523  0.523  0.870  0.374  0.374 238
0019  0.488  0.488  0.851  0.342  0.342 222
0020  0.512  0.512  0.877  0.362  0.362 228
0021  0.520  0.520  0.890  0.367  0.367 228
0022  0.485  0.485  0.833  0.342  0.342 227
0023  0.488  0.488  0.841  0.344  0.344 226
0024  0.501  0.501  0.885  0.349  0.349 218
0025  0.503  0.503  0.878  0.353  0.353 222
0026  0.471  0.471  0.849  0.325  0.325 212
0027  0.473  0.473  0.843  0.329  0.329 216
0028  0.461  0.461  0.834  0.318  0.318 211
0029  0.452  0.452  0.838  0.309  0.309 204
0030  0.426  0.426  0.824  0.288  0.288 193
0031  0.391  0.391  0.771  0.262  0.262 188
0032  0.385  0.385  0.753  0.259  0.259 190
0033  0.395  0.395  0.785  0.264  0.264 186
0034  0.353  0.353  0.725  0.233  0.233 178
0035  0.346  0.346  0.720  0.228  0.228 175
0036  0.334  0.334  0.703  0.219  0.219 172
0037  0.335  0.335  0.680  0.222  0.222 181
0038  0.328  0.328  0.674  0.217  0.217 178
0039  0.310  0.310  0.663  0.203  0.203 169
0040  0.328  0.328  0.707  0.213  0.213 167
0041  0.329  0.329  0.715  0.213  0.213 165
0042  0.301  0.301  0.637  0.197  0.197 171
0043  0.301  0.301  0.655  0.195  0.195 165
0044  0.307  0.307  0.636  0.203  0.203 176
0045  0.297  0.297  0.682  0.190  0.190 154
0046  0.271  0.271  0.619  0.174  0.174 155
0047  0.274  0.274  0.605  0.177  0.177 162
0048  0.281  0.281  0.656  0.179  0.179 151
0049  0.262  0.262  0.589  0.168  0.168 158
0050  0.259  0.259  0.603  0.165  0.165 151
0051  0.258  0.258  0.575  0.166  0.166 160
0052  0.267  0.267  0.597  0.172  0.172 159
0053  0.264  0.264  0.591  0.170  0.170 159
0054  0.269  0.269  0.617  0.172  0.172 154
0055  0.261  0.261  0.605  0.166  0.166 152
0056  0.238  0.238  0.531  0.154  0.154 160
0057  0.227  0.227  0.530  0.145  0.145 151
0058  0.239  0.239  0.564  0.152  0.152 149
0059  0.231  0.231  0.544  0.146  0.146 149
0060  0.232  0.232  0.529  0.148  0.148 155
0061  0.226  0.226  0.519  0.145  0.145 154
0062  0.210  0.210  0.466  0.136  0.136 161
0063  0.212  0.212  0.514  0.134  0.134 144
0064  0.203  0.203  0.483  0.128  0.128 147
0065  0.185  0.185  0.410  0.119  0.119 161
0066  0.194  0.194  0.456  0.123  0.123 149
0067  0.193  0.193  0.479  0.121  0.121 140
0068  0.174  0.174  0.441  0.108  0.108 136
0069  0.203  0.203  0.462  0.130  0.130 156
0070  0.196  0.196  0.479  0.123  0.123 142
0071  0.193  0.193  0.450  0.123  0.123 151
0072  0.173  0.173  0.429  0.108  0.108 140
0073  0.173  0.173  0.426  0.108  0.108 141
0074  0.173  0.173  0.432  0.108  0.108 139
0075  0.170  0.170  0.446  0.105  0.105 130
0076  0.173  0.173  0.432  0.108  0.108 139
0077  0.156  0.156  0.417  0.096  0.096 127
0078  0.170  0.170  0.415  0.107  0.107 142
0079  0.147  0.147  0.388  0.090  0.090 129
0080  0.152  0.152  0.391  0.094  0.094 133
0081  0.138  0.138  0.364  0.085  0.085 129
0082  0.160  0.160  0.404  0.099  0.099 136
0083  0.150  0.150  0.374  0.094  0.094 139
0084  0.145  0.145  0.365  0.090  0.090 137
0085  0.150  0.150  0.349  0.096  0.096 152
0086  0.137  0.137  0.353  0.085  0.085 133
0087  0.146  0.146  0.379  0.090  0.090 132
0088  0.135  0.135  0.357  0.083  0.083 129
0089  0.126  0.126  0.303  0.080  0.080 145
0090  0.134  0.134  0.338  0.083  0.083 136
0091  0.142  0.142  0.355  0.089  0.089 138
0092  0.131  0.131  0.338  0.081  0.081 133
0093  0.122  0.122  0.339  0.074  0.074 121
0094  0.120  0.120  0.318  0.074  0.074 129
0095  0.125  0.125  0.321  0.078  0.078 134
0096  0.121  0.121  0.325  0.074  0.074 126
0097  0.116  0.116  0.320  0.071  0.071 122
0098  0.116  0.116  0.299  0.072  0.072 134
0099  0.118  0.118  0.320  0.072  0.072 125
0100  0.106  0.106  0.288  0.065  0.065 125
0101  0.106  0.106  0.290  0.065  0.065 124
0102  0.110  0.110  0.308  0.067  0.067 120
0103  0.115  0.115  0.315  0.071  0.071 124
0104  0.107  0.107  0.308  0.065  0.065 117
0105  0.119  0.119  0.339  0.072  0.072 118
0106  0.112  0.112  0.306  0.069  0.069 124
0107  0.112  0.112  0.309  0.069  0.069 123
0108  0.107  0.107  0.295  0.065  0.065 122
0109  0.100  0.100  0.303  0.060  0.060 109
0110  0.090  0.090  0.265  0.054  0.054 113
0111  0.099  0.099  0.248  0.061  0.061 137
0112  0.104  0.104  0.294  0.063  0.063 119
0113  0.085  0.085  0.257  0.051  0.051 109
0114  0.090  0.090  0.265  0.054  0.054 113
0115  0.078  0.078  0.230  0.047  0.047 113
0116  0.092  0.092  0.261  0.056  0.056 119
0117  0.078  0.078  0.222  0.047  0.047 117
0118  0.085  0.085  0.262  0.051  0.051 107
0119  0.072  0.072  0.214  0.043  0.043 112
0120  0.080  0.080  0.225  0.049  0.049 120
0121  0.083  0.083  0.235  0.051  0.051 119
0122  0.083  0.083  0.233  0.051  0.051 120
0123  0.085  0.085  0.230  0.052  0.052 126
0124  0.086  0.086  0.242  0.052  0.052 120
0125  0.082  0.082  0.250  0.049  0.049 108
0126  0.093  0.093  0.267  0.056  0.056 116
0127  0.068  0.068  0.189  0.042  0.042 122
0128  0.078  0.078  0.232  0.047  0.047 112
0129  0.080  0.080  0.216  0.049  0.049 125
0130  0.081  0.081  0.235  0.049  0.049 115
0131  0.066  0.066  0.191  0.040  0.040 115
0132  0.066  0.066  0.188  0.040  0.040 117
0133  0.072  0.072  0.205  0.043  0.043 117
0134  0.081  0.081  0.239  0.049  0.049 113
0135  0.067  0.067  0.220  0.040  0.040 100
0136  0.074  0.074  0.207  0.045  0.045 121
0137  0.071  0.071  0.202  0.043  0.043 119
0138  0.066  0.066  0.186  0.040  0.040 118
0139  0.067  0.067  0.204  0.040  0.040 108
0140  0.074  0.074  0.210  0.045  0.045 119
0141  0.071  0.071  0.195  0.043  0.043 123
0142  0.078  0.078  0.230  0.047  0.047 113
0143  0.080  0.080  0.220  0.049  0.049 123
0144  0.081  0.081  0.239  0.049  0.049 113
0145  0.080  0.080  0.229  0.049  0.049 118
0146  0.074  0.074  0.205  0.045  0.045 122
0147  0.080  0.080  0.229  0.049  0.049 118
0148  0.069  0.069  0.200  0.042  0.042 115
0149  0.075  0.075  0.221  0.045  0.045 113
0150  0.071  0.071  0.200  0.043  0.043 120
0151  0.076  0.076  0.195  0.047  0.047 133
0152  0.073  0.073  0.187  0.045  0.045 134
0153  0.074  0.074  0.207  0.045  0.045 121
0154  0.068  0.068  0.193  0.042  0.042 119
0155  0.082  0.082  0.212  0.051  0.051 132
0156  0.067  0.067  0.174  0.042  0.042 132
0157  0.064  0.064  0.161  0.040  0.040 137
0158  0.074  0.074  0.200  0.045  0.045 125
0159  0.059  0.059  0.160  0.036  0.036 125
0160  0.060  0.060  0.174  0.036  0.036 115
0161  0.053  0.053  0.137  0.033  0.033 131
0162  0.062  0.062  0.174  0.038  0.038 121
0163  0.056  0.056  0.152  0.034  0.034 125
0164  0.068  0.068  0.189  0.042  0.042 122
0165  0.063  0.063  0.178  0.038  0.038 118
0166  0.063  0.063  0.178  0.038  0.038 118
0167  0.059  0.059  0.165  0.036  0.036 121
0168  0.057  0.057  0.162  0.034  0.034 117
0169  0.060  0.060  0.179  0.036  0.036 112
0170  0.054  0.054  0.157  0.033  0.033 115
0171  0.051  0.051  0.157  0.031  0.031 108
0172  0.042  0.042  0.125  0.025  0.025 112
0173  0.051  0.051  0.142  0.031  0.031 120
