# File: bricks/skew Algorithm = FH-BRIEF  skip 1 tolerance = 5.0
# (time tick) ( F ) ( F all inside) (precision) (recall) (recall all inside) (tracks)
0001  0.868  0.868  0.985  0.775  0.775 403
0002  0.872  0.873  0.990  0.779  0.781 403
0003  0.859  0.860  0.992  0.758  0.759 391
0004  0.841  0.843  0.984  0.734  0.737 382
0005  0.817  0.822  0.978  0.701  0.708 367
0006  0.820  0.825  0.984  0.703  0.710 366
0007  0.818  0.824  0.971  0.707  0.715 373
0008  0.840  0.845  0.987  0.730  0.739 379
0009  0.831  0.836  0.984  0.719  0.727 374
0010  0.820  0.829  0.981  0.705  0.718 368
0011  0.805  0.814  0.972  0.688  0.700 362
0012  0.814  0.826  0.978  0.697  0.715 365
0013  0.765  0.780  0.959  0.637  0.657 340
0014  0.764  0.787  0.967  0.631  0.663 334
0015  0.751  0.776  0.955  0.619  0.654 332
0016  0.737  0.763  0.948  0.604  0.638 326
0017  0.732  0.763  0.953  0.594  0.636 319
0018  0.733  0.767  0.956  0.594  0.640 318
0019  0.731  0.772  0.950  0.594  0.650 320
0020  0.691  0.734  0.936  0.547  0.603 299
0021  0.678  0.724  0.932  0.533  0.592 293
0022  0.678  0.729  0.938  0.531  0.596 290
0023  0.663  0.719  0.942  0.512  0.581 278
0024  0.647  0.711  0.918  0.500  0.580 279
0025  0.645  0.718  0.924  0.496  0.587 275
0026  0.633  0.714  0.935  0.479  0.577 262
0027  0.634  0.718  0.919  0.484  0.590 270
0028  0.632  0.724  0.938  0.477  0.589 260
0029  0.633  0.732  0.935  0.479  0.601 262
0030  0.622  0.721  0.923  0.469  0.592 260
0031  0.631  0.737  0.928  0.479  0.611 264
0032  0.617  0.723  0.919  0.465  0.596 259
0033  0.591  0.697  0.904  0.439  0.567 249
0034  0.576  0.688  0.900  0.424  0.557 241
0035  0.558  0.671  0.882  0.408  0.542 237
0036  0.544  0.667  0.868  0.396  0.542 234
0037  0.547  0.685  0.883  0.396  0.560 230
0038  0.546  0.692  0.875  0.396  0.573 232
0039  0.539  0.690  0.877  0.389  0.569 227
0040  0.531  0.683  0.830  0.391  0.580 241
0041  0.536  0.694  0.872  0.387  0.576 227
0042  0.514  0.676  0.848  0.369  0.563 223
0043  0.506  0.675  0.824  0.365  0.572 227
0044  0.480  0.649  0.787  0.346  0.552 225
0045  0.498  0.679  0.831  0.355  0.575 219
0046  0.485  0.671  0.812  0.346  0.571 218
0047  0.477  0.666  0.823  0.336  0.559 209
0048  0.463  0.650  0.810  0.324  0.543 205
0049  0.465  0.654  0.800  0.328  0.553 210
0050  0.480  0.682  0.843  0.336  0.572 204
0051  0.462  0.663  0.828  0.320  0.553 198
0052  0.438  0.628  0.780  0.305  0.525 200
0053  0.437  0.630  0.772  0.305  0.533 202
0054  0.418  0.610  0.781  0.285  0.500 187
0055  0.420  0.616  0.793  0.285  0.503 184
0056  0.411  0.598  0.737  0.285  0.503 198
0057  0.385  0.568  0.743  0.260  0.460 179
0058  0.388  0.582  0.764  0.260  0.470 174
0059  0.387  0.580  0.756  0.260  0.470 176
0060  0.386  0.576  0.736  0.262  0.473 182
0061  0.361  0.536  0.674  0.246  0.445 187
0062  0.375  0.558  0.718  0.254  0.456 181
0063  0.327  0.493  0.665  0.217  0.391 167
0064  0.347  0.534  0.684  0.232  0.438 174
0065  0.356  0.552  0.705  0.238  0.453 173
0066  0.337  0.532  0.673  0.225  0.441 171
0067  0.351  0.561  0.702  0.234  0.467 171
0068  0.345  0.551  0.682  0.230  0.462 173
0069  0.311  0.508  0.662  0.203  0.412 157
0070  0.322  0.526  0.665  0.213  0.435 164
0071  0.302  0.498  0.662  0.195  0.399 151
0072  0.319  0.523  0.673  0.209  0.427 159
0073  0.322  0.538  0.704  0.209  0.435 152
0074  0.304  0.502  0.638  0.199  0.415 160
0075  0.306  0.509  0.658  0.199  0.415 155
0076  0.309  0.511  0.646  0.203  0.423 161
0077  0.312  0.520  0.675  0.203  0.423 154
0078  0.304  0.510  0.685  0.195  0.407 146
0079  0.304  0.501  0.642  0.199  0.411 159
0080  0.315  0.521  0.658  0.207  0.431 161
0081  0.285  0.474  0.613  0.186  0.386 155
0082  0.289  0.481  0.627  0.188  0.390 153
0083  0.273  0.454  0.587  0.178  0.370 155
0084  0.286  0.477  0.625  0.186  0.386 152
0085  0.264  0.437  0.553  0.174  0.362 161
0086  0.264  0.442  0.588  0.170  0.354 148
0087  0.244  0.406  0.529  0.158  0.329 153
0088  0.249  0.413  0.532  0.162  0.337 156
0089  0.248  0.418  0.570  0.158  0.329 142
0090  0.251  0.423  0.577  0.160  0.333 142
0091  0.269  0.439  0.570  0.176  0.358 158
0092  0.249  0.415  0.562  0.160  0.329 146
0093  0.257  0.423  0.567  0.166  0.337 150
0094  0.240  0.390  0.513  0.156  0.314 156
0095  0.246  0.394  0.532  0.160  0.313 154
0096  0.236  0.384  0.523  0.152  0.303 149
0097  0.247  0.409  0.559  0.158  0.322 145
0098  0.235  0.394  0.513  0.152  0.319 152
0099  0.230  0.395  0.532  0.146  0.315 141
0100  0.215  0.368  0.483  0.139  0.297 147
0101  0.223  0.390  0.541  0.141  0.304 133
0102  0.205  0.347  0.450  0.133  0.282 151
0103  0.218  0.372  0.480  0.141  0.304 150
0104  0.200  0.350  0.468  0.127  0.279 139
0105  0.183  0.310  0.414  0.117  0.248 145
0106  0.198  0.334  0.445  0.127  0.267 146
0107  0.190  0.321  0.466  0.119  0.244 131
0108  0.189  0.324  0.455  0.119  0.251 134
0109  0.145  0.245  0.371  0.090  0.183 124
0110  0.177  0.303  0.432  0.111  0.233 132
0111  0.146  0.247  0.356  0.092  0.189 132
0112  0.138  0.236  0.344  0.086  0.180 128
0113  0.164  0.274  0.423  0.102  0.203 123
0114  0.143  0.239  0.378  0.088  0.175 119
0115  0.117  0.207  0.306  0.072  0.157 121
0116  0.129  0.235  0.377  0.078  0.171 106
0117  0.105  0.187  0.289  0.064  0.138 114
