# File: bricks/move_in Algorithm = FH-BRIEF  skip 1 tolerance = 5.0
# (time tick) ( F ) ( F all inside) (precision) (recall) (recall all inside) (tracks)
0001  0.896  0.896  0.993  0.816  0.816 451
0002  0.878  0.878  0.995  0.785  0.785 433
0003  0.862  0.862  0.988  0.765  0.765 425
0004  0.858  0.858  0.986  0.760  0.760 423
0005  0.839  0.839  0.971  0.738  0.738 417
0006  0.840  0.840  0.988  0.730  0.730 406
0007  0.874  0.874  0.991  0.781  0.781 433
0008  0.846  0.846  0.983  0.743  0.743 415
0009  0.851  0.851  0.986  0.749  0.749 417
0010  0.855  0.855  0.983  0.756  0.756 422
0011  0.842  0.842  0.990  0.732  0.732 406
0012  0.828  0.828  0.985  0.714  0.714 398
0013  0.823  0.823  0.987  0.705  0.706 392
0014  0.843  0.845  0.998  0.730  0.733 402
0015  0.827  0.834  0.985  0.712  0.723 397
0016  0.804  0.811  0.984  0.679  0.689 379
0017  0.820  0.828  0.987  0.701  0.713 390
0018  0.779  0.790  0.975  0.648  0.664 365
0019  0.784  0.797  0.978  0.654  0.672 367
0020  0.779  0.796  0.975  0.648  0.673 365
0021  0.772  0.794  0.983  0.636  0.666 355
0022  0.757  0.780  0.974  0.619  0.650 349
0023  0.759  0.784  0.964  0.627  0.660 357
0024  0.758  0.783  0.969  0.623  0.656 353
0025  0.739  0.766  0.979  0.594  0.629 333
0026  0.732  0.762  0.959  0.592  0.632 339
0027  0.746  0.777  0.982  0.601  0.643 336
0028  0.732  0.763  0.973  0.587  0.628 331
0029  0.715  0.747  0.957  0.570  0.613 327
0030  0.720  0.756  0.966  0.574  0.621 326
0031  0.705  0.744  0.945  0.563  0.613 327
0032  0.707  0.745  0.959  0.559  0.609 320
0033  0.698  0.738  0.962  0.548  0.598 313
0034  0.695  0.737  0.955  0.546  0.600 314
0035  0.682  0.724  0.957  0.530  0.582 304
0036  0.681  0.725  0.948  0.532  0.586 308
0037  0.694  0.739  0.961  0.543  0.601 310
0038  0.671  0.716  0.932  0.525  0.581 309
0039  0.684  0.730  0.951  0.534  0.592 308
0040  0.664  0.709  0.937  0.514  0.571 301
0041  0.674  0.724  0.944  0.525  0.587 305
0042  0.671  0.720  0.947  0.519  0.580 301
0043  0.668  0.721  0.962  0.512  0.576 292
0044  0.671  0.725  0.944  0.521  0.588 303
0045  0.661  0.717  0.946  0.508  0.578 295
0046  0.652  0.708  0.938  0.499  0.568 292
0047  0.653  0.710  0.932  0.503  0.573 296
0048  0.636  0.692  0.933  0.483  0.550 284
0049  0.648  0.708  0.944  0.494  0.566 287
0050  0.630  0.691  0.913  0.481  0.556 289
0051  0.623  0.687  0.938  0.466  0.542 273
0052  0.639  0.706  0.930  0.486  0.569 287
0053  0.647  0.716  0.944  0.492  0.577 286
0054  0.643  0.713  0.928  0.492  0.579 291
0055  0.591  0.662  0.903  0.439  0.523 267
0056  0.611  0.685  0.919  0.457  0.546 273
0057  0.605  0.678  0.899  0.455  0.543 278
0058  0.604  0.678  0.912  0.452  0.539 272
0059  0.583  0.656  0.898  0.432  0.516 264
0060  0.594  0.668  0.897  0.444  0.532 272
0061  0.585  0.659  0.886  0.437  0.525 271
0062  0.583  0.657  0.888  0.434  0.521 268
0063  0.578  0.652  0.890  0.428  0.514 264
0064  0.588  0.663  0.883  0.441  0.531 274
0065  0.576  0.651  0.896  0.424  0.511 260
0066  0.591  0.669  0.887  0.443  0.536 274
0067  0.575  0.653  0.889  0.424  0.515 262
0068  0.584  0.665  0.901  0.432  0.527 263
0069  0.576  0.656  0.886  0.426  0.521 264
0070  0.570  0.652  0.885  0.421  0.516 261
0071  0.569  0.651  0.878  0.421  0.517 263
0072  0.565  0.651  0.890  0.413  0.514 255
0073  0.569  0.657  0.888  0.419  0.522 259
0074  0.571  0.662  0.882  0.423  0.530 263
0075  0.545  0.634  0.889  0.393  0.493 243
0076  0.583  0.678  0.908  0.430  0.541 260
0077  0.558  0.648  0.872  0.410  0.516 258
0078  0.560  0.652  0.882  0.410  0.517 255
0079  0.558  0.653  0.892  0.406  0.515 250
0080  0.551  0.645  0.848  0.408  0.520 264
0081  0.552  0.651  0.894  0.399  0.512 245
0082  0.542  0.639  0.852  0.397  0.512 256
0083  0.526  0.624  0.843  0.383  0.495 249
0084  0.556  0.662  0.888  0.404  0.527 250
0085  0.535  0.639  0.843  0.392  0.514 255
0086  0.541  0.648  0.858  0.395  0.520 253
0087  0.535  0.647  0.879  0.384  0.512 240
0088  0.530  0.645  0.864  0.383  0.515 243
0089  0.533  0.655  0.862  0.386  0.529 246
0090  0.552  0.681  0.898  0.399  0.549 244
0091  0.534  0.663  0.865  0.386  0.537 245
0092  0.514  0.641  0.842  0.370  0.518 241
0093  0.527  0.663  0.873  0.377  0.535 237
0094  0.530  0.669  0.854  0.384  0.549 247
0095  0.518  0.655  0.844  0.373  0.535 243
0096  0.522  0.666  0.865  0.373  0.541 237
0097  0.512  0.657  0.852  0.366  0.535 236
0098  0.522  0.673  0.858  0.375  0.554 240
0099  0.508  0.661  0.831  0.366  0.549 242
0100  0.501  0.654  0.831  0.359  0.540 237
0101  0.514  0.668  0.814  0.375  0.566 253
0102  0.496  0.646  0.801  0.359  0.541 246
0103  0.505  0.662  0.833  0.362  0.549 239
0104  0.526  0.690  0.834  0.384  0.588 253
0105  0.513  0.677  0.845  0.368  0.565 239
0106  0.494  0.654  0.803  0.357  0.551 244
0107  0.507  0.674  0.833  0.364  0.565 240
0108  0.508  0.677  0.837  0.364  0.568 239
0109  0.528  0.704  0.854  0.383  0.598 246
0110  0.510  0.681  0.831  0.368  0.577 243
0111  0.499  0.670  0.837  0.355  0.559 233
0112  0.496  0.664  0.819  0.355  0.559 238
0113  0.494  0.664  0.828  0.352  0.555 233
0114  0.496  0.669  0.839  0.352  0.556 230
0115  0.512  0.691  0.842  0.368  0.586 240
0116  0.484  0.653  0.793  0.348  0.555 241
0117  0.489  0.667  0.844  0.344  0.551 224
0118  0.480  0.653  0.813  0.341  0.545 230
0119  0.467  0.636  0.788  0.332  0.534 231
0120  0.466  0.637  0.794  0.330  0.532 228
0121  0.460  0.633  0.805  0.322  0.522 220
0122  0.459  0.631  0.784  0.324  0.528 227
0123  0.462  0.641  0.802  0.324  0.535 222
0124  0.437  0.611  0.764  0.306  0.509 220
0125  0.440  0.615  0.747  0.311  0.523 229
0126  0.428  0.608  0.765  0.297  0.505 213
0127  0.453  0.643  0.781  0.319  0.547 224
0128  0.442  0.630  0.763  0.311  0.536 224
0129  0.449  0.645  0.789  0.313  0.546 218
0130  0.435  0.629  0.776  0.302  0.529 214
0131  0.433  0.625  0.752  0.304  0.535 222
0132  0.432  0.633  0.781  0.299  0.532 210
0133  0.426  0.630  0.792  0.291  0.523 202
0134  0.409  0.610  0.779  0.277  0.502 195
0135  0.405  0.604  0.743  0.279  0.508 206
0136  0.399  0.603  0.767  0.270  0.497 193
0137  0.397  0.600  0.741  0.271  0.503 201
0138  0.395  0.603  0.780  0.264  0.492 186
0139  0.388  0.590  0.742  0.262  0.490 194
0140  0.402  0.612  0.758  0.273  0.514 198
0141  0.379  0.583  0.737  0.255  0.483 190
0142  0.368  0.572  0.734  0.246  0.469 184
0143  0.350  0.552  0.703  0.233  0.454 182
0144  0.346  0.548  0.704  0.230  0.448 179
0145  0.356  0.566  0.718  0.237  0.468 181
0146  0.361  0.584  0.740  0.239  0.482 177
0147  0.358  0.578  0.730  0.237  0.478 178
0148  0.348  0.567  0.706  0.231  0.474 180
0149  0.352  0.583  0.715  0.233  0.492 179
0150  0.326  0.551  0.692  0.213  0.457 169
0151  0.332  0.560  0.672  0.220  0.480 180
0152  0.330  0.568  0.692  0.217  0.482 172
0153  0.323  0.558  0.669  0.213  0.480 175
0154  0.329  0.573  0.698  0.215  0.486 169
0155  0.308  0.539  0.649  0.202  0.461 171
0156  0.314  0.548  0.628  0.209  0.485 183
0157  0.310  0.548  0.661  0.202  0.468 168
0158  0.317  0.560  0.650  0.209  0.491 177
0159  0.307  0.551  0.659  0.200  0.474 167
0160  0.307  0.551  0.634  0.202  0.487 175
0161  0.295  0.534  0.627  0.193  0.465 169
0162  0.288  0.521  0.587  0.191  0.469 179
0163  0.294  0.538  0.620  0.193  0.475 171
0164  0.285  0.530  0.614  0.186  0.466 166
0165  0.295  0.562  0.671  0.189  0.484 155
0166  0.287  0.542  0.606  0.188  0.490 170
0167  0.289  0.555  0.632  0.188  0.495 163
0168  0.292  0.562  0.634  0.189  0.505 164
0169  0.278  0.532  0.567  0.184  0.500 178
0170  0.274  0.534  0.590  0.179  0.488 166
0171  0.294  0.577  0.636  0.191  0.528 165
0172  0.259  0.511  0.550  0.169  0.477 169
0173  0.255  0.508  0.555  0.166  0.469 164
0174  0.258  0.512  0.544  0.169  0.484 171
0175  0.259  0.515  0.550  0.169  0.484 169
0176  0.254  0.503  0.526  0.168  0.482 175
0177  0.244  0.500  0.555  0.157  0.455 155
0178  0.252  0.513  0.563  0.162  0.471 158
0179  0.244  0.494  0.527  0.158  0.465 165
0180  0.228  0.468  0.506  0.148  0.435 160
0181  0.237  0.486  0.522  0.153  0.454 161
0182  0.230  0.474  0.503  0.149  0.448 163
0183  0.246  0.510  0.547  0.158  0.478 159
0184  0.235  0.491  0.532  0.151  0.456 156
0185  0.233  0.487  0.526  0.149  0.453 156
0186  0.228  0.485  0.526  0.146  0.449 152
0187  0.218  0.468  0.517  0.138  0.427 147
0188  0.222  0.475  0.527  0.140  0.433 146
0189  0.218  0.461  0.490  0.140  0.435 157
0190  0.220  0.477  0.513  0.140  0.445 150
0191  0.207  0.457  0.490  0.131  0.429 147
0192  0.197  0.439  0.460  0.126  0.421 150
0193  0.193  0.435  0.459  0.122  0.414 146
0194  0.191  0.441  0.465  0.120  0.420 142
0195  0.195  0.459  0.489  0.122  0.432 137
0196  0.185  0.430  0.444  0.117  0.416 144
0197  0.183  0.438  0.481  0.113  0.403 129
0198  0.169  0.399  0.417  0.106  0.382 139
0199  0.173  0.413  0.437  0.107  0.391 135
0200  0.155  0.372  0.393  0.097  0.353 135
0201  0.134  0.333  0.369  0.082  0.304 122
0202  0.150  0.367  0.383  0.093  0.352 133
0203  0.145  0.348  0.350  0.091  0.347 143
0204  0.149  0.370  0.378  0.093  0.362 135
0205  0.130  0.326  0.338  0.080  0.314 130
0206  0.130  0.321  0.315  0.082  0.328 143
0207  0.121  0.306  0.313  0.075  0.299 131
0208  0.110  0.288  0.301  0.067  0.276 123
0209  0.110  0.292  0.303  0.067  0.282 122
0210  0.114  0.309  0.330  0.069  0.290 115
0211  0.112  0.290  0.290  0.069  0.290 131
0212  0.108  0.281  0.274  0.067  0.289 135
0213  0.114  0.311  0.325  0.069  0.299 117
0214  0.108  0.294  0.305  0.066  0.283 118
0215  0.114  0.313  0.325  0.069  0.302 117
0216  0.110  0.294  0.294  0.067  0.294 126
0217  0.111  0.310  0.322  0.067  0.298 115
0218  0.107  0.298  0.295  0.066  0.300 122
0219  0.106  0.300  0.307  0.064  0.294 114
0220  0.110  0.307  0.296  0.067  0.319 125
0221  0.094  0.263  0.242  0.058  0.288 132
0222  0.090  0.265  0.252  0.055  0.280 119
0223  0.086  0.249  0.228  0.053  0.274 127
0224  0.084  0.249  0.231  0.051  0.269 121
0225  0.089  0.264  0.234  0.055  0.303 128
0226  0.069  0.220  0.198  0.042  0.247 116
0227  0.069  0.221  0.195  0.042  0.256 118
0228  0.071  0.223  0.186  0.044  0.279 129
0229  0.075  0.249  0.210  0.046  0.305 119
0230  0.074  0.244  0.198  0.046  0.316 126
0231  0.066  0.228  0.191  0.040  0.282 115
0232  0.056  0.190  0.151  0.035  0.257 126
0233  0.053  0.177  0.137  0.033  0.250 131
0234  0.051  0.181  0.147  0.031  0.236 116
0235  0.048  0.175  0.140  0.029  0.232 114
0236  0.046  0.174  0.144  0.027  0.221 104
0237  0.045  0.168  0.133  0.027  0.227 113
0238  0.040  0.149  0.119  0.024  0.200 109
0239  0.039  0.144  0.111  0.024  0.206 117
0240  0.045  0.169  0.130  0.027  0.242 115
0241  0.043  0.167  0.128  0.026  0.237 109
0242  0.039  0.156  0.117  0.024  0.232 111
0243  0.030  0.126  0.093  0.018  0.192 107
0244  0.028  0.118  0.088  0.016  0.176 102
0245  0.027  0.107  0.074  0.016  0.191 122
0246  0.036  0.147  0.103  0.022  0.255 116
0247  0.039  0.166  0.116  0.024  0.289 112
0248  0.030  0.123  0.084  0.018  0.227 119
0249  0.031  0.139  0.100  0.018  0.227 100
0250  0.022  0.104  0.077  0.013  0.163 91
0251  0.024  0.103  0.071  0.015  0.186 112
0252  0.015  0.068  0.048  0.009  0.119 105
0253  0.018  0.082  0.057  0.011  0.146 106
0254  0.022  0.104  0.074  0.013  0.175 95
0255  0.015  0.073  0.050  0.009  0.135 100
0256  0.018  0.083  0.056  0.011  0.162 108
0257  0.019  0.090  0.063  0.011  0.162 96
0258  0.012  0.059  0.040  0.007  0.114 101
0259  0.012  0.060  0.040  0.007  0.118 99
0260  0.013  0.064  0.044  0.007  0.118 91
0261  0.006  0.031  0.021  0.004  0.059 97
0262  0.006  0.030  0.020  0.004  0.059 99
0263  0.006  0.033  0.023  0.004  0.059 86
0264  0.000  0.000  0.000  0.000  0.000 100
0265  0.006  0.031  0.020  0.004  0.065 98
0266  0.003  0.015  0.010  0.002  0.032 104
0267  0.000  0.000  0.000  0.000  0.000 94
