# File: bricks/rotate Algorithm = FH-BRIEF  skip 4 tolerance = 5.0
# (time tick) ( F ) ( F all inside) (precision) (recall) (recall all inside) (tracks)
0004  0.818  0.834  0.965  0.710  0.733 376
0008  0.772  0.789  0.968  0.642  0.667 339
0012  0.668  0.690  0.927  0.523  0.550 288
0016  0.570  0.602  0.874  0.423  0.459 247
0020  0.529  0.570  0.863  0.382  0.425 226
0024  0.522  0.573  0.843  0.378  0.434 229
0028  0.505  0.566  0.837  0.362  0.427 221
0032  0.499  0.565  0.814  0.360  0.432 226
0036  0.487  0.557  0.845  0.342  0.415 207
0040  0.495  0.565  0.809  0.356  0.435 225
0044  0.550  0.647  0.876  0.401  0.513 234
0048  0.684  0.792  0.926  0.542  0.692 299
0052  0.685  0.789  0.930  0.542  0.685 298
0056  0.615  0.715  0.883  0.472  0.601 273
0060  0.604  0.700  0.903  0.454  0.572 257
0064  0.649  0.756  0.897  0.509  0.654 290
0068  0.684  0.802  0.939  0.538  0.701 293
0072  0.674  0.790  0.957  0.521  0.673 278
0076  0.572  0.684  0.885  0.423  0.557 244
0080  0.457  0.530  0.792  0.321  0.398 207
0084  0.501  0.576  0.847  0.356  0.437 215
0088  0.503  0.585  0.833  0.360  0.451 221
0092  0.503  0.576  0.843  0.358  0.438 217
0096  0.496  0.558  0.806  0.358  0.427 227
0100  0.631  0.684  0.925  0.479  0.542 265
0104  0.772  0.825  0.976  0.638  0.715 334
0108  0.795  0.810  0.972  0.673  0.695 354
0112  0.812  0.829  0.981  0.693  0.718 361
0116  0.788  0.805  0.974  0.661  0.686 347
0120  0.815  0.818  0.978  0.699  0.703 365
0124  0.820  0.837  0.989  0.701  0.726 362
