# File: bricks/skew Algorithm = FH-BRIEF  skip 4 tolerance = 5.0
# (time tick) ( F ) ( F all inside) (precision) (recall) (recall all inside) (tracks)
0004  0.841  0.843  0.984  0.734  0.737 382
0008  0.840  0.845  0.987  0.730  0.739 379
0012  0.814  0.826  0.978  0.697  0.715 365
0016  0.737  0.763  0.948  0.604  0.638 326
0020  0.691  0.734  0.936  0.547  0.603 299
0024  0.647  0.711  0.918  0.500  0.580 279
0028  0.632  0.724  0.938  0.477  0.589 260
0032  0.617  0.723  0.919  0.465  0.596 259
0036  0.544  0.667  0.868  0.396  0.542 234
0040  0.531  0.683  0.830  0.391  0.580 241
0044  0.480  0.647  0.783  0.346  0.552 226
0048  0.463  0.650  0.810  0.324  0.543 205
0052  0.438  0.628  0.780  0.305  0.525 200
0056  0.411  0.598  0.737  0.285  0.503 198
0060  0.386  0.576  0.736  0.262  0.473 182
0064  0.347  0.534  0.684  0.232  0.438 174
0068  0.345  0.551  0.682  0.230  0.462 173
0072  0.319  0.522  0.673  0.209  0.426 159
0076  0.309  0.510  0.646  0.203  0.421 161
0080  0.315  0.520  0.658  0.207  0.429 161
0084  0.286  0.476  0.625  0.186  0.385 152
0088  0.249  0.412  0.532  0.162  0.336 156
0092  0.249  0.414  0.562  0.160  0.328 146
0096  0.236  0.383  0.523  0.152  0.302 149
0100  0.215  0.367  0.483  0.139  0.296 147
0104  0.200  0.349  0.468  0.127  0.278 139
0108  0.189  0.323  0.455  0.119  0.250 134
0112  0.138  0.235  0.344  0.086  0.179 128
0116  0.129  0.234  0.377  0.078  0.170 106
