# File: bricks/rotate Algorithm = FH-BRIEF  skip 8 tolerance = 5.0
# (time tick) ( F ) ( F all inside) (precision) (recall) (recall all inside) (tracks)
0008  0.772  0.788  0.968  0.642  0.664 339
0016  0.570  0.601  0.874  0.423  0.457 247
0024  0.522  0.572  0.843  0.378  0.433 229
0032  0.499  0.565  0.814  0.360  0.432 226
0040  0.495  0.564  0.809  0.356  0.433 225
0048  0.684  0.791  0.926  0.542  0.690 299
0056  0.615  0.713  0.883  0.472  0.598 273
0064  0.649  0.751  0.897  0.509  0.646 290
0072  0.674  0.785  0.957  0.521  0.666 278
0080  0.457  0.531  0.792  0.321  0.399 207
0088  0.503  0.583  0.833  0.360  0.449 221
0096  0.496  0.553  0.806  0.358  0.421 227
0104  0.772  0.823  0.976  0.638  0.712 334
0112  0.812  0.829  0.981  0.693  0.717 361
0120  0.815  0.817  0.978  0.699  0.701 365
