# File: bricks/move_out Algorithm = FH-BRIEF  skip 8 tolerance = 5.0
# (time tick) ( F ) ( F all inside) (precision) (recall) (recall all inside) (tracks)
0008  0.696  0.696  0.950  0.550  0.550 320
0016  0.556  0.556  0.902  0.401  0.401 246
0024  0.501  0.501  0.885  0.349  0.349 218
0032  0.385  0.385  0.753  0.259  0.259 190
0040  0.328  0.328  0.707  0.213  0.213 167
0048  0.281  0.281  0.656  0.179  0.179 151
0056  0.238  0.238  0.531  0.154  0.154 160
0064  0.203  0.203  0.483  0.128  0.128 147
0072  0.173  0.173  0.429  0.108  0.108 140
0080  0.152  0.152  0.391  0.094  0.094 133
0088  0.135  0.135  0.357  0.083  0.083 129
0096  0.121  0.121  0.325  0.074  0.074 126
0104  0.107  0.107  0.308  0.065  0.065 117
0112  0.104  0.104  0.294  0.063  0.063 119
0120  0.080  0.080  0.225  0.049  0.049 120
0128  0.078  0.078  0.232  0.047  0.047 112
0136  0.074  0.074  0.207  0.045  0.045 121
0144  0.081  0.081  0.239  0.049  0.049 113
0152  0.073  0.073  0.187  0.045  0.045 134
0160  0.060  0.060  0.174  0.036  0.036 115
0168  0.057  0.057  0.162  0.034  0.034 117
