# GENERATOR ObjectTrackingRegression
# F TP TN FP FN Overlap
01_david 0.953 0693 0000 0068 0000 0.574
02_jumping 0.944 0280 0000 0002 0031 0.549
03_pedestrian1 0.777 0089 0000 0006 0045 0.455
04_pedestrian2 0.923 0228 0072 0001 0037 0.803
05_pedestrian3 0.933 0147 0016 0015 0006 0.825
06_car 0.929 0818 0002 0098 0027 0.807
07_motocross 0.780 1155 0857 0581 0072 0.493
08_volkswagen 0.859 4863 2113 1516 0084 0.657
09_carchase 0.216 1151 0402 6672 1703 0.442
10_panda 0.272 0473 0000 2377 0150 0.358
