# GENERATOR ObjectTrackingRegression
# F TP TN FP FN Overlap
cliffbar 0.961 0061 0000 0004 0001 0.576
coke11 0.703 0032 0000 0027 0000 0.345
david 0.967 0087 0000 0006 0000 0.463
dollar 1.000 0066 0000 0000 0000 0.887
faceocc 0.997 0177 0000 0000 0001 0.837
faceocc2 0.972 0154 0000 0009 0000 0.668
girl 0.872 0078 0000 0022 0001 0.479
surfer 1.000 0076 0000 0000 0000 0.638
sylv 0.951 0244 0000 0025 0000 0.692
tiger1 0.521 0025 0000 0035 0011 0.384
tiger2 0.322 0014 0000 0055 0004 0.263
twinings 0.738 0055 0000 0039 0000 0.406
