# GENERATOR ObjectTrackingRegression
# F TP TN FP FN Overlap
01_david 0.005 0002 0000 0001 0758 0.877
02_jumping 0.086 0014 0000 0001 0298 0.843
03_pedestrian1 0.121 0009 0000 0001 0130 0.463
04_pedestrian2 0.086 0012 0072 0001 0253 0.831
05_pedestrian3 0.257 0023 0028 0001 0132 0.708
06_car 0.385 0205 0085 0001 0654 0.847
07_motocross 0.001 0001 1253 0001 1410 0.939
08_volkswagen 0.059 0156 3435 0001 4984 0.554
09_carchase 0.015 0066 1268 0001 8593 0.863
10_panda 0.049 0068 0270 0120 2542 0.418
