# GENERATOR ObjectTrackingRegression
# F TP TN FP FN Overlap
cliffbar 0.390 0016 0000 0000 0050 0.637
coke11 0.361 0013 0000 0038 0008 0.282
david 0.500 0031 0000 0001 0061 0.693
dollar 1.000 0066 0000 0000 0000 0.790
faceocc 0.817 0123 0000 0000 0055 0.775
faceocc2 0.624 0074 0000 0000 0089 0.846
girl 0.058 0003 0000 0000 0098 0.824
surfer 0.100 0004 0000 0000 0072 0.796
sylv 0.584 0111 0000 0000 0158 0.729
tiger1 0.055 0002 0000 0000 0069 0.895
tiger2 0.175 0007 0000 0000 0066 0.718
twinings 0.576 0038 0000 0000 0056 0.725
