left01.jpg 24 354.699097 107.133255 394.597046 104.417038 434.312164 101.927101 473.066406 100.269424 357.042175 139.640717 398.712738 136.663666 440.169037 134.200317 480.510315 132.171295 359.327240 175.258652 402.876129 172.282318 446.082062 169.410507 488.034729 167.179932 361.734589 214.232895 407.075104 210.903931 452.002106 208.108093 495.449707 205.389053 364.070465 256.483276 411.169006 253.245300 457.703796 249.974228 502.684204 246.932587 366.363098 301.779694 414.970978 298.600861 463.151123 294.986725 509.450836 291.282501 
left02.jpg 24 249.236267 84.795593 284.169342 82.085861 319.771576 79.741608 355.427124 78.052155 249.271378 117.542641 284.951050 114.951439 321.295227 112.759842 357.719208 111.001686 249.487045 151.940887 285.764038 149.516739 322.836548 147.369583 359.924927 145.662140 249.995880 187.605591 286.737061 185.436066 324.399902 183.477127 362.019714 181.770325 250.676834 224.640991 287.812836 222.770828 325.899902 220.931824 364.024811 219.179977 251.537674 262.366302 289.050232 260.819275 327.369720 259.100281 365.800110 257.407166 
left03.jpg 24 481.710175 190.881973 513.620789 193.923599 544.822937 196.910431 574.553162 200.057724 480.871033 223.991180 513.219299 226.765350 544.677063 229.615234 574.886780 232.379608 479.262299 257.967773 511.956329 260.593079 543.794678 263.073242 574.228088 265.515015 477.286621 292.565979 510.270203 294.885895 542.347534 297.151245 573.157349 299.183197 474.624756 327.495056 507.791718 329.719635 540.120361 331.572479 571.139832 333.243958 471.425262 362.610229 504.842163 364.481110 537.307434 366.038330 568.195190 367.357300 
left04.jpg 24 389.485504 183.103577 422.348602 184.669235 454.603577 186.107468 485.869934 187.742081 390.954834 207.211472 425.216797 208.570175 458.913055 210.025970 491.395386 211.407379 392.258148 233.496613 428.116577 234.797180 463.296051 235.975891 497.107361 237.327133 393.574402 262.453430 431.124451 263.329071 467.805542 264.541565 502.946045 265.485229 394.899231 293.960327 434.057129 294.939758 472.293335 295.614349 508.856323 296.291107 395.904816 328.512451 436.938599 329.202545 476.818848 329.423492 514.757996 329.558014 
left05.jpg 24 313.861084 125.198776 347.161438 115.462616 379.024750 106.362740 409.163696 98.097191 329.372589 149.967087 363.677338 139.323303 396.473206 129.417664 427.277557 120.325386 346.167725 177.147552 381.538452 165.499741 415.121735 154.531296 446.465027 144.585098 364.316895 206.888062 400.591980 193.888992 434.849335 182.002274 466.630249 170.867889 383.789764 239.278748 421.020050 225.108261 455.801819 211.758331 488.007141 199.448608 404.491211 274.368347 442.369202 258.691498 477.741760 243.707886 510.046936 230.027359 
left06.jpg 24 321.225006 144.547729 355.716553 152.901825 388.722717 161.074692 419.489380 169.018829 318.747131 179.468811 354.332458 187.158325 388.178040 194.732330 419.733154 201.949951 316.128906 216.493881 352.700867 223.497971 387.395996 230.158356 419.634399 236.531494 313.326202 255.473206 350.870361 261.453003 386.257294 267.290283 419.235718 272.607971 310.536224 296.063354 348.776978 301.197815 384.822540 305.800873 418.317535 309.985046 307.487427 337.858276 346.355743 341.799377 383.122559 345.290283 417.074158 348.184113 
left07.jpg 24 444.639221 184.278381 475.646271 180.738968 508.451904 176.920059 542.138000 173.214554 443.125366 217.161194 474.972260 214.388367 508.283844 211.607117 543.082825 208.684509 441.044891 251.287811 473.392914 249.583069 507.494843 247.672089 543.011475 245.790161 438.565735 286.498993 471.310486 285.762329 505.873230 285.169800 541.832031 284.239960 435.413879 322.526978 468.614777 323.148010 503.601563 323.519287 539.972900 323.742676 431.921661 358.940552 465.273132 360.840271 500.392181 362.513367 537.227844 363.780151 
left08.jpg 24 374.975922 156.940002 402.666840 149.391617 431.839905 141.386734 462.310242 133.336533 375.538879 186.400482 404.067017 179.343628 434.135925 172.111206 465.599609 164.473877 376.105865 217.299789 405.257599 211.062607 436.167999 204.346375 468.589874 197.632446 376.576447 249.370636 406.245789 243.967804 437.948486 238.384842 471.154236 232.366379 376.700012 282.784912 407.017487 278.544189 439.447937 273.772034 473.316833 268.836731 376.749512 317.097992 407.528290 313.919312 440.289398 310.424713 474.996704 306.470551 
left09.jpg 24 271.321106 128.965088 313.670410 126.340828 356.982178 124.146790 400.020905 122.664200 275.162415 170.232025 316.772919 167.984116 359.178528 166.198639 401.473022 164.675323 278.908356 210.067856 319.596527 208.325623 361.084137 206.665802 402.411987 205.226746 282.754944 247.989471 322.333557 246.704163 362.718201 245.254227 402.951416 243.848160 286.372742 283.995697 324.849548 283.047729 363.984680 281.742584 403.080078 280.525818 289.878174 317.606323 327.169006 316.939941 365.103943 316.153870 402.904724 314.807526 
left10.jpg 24 248.370712 169.427078 291.097809 167.405457 334.138062 165.670441 376.501892 164.450012 249.345123 211.755402 292.839142 209.687073 336.651489 207.863708 379.648438 206.222961 250.682556 255.395172 294.739838 253.405640 339.060364 251.336365 382.630768 249.346954 252.464996 299.701599 296.762115 297.733002 341.362854 295.618591 385.191711 293.232849 254.439957 344.312561 298.876495 342.544464 343.540009 340.128235 387.425720 337.368408 256.788025 388.295807 301.032349 386.579224 345.575623 384.130798 389.306824 381.020325 
left11.jpg 24 370.174500 153.642197 414.575104 155.897980 457.419434 158.422241 497.664246 161.223206 370.425812 198.949936 415.487457 200.508560 459.040771 202.385010 499.745422 204.276932 370.198914 245.618332 415.819702 246.656433 459.752686 247.501236 501.084229 248.515533 369.701935 293.102478 415.625244 293.352966 459.693604 293.433441 501.264404 293.294312 368.940186 340.576538 414.886322 340.248169 459.008759 339.413055 500.351074 338.215820 367.694427 387.155457 413.372681 386.205750 457.382141 384.756683 498.620667 382.491852 
right01.jpg 24 196.980743 105.073631 234.698730 99.917816 274.298035 94.866623 314.826721 90.510757 192.396942 137.257187 231.681396 132.218430 272.894714 127.486679 315.370728 123.089859 187.711456 172.472595 228.526871 167.863312 271.519714 163.291931 315.921356 159.221786 183.246964 210.783707 225.450287 206.629593 270.280396 202.776382 316.593506 198.864105 178.928482 252.222794 222.619141 249.074951 269.053009 245.705170 317.204254 242.350922 175.051788 296.692993 220.064545 294.544128 267.915344 291.957275 317.887451 289.169800 
right02.jpg 24 118.470840 88.098587 148.955078 83.730118 181.257385 79.414330 214.759720 75.511429 116.172882 119.689140 147.154266 115.661331 179.958649 111.843880 214.115555 108.304352 114.300842 152.672455 145.695190 149.184631 178.909027 145.769562 213.661194 142.632080 112.901672 186.833252 144.627838 183.895508 178.404617 181.082306 213.573563 178.409607 112.239227 222.021027 144.222870 219.832901 178.328674 217.653000 213.868820 215.459885 112.186043 257.927124 144.389359 256.584961 178.556244 255.044662 214.495300 253.423782 
right03.jpg 24 350.011047 184.439407 384.915955 186.746155 420.021576 189.196793 454.860199 191.904877 346.998627 218.795288 382.415344 221.305679 418.049683 223.999817 453.358276 226.672470 343.752136 254.153442 379.569366 256.954041 415.639679 259.596283 451.357178 262.351563 340.492615 290.016663 376.549896 292.987488 412.931274 295.882324 448.897522 298.576416 336.951721 326.336639 373.159088 329.537354 409.730652 332.520386 445.838806 335.191986 333.345642 362.543274 369.562164 365.918884 406.177582 369.091309 442.391541 371.618622 
right04.jpg 24 257.302307 178.859329 290.573120 179.456497 324.539734 180.145508 358.514526 181.078430 252.445557 203.036316 287.286438 203.730530 322.810516 204.672867 358.427490 205.547440 247.281799 229.488144 283.661438 230.514771 320.879730 231.361588 358.196777 232.557297 241.837524 258.476044 279.834320 259.491699 318.807617 260.895081 357.821747 262.005737 236.002533 290.035034 275.670227 291.661591 316.519958 293.148865 357.395569 294.518799 229.915390 324.577362 271.319763 326.678253 313.877502 328.288025 356.789307 329.717590 
right05.jpg 24 171.177994 124.384445 205.063507 113.225800 238.762512 102.356941 271.874268 92.315964 179.489136 148.236832 214.813477 136.198578 250.154739 124.751343 284.574036 113.921005 188.761063 174.467773 225.790100 161.683075 262.572632 149.287292 298.528168 137.779160 199.351501 203.420029 237.936462 189.594025 276.421143 176.503235 313.707031 163.985046 211.201019 235.269043 251.628418 220.663742 291.619324 206.427872 330.367615 192.927109 224.608032 270.300537 266.712158 254.690582 308.345093 239.195801 348.416718 224.522339 
right06.jpg 24 173.843353 143.157715 209.504120 149.960342 245.010162 156.783661 279.573578 163.769608 167.493469 177.453476 204.221451 183.957428 240.722153 190.636353 276.281647 197.178711 161.316376 213.566299 198.972534 219.925323 236.481491 226.134674 272.898438 232.330688 155.547073 251.368530 194.056702 257.302185 232.309647 263.287903 269.524536 268.898132 150.163025 290.567169 189.361786 296.378235 228.311035 301.688965 266.274536 306.790192 145.291504 330.834900 185.022308 336.174072 224.639191 341.093628 263.012390 345.421143 
right07.jpg 24 309.047333 178.525543 336.925964 173.911026 367.328613 168.845367 400.000366 163.692154 304.649017 212.282501 332.970520 208.886902 363.810455 205.346649 397.373413 201.427643 300.061005 247.296463 328.693726 245.416595 360.013397 243.265961 394.063995 241.147186 295.533447 283.257751 324.185120 282.969849 355.872009 282.777374 390.402008 282.210175 290.837891 319.924805 319.563904 321.542297 351.477539 323.087341 386.169128 324.516174 286.266693 357.033447 315.033691 360.400940 346.642883 363.749939 381.482239 367.209381 
right08.jpg 24 249.246185 152.760254 272.689514 144.332687 298.422272 134.872604 325.772644 125.414841 246.882462 182.343719 270.908234 174.522171 297.015533 166.312943 325.345306 157.411835 244.595901 213.332733 268.946930 206.595581 295.632813 199.286407 324.726593 191.552032 242.524536 245.416290 267.135651 239.856720 294.394226 234.041931 324.043915 227.477753 240.424774 278.817017 265.371674 274.790039 293.119415 270.249390 323.257782 265.312866 238.601456 313.167236 263.813110 310.655762 291.629181 307.658569 322.418762 304.398560 
right09.jpg 24 112.731895 131.066910 148.663742 126.593903 187.191269 122.184662 227.845230 118.290329 119.040283 170.075134 154.525116 166.659607 192.565292 163.412903 232.626160 160.291443 125.706177 207.974777 160.759338 205.578506 198.193390 203.237366 237.500870 200.930817 133.001282 244.231934 167.282654 242.830948 204.076019 241.346619 242.488052 239.764160 140.297928 278.940063 174.114563 278.409058 210.000046 277.512665 247.495728 276.675537 147.874786 311.532471 180.889587 311.615784 215.895889 311.706757 252.408951 311.303772 
right10.jpg 24 92.208763 170.255051 128.936890 167.081848 168.087936 163.844833 208.608261 160.996078 90.667145 210.214722 128.131378 207.497833 167.715836 204.975891 208.902405 202.446991 90.193726 251.228180 127.946960 249.340881 168.010788 247.278442 209.746262 245.285248 90.640701 292.937317 128.576935 291.703003 168.987091 290.530457 211.024261 288.951477 92.151947 334.931854 130.250092 334.728455 170.760834 333.934937 212.989410 333.005371 94.587189 376.475281 132.675568 377.106873 173.145645 377.174774 215.399399 376.581329 
right11.jpg 24 189.966217 150.872070 234.352097 151.033295 280.010529 151.434921 325.672394 152.575150 187.225479 195.564178 232.413986 195.965057 278.749115 196.707397 325.232300 197.534210 185.103836 241.611725 230.745361 242.484482 277.625153 243.175247 324.697754 244.080246 183.928024 288.255432 229.583313 289.428162 276.777313 290.534851 323.984558 291.177002 183.244904 335.043945 229.014282 336.695190 276.130127 337.701904 323.331116 338.402039 183.478027 380.920898 228.892242 382.929108 275.658325 384.247528 322.588379 384.774689 
