# GENERATOR FitPolylineRegression
# Elapsed time in milliseconds

SplitMerge_Global
                              N       Mean      P05      P50      P95      MAX
  border01                      7  5.97617  1.21389  1.93816  12.6488  18.3932
  border02                      4  2.96967   2.4044  2.41983  2.96819  4.08627
  concave                       8  3.52931  1.63949  2.68572  3.54898  9.70316
  quadrilaterals01              7  2.98281   2.3038  2.96957  3.68104  3.95121
  set01                         9  .783479  .335388  .448496  1.34834  2.17869
  set02                         9  .771117  .516467  .702009  1.04959  1.11402
  set03                         9  1.00399  .762869  1.05434  1.10785  1.15996
  set04                        10  .222062  .120988  .224595  .278355  .331255

SplitMerge_Local
                              N       Mean      P05      P50      P95      MAX
  border01                      7  22.8868  3.29773   27.324  28.7657   33.545
  border02                      4  16.8851  12.4554  13.2758  17.4206  24.3885
  concave                       8  9.77675   6.1778  8.52652  13.3969  13.9536
  quadrilaterals01              7  3.10873  2.00282  3.08041  3.93862  4.01604
  set01                         9  6.18601  4.59119  5.60099  8.27765  9.61816
  set02                         9  3.31639  2.15266  3.35622  4.14522  4.62288
  set03                         9  2.49069  1.75421  2.58933  2.98413  3.02038
  set04                        10  .676032   .52258  .699197  .748992  .762098

SplitMergeOld_Global
                              N       Mean      P05      P50      P95      MAX
  border01                      7  14.3523  2.15936  5.34053  18.9951  57.0641
  border02                      4  5.29355  3.68598  5.03096  5.82991  6.62735
  concave                       8  11.1626  1.99923  5.83962  16.4772  32.8775
  quadrilaterals01              7   8.5507  2.82667  4.64454  11.4481  29.5007
  set01                         9  11.3122  1.04029  3.17135  29.7629  43.1111
  set02                         9  7.23279  .478025  1.65531  17.3098  39.3951
  set03                         9   3.8097  .868713  1.98534  6.90209  9.34003
  set04                        10  1.19024  .749792  .962428  1.77636  1.90129

SplitMergeOld_Local
                              N       Mean      P05      P50      P95      MAX
  border01                      7  112.084   17.962  141.175   158.05  171.603
  border02                      4  72.3219  42.2864  67.2713   84.185  95.5451
  concave                       8  27.6164  16.3978  18.6088   45.618  48.0811
  quadrilaterals01              7   57.614  5.53864  18.1917  54.2434  261.364
  set01                         9  289.174  94.2854  187.247  485.151   671.63
  set02                         9  41.1416  15.1591  30.6052  58.1195  102.558
  set03                         9  45.1693  22.7536  46.0367  64.4135  74.5189
  set04                        10  14.2272  8.74886  12.4359  16.0188  25.7815

Summary:
                              N       Mean      P05      P50      P95      MAX
  SplitMerge_Global            63  2.03292  .196607  1.08597  4.08627  18.3932
  SplitMerge_Local             63  7.02255  .644757  3.76171  25.5893   33.545
  SplitMergeOld_Global         63   7.6808  .749792  3.22889  29.7629  57.0641
  SplitMergeOld_Local          63   82.853  9.70864  42.2864  261.364   671.63
