# list of hand selected 2D points
393.91891891891890000000 120.13513513513513000000
427.97297297297297000000 114.72972972972973000000
425.13513513513510000000 151.89189189189187000000
389.72972972972970000000 155.13513513513513000000
465.94594594594594000000 110.54054054054053000000
503.91891891891890000000 104.86486486486486000000
502.83783783783780000000 143.10810810810810000000
463.78378378378375000000 147.29729729729730000000
546.35135135135140000000 100.00000000000000000000
588.51351351351340000000 94.72972972972973000000
588.24324324324320000000 134.86486486486487000000
545.54054054054050000000 139.05405405405403000000
543.64864864864860000000 182.02702702702703000000
586.89189189189190000000 179.05405405405403000000
585.94594594594590000000 222.70270270270268000000
542.02702702702700000000 224.18918918918916000000
500.00000000000000000000 184.72972972972970000000
496.75675675675670000000 227.02702702702700000000
456.62162162162160000000 228.10810810810810000000
459.59459459459460000000 187.70270270270268000000
421.21621621621620000000 190.40540540540540000000
416.75675675675670000000 230.13513513513513000000
380.67567567567570000000 231.62162162162160000000
385.13513513513510000000 194.05405405405403000000
375.67567567567570000000 274.05405405405406000000
412.16216216216213000000 272.83783783783780000000
407.83783783783780000000 315.13513513513510000000
371.08108108108104000000 314.05405405405406000000
452.43243243243240000000 272.97297297297297000000
492.97297297297297000000 271.89189189189190000000
490.27027027027026000000 316.35135135135135000000
448.24324324324320000000 315.94594594594594000000
538.78378378378370000000 271.08108108108110000000
584.32432432432430000000 270.13513513513510000000
582.16216216216220000000 317.02702702702703000000
536.08108108108100000000 316.48648648648646000000
532.29729729729730000000 366.75675675675670000000
578.91891891891880000000 367.97297297297297000000
575.94594594594590000000 416.62162162162160000000
528.37837837837830000000 413.51351351351350000000
485.94594594594594000000 363.91891891891890000000
480.94594594594594000000 410.00000000000000000000
438.64864864864865000000 405.94594594594594000000
443.64864864864865000000 362.02702702702703000000
403.24324324324320000000 359.72972972972974000000
397.02702702702703000000 402.56756756756755000000
360.27027027027026000000 399.05405405405406000000
365.54054054054050000000 357.70270270270270000000
