# list of hand selected 2D points
65.92592592592592000000 135.30864197530866000000
93.20987654320989000000 125.30864197530865000000
91.85185185185186000000 160.49382716049382000000
63.58024691358025000000 168.88888888888889000000
125.06172839506173000000 114.81481481481482000000
156.41975308641975000000 104.56790123456791000000
155.30864197530866000000 140.86419753086420000000
123.82716049382717000000 150.61728395061730000000
191.72839506172840000000 93.58024691358025000000
227.53086419753086000000 82.34567901234568000000
227.77777777777780000000 120.24691358024693000000
191.72839506172840000000 130.74074074074073000000
191.85185185185185000000 171.97530864197532000000
229.01234567901236000000 162.59259259259260000000
229.62962962962965000000 204.56790123456790000000
191.85185185185185000000 212.96296296296296000000
121.85185185185186000000 190.49382716049382000000
155.18518518518520000000 181.72839506172840000000
154.07407407407408000000 221.85185185185185000000
121.35802469135803000000 229.62962962962965000000
61.21621621621621000000 207.29729729729730000000
89.59459459459460000000 199.05405405405403000000
88.78378378378378000000 237.70270270270268000000
59.72972972972972600000 244.45945945945945000000
58.27160493827161000000 285.18518518518520000000
88.27160493827161000000 278.64197530864200000000
87.78086419753086000000 319.65308641975310000000
57.53086419753087000000 324.32098765432100000000
120.37037037037038000000 272.34567901234567000000
155.06172839506175000000 265.18518518518520000000
155.55555555555557000000 309.62962962962960000000
120.49382716049384000000 314.56790123456790000000
192.34567901234570000000 258.14814814814815000000
231.85185185185188000000 250.24691358024690000000
233.20987654320987000000 296.79012345679010000000
193.08641975308643000000 303.20987654320990000000
236.04938271604940000000 345.06172839506170000000
237.90123456790124000000 393.70370370370370000000
195.67901234567900000000 397.03703703703707000000
194.81481481481480000000 350.74074074074076000000
120.49382716049384000000 359.50617283950620000000
156.66666666666669000000 355.06172839506170000000
156.91358024691360000000 400.00000000000000000000
120.37037037037038000000 403.08641975308643000000
56.91358024691358000000 367.16049382716050000000
87.90123456790124000000 362.96296296296300000000
87.40740740740740000000 406.04938271604940000000
56.79012345679013000000 407.90123456790127000000
