# list of hand selected 2D points
207.00000000000000000000 40.80000000000000000000
235.24999999999997000000 49.65000000000000600000
218.00000000000000000000 71.40000000000000000000
189.00000000000000000000 62.40000000000000000000
266.20000000000000000000 58.40000000000000000000
297.20000000000000000000 68.40000000000000000000
281.00000000000000000000 91.60000000000000000000
249.19999999999996000000 80.60000000000001000000
330.34999999999997000000 78.65000000000000000000
363.40000000000000000000 89.80000000000000000000
348.00000000000000000000 114.00000000000000000000
315.00000000000000000000 101.80000000000000000000
296.80000000000000000000 128.00000000000000000000
331.60000000000000000000 140.60000000000000000000
315.00000000000000000000 168.00000000000000000000
279.80000000000000000000 154.60000000000000000000
231.00000000000000000000 105.40000000000000000000
262.60000000000000000000 116.40000000000000000000
244.80000000000000000000 142.60000000000000000000
212.20000000000000000000 130.60000000000000000000
170.18181818181820000000 85.45454545454545000000
198.72727272727272000000 95.09090909090910000000
179.63636363636363000000 120.00000000000000000000
150.03181818181815000000 108.59090909090912000000
128.68852459016392000000 135.40983606557376000000
158.85245901639342000000 146.72131147540983000000
137.54098360655738000000 174.09836065573768000000
107.40491803278690000000 161.38934426229500000000
191.47540983606555000000 158.85245901639342000000
224.42622950819670000000 170.81967213114750000000
204.26229508196718000000 200.49180327868850000000
170.65573770491800000000 186.55737704918030000000
259.83606557377050000000 184.75409836065572000000
296.22950819672127000000 198.03278688524588000000
276.88524590163934000000 229.34426229508196000000
239.99999999999997000000 213.93442622950818000000
218.55746268656716000000 247.80970149253724000000
256.11940298507460000000 263.13432835820896000000
235.07462686567163000000 297.61194029850750000000
196.71567164179100000000 279.70074626865670000000
148.05970149253730000000 217.91044776119404000000
181.79104477611940000000 231.94029850746267000000
159.85074626865670000000 264.17910447761193000000
125.22313432835821000000 247.26194029850737000000
84.37611940298510000000 191.44179104477607000000
114.37611940298510000000 204.02985074626866000000
91.44104477611943000000 233.23134328358196000000
61.98955223880598000000 219.60074626865665000000
