# list of hand selected 2D points
382.44444444444446000000 37.77777777777778000000
414.17910447761193000000 39.85074626865671400000
406.56716417910445000000 59.10447761194030000000
373.88059701492534000000 56.56716417910447000000
448.05970149253733000000 42.83582089552239000000
481.19402985074623000000 45.22388059701492600000
475.52238805970150000000 64.77611940298507000000
440.81081081081080000000 62.02702702702702500000
515.67567567567560000000 48.91891891891892000000
550.54054054054050000000 51.89189189189189000000
547.16216216216220000000 72.02702702702702000000
511.48648648648646000000 68.51351351351352000000
505.54054054054050000000 92.02702702702702000000
543.24324324324320000000 95.40540540540540000000
538.78378378378370000000 119.86486486486486000000
500.67567567567570000000 114.86486486486486000000
432.56756756756755000000 84.72972972972973000000
469.05405405405400000000 87.70270270270270000000
462.43243243243240000000 110.81081081081080000000
424.59459459459460000000 106.89189189189189000000
363.77837837837850000000 78.43378378378380000000
397.29729729729730000000 80.67567567567568000000
388.51351351351350000000 103.24324324324324000000
353.44864864864860000000 99.37432432432432000000
341.95675675675676000000 124.93513513513514000000
378.10810810810807000000 128.10810810810810000000
367.56756756756755000000 154.86486486486487000000
330.27027027027026000000 150.13513513513513000000
415.67567567567570000000 132.43243243243242000000
453.91891891891890000000 136.48648648648648000000
446.08108108108104000000 164.18918918918920000000
406.21621621621620000000 158.91891891891890000000
493.91891891891890000000 142.70270270270270000000
533.51351351351350000000 146.48648648648648000000
528.64864864864860000000 174.72972972972970000000
487.43243243243240000000 168.78378378378378000000
479.32432432432430000000 200.81081081081080000000
522.70270270270270000000 206.35135135135135000000
515.94594594594590000000 238.91891891891890000000
471.48648648648646000000 231.89189189189187000000
395.27027027027026000000 189.32432432432432000000
437.02702702702703000000 194.72972972972970000000
427.16216216216213000000 225.00000000000000000000
384.05405405405406000000 217.83783783783784000000
316.35135135135135000000 179.18918918918920000000
355.40540540540536000000 183.78378378378378000000
342.43243243243240000000 212.29729729729730000000
303.51351351351350000000 207.83783783783784000000
