# list of hand selected 2D points
120.29850746268656000000 55.22388059701492600000
161.79104477611940000000 53.88059701492537000000
206.08108108108107000000 52.02702702702702500000
249.32432432432432000000 50.67567567567567000000
294.86486486486484000000 50.00000000000000000000
338.10810810810807000000 49.72972972972972600000
340.00000000000000000000 80.67567567567568000000
294.72972972972974000000 80.81081081081080000000
247.83783783783784000000 82.02702702702702000000
202.70270270270268000000 82.97297297297297000000
156.75675675675674000000 84.59459459459460000000
113.64864864864865000000 85.54054054054053000000
106.51685393258427000000 121.91011235955055000000
151.23595505617976000000 120.56179775280899000000
198.76404494382020000000 118.87640449438202000000
246.29213483146066000000 117.97752808988764000000
243.78378378378378000000 154.86486486486487000000
195.67567567567568000000 155.40540540540540000000
145.40540540540540000000 156.89189189189187000000
99.59459459459460000000 157.56756756756755000000
90.81081081081080000000 200.94594594594594000000
140.13513513513513000000 200.00000000000000000000
191.08108108108107000000 198.64864864864865000000
242.43243243243242000000 197.43243243243242000000
295.16853932584270000000 196.96629213483146000000
346.96629213483146000000 195.84269662921346000000
348.87640449438203000000 239.77528089887640000000
295.73033707865170000000 240.67415730337078000000
241.01123595505618000000 241.57303370786516000000
187.64044943820224000000 242.02247191011236000000
134.04494382022472000000 243.03370786516854000000
84.60674157303370000000 243.70786516853930000000
76.06741573033707000000 293.14606741573033000000
127.97752808988764000000 293.03370786516854000000
183.70786516853930000000 291.79775280898880000000
238.98876404494382000000 291.91011235955057000000
296.06741573033710000000 290.83595505617967000000
351.91011235955057000000 289.77528089887640000000
353.82022471910113000000 340.67415730337075000000
296.40449438202245000000 340.63651685393256000000
236.85393258426964000000 341.46067415730334000000
179.88764044943820000000 341.23595505617976000000
121.91011235955055000000 342.02247191011236000000
68.65168539325842000000 342.58426966292130000000
343.82716049382720000000 153.82716049382717000000
295.00674157303376000000 153.88314606741582000000
295.05617977528090000000 117.07865168539325000000
341.79775280898880000000 116.96629213483146000000
