# list of hand selected 2D points
290.00000000000000000000 47.97752808988764000000
331.91011235955057000000 49.32584269662921000000
329.21348314606740000000 79.66292134831460000000
286.06741573033710000000 77.52808988764045000000
374.33146067415720000000 51.34775280898879000000
416.74157303370780000000 54.04494382022472000000
417.30337078651684000000 84.04494382022472000000
373.17078651685387000000 81.37303370786518000000
459.03820224719090000000 57.00337078651687000000
500.33707865168540000000 59.88764044943820000000
504.26966292134830000000 90.22471910112360000000
461.12359550561797000000 86.51685393258427000000
464.10730337078650000000 120.38651685393260000000
507.97752808988764000000 123.25842696629213000000
512.24719101123590000000 159.10112359550560000000
465.95505617977530000000 155.50561797752810000000
371.84719101123585000000 114.36910112359553000000
417.52808988764040000000 116.51685393258427000000
418.20224719101120000000 153.14606741573033000000
370.62359550561786000000 149.88764044943820000000
281.37303370786510000000 110.57415730337078000000
326.17977528089887000000 111.68539325842696000000
322.92134831460675000000 147.52808988764045000000
275.71685393258406000000 144.91853932584263000000
270.76111111111106000000 183.97098765432090000000
318.88888888888890000000 186.66666666666669000000
315.49938271604930000000 227.92160493827154000000
264.93827160493830000000 225.06172839506175000000
369.62962962962960000000 189.50617283950618000000
418.64197530864200000000 191.48148148148150000000
418.71234567901230000000 233.65061728395057000000
367.28395061728395000000 230.98765432098767000000
468.44197530864193000000 195.35555555555553000000
515.92592592592600000000 197.90123456790124000000
520.22037037037060000000 239.77345679012340000000
470.24691358024694000000 236.91358024691360000000
471.88641975308616000000 282.83641975308640000000
524.07407407407410000000 285.92592592592590000000
527.77777777777780000000 333.58024691358025000000
474.07407407407410000000 330.00000000000000000000
365.55555555555560000000 276.66358024691350000000
418.76543209876550000000 279.50617283950620000000
418.51851851851853000000 327.53086419753090000000
363.30061728395050000000 323.75061728395060000000
259.00925925925924000000 270.76111111111106000000
311.23456790123460000000 273.58024691358025000000
306.79012345679010000000 320.98765432098764000000
252.48950617283944000000 317.42777777777770000000
