# list of hand selected 2D points
351.21621621621620000000 79.72972972972973000000
379.32432432432430000000 89.18918918918918000000
363.78378378378375000000 120.27027027027026000000
335.67567567567570000000 108.78378378378378000000
409.05405405405400000000 98.78378378378378000000
439.86486486486484000000 110.00000000000000000000
424.05405405405400000000 142.70270270270270000000
392.70270270270270000000 130.27027027027026000000
472.70270270270265000000 121.48648648648648000000
506.35135135135135000000 134.05405405405403000000
490.67567567567570000000 168.10810810810810000000
456.48648648648646000000 154.72972972972970000000
440.13513513513510000000 189.18918918918920000000
472.97297297297297000000 202.97297297297297000000
455.94594594594594000000 238.24324324324323000000
423.05810810810806000000 223.05810810810810000000
377.16216216216213000000 162.97297297297297000000
407.70270270270270000000 175.81081081081080000000
390.94594594594594000000 209.59459459459458000000
360.67567567567570000000 195.13513513513513000000
320.40540540540540000000 140.27027027027026000000
347.83783783783780000000 151.35135135135135000000
331.75675675675670000000 183.24324324324323000000
304.44459459459455000000 170.74594594594590000000
289.18918918918916000000 202.83783783783784000000
315.40540540540540000000 215.54054054054052000000
299.86486486486484000000 247.29729729729730000000
272.97297297297297000000 233.51351351351352000000
344.45945945945940000000 229.32432432432432000000
373.91891891891890000000 243.10810810810810000000
357.43243243243240000000 277.16216216216213000000
327.70270270270270000000 261.62162162162160000000
406.08108108108104000000 258.51351351351350000000
438.91891891891890000000 273.91891891891890000000
420.54054054054050000000 309.32432432432430000000
388.78378378378375000000 292.43243243243240000000
371.11111111111114000000 328.64197530864200000000
402.96296296296300000000 345.43209876543210000000
385.25555555555553000000 379.22962962962950000000
353.70370370370370000000 361.48148148148150000000
311.35802469135800000000 295.55555555555554000000
340.49382716049380000000 311.23456790123460000000
323.33333333333337000000 344.32098765432100000000
294.32098765432100000000 326.79012345679010000000
257.65432098765433000000 266.04938271604940000000
283.82716049382720000000 280.12345679012344000000
267.16049382716050000000 311.23456790123460000000
242.59259259259260000000 296.17283950617286000000
