# list of hand selected 2D points
138.78378378378378000000 60.00000000000000000000
168.51351351351352000000 58.37837837837838000000
157.83783783783784000000 91.89189189189189000000
127.97297297297297000000 92.43243243243242000000
191.62162162162160000000 89.45945945945945000000
201.89189189189187000000 55.67567567567567000000
235.40540540540540000000 53.64864864864864600000
225.40540540540540000000 88.91891891891892000000
263.10810810810807000000 87.56756756756756000000
272.02702702702703000000 51.75675675675675000000
310.27027027027026000000 49.86486486486486000000
301.62162162162160000000 86.48648648648648000000
252.70270270270268000000 127.02702702702702000000
292.16216216216213000000 127.29729729729729000000
282.70270270270270000000 167.70270270270270000000
243.10810810810810000000 166.35135135135135000000
180.00000000000000000000 127.56756756756756000000
214.86486486486484000000 127.43243243243242000000
204.72972972972970000000 165.67567567567568000000
169.45945945945945000000 164.59459459459458000000
117.25675675675673000000 127.99864864864851000000
147.43243243243242000000 127.56756756756756000000
135.94594594594594000000 163.78378378378378000000
105.71081081081081000000 163.51351351351352000000
94.32432432432432000000 201.89189189189187000000
125.00000000000000000000 203.24324324324323000000
114.32432432432432000000 242.70270270270268000000
83.37837837837837000000 239.32432432432432000000
158.64864864864865000000 205.40540540540540000000
193.64864864864865000000 207.02702702702700000000
183.51351351351352000000 248.64864864864865000000
147.88243243243252000000 245.30540540540537000000
232.31756756756750000000 209.37972972972963000000
272.83783783783780000000 212.29729729729730000000
262.83783783783780000000 256.62162162162160000000
222.02702702702700000000 252.56756756756755000000
210.81081081081080000000 299.05405405405406000000
252.16216216216216000000 304.45945945945940000000
242.02702702702700000000 351.08108108108104000000
200.27027027027026000000 343.37837837837840000000
136.48648648648648000000 289.05405405405406000000
171.89189189189187000000 293.51351351351350000000
160.81081081081080000000 336.89189189189190000000
124.86486486486486000000 330.13513513513510000000
72.02702702702702000000 280.13513513513510000000
102.83783783783784000000 283.91891891891890000000
91.08108108108108000000 324.59459459459460000000
61.48648648648648400000 319.32432432432430000000
