# GENERATOR ECoCheckDetectionRegression
# Elapsed time in milliseconds

default
                              N       Mean      P05      P50      P95      MAX
  9x7e0n1/axis_blur0           20  57.7245  55.4191  57.7112  59.8046  60.1414
  9x7e0n1/axis_blur1           20  57.8743  54.5839  57.7407  59.8073  60.2116
  9x7e0n1/axis_blur2           20  58.7091  56.2027  58.9641  59.7332  60.1672
  9x7e0n1/axis_blur3           20  58.0898  54.8078  58.1867  59.5549  59.5575
  9x7e0n1/axis_blur4           20  57.5383  54.5899  57.1561  59.1755  59.5393
  9x7e0n1/fisheye_blur0        30  59.5711  58.3297  59.1344  60.0802  70.3743
  9x7e0n1/fisheye_blur1        30  59.4674  58.3821  59.4222  60.6225  60.8069
  9x7e0n1/fisheye_blur2        30  59.9649  58.4978  59.9352  61.3035  62.7201
  9x7e0n1/move_away            30  56.2073  54.3869  55.6107  58.8353    60.08
  9x7e0n1/rotate_z             40  58.7249  56.9599  58.6598  60.3941  60.8274
  9x7e3n1/axis_blur0           20  64.3331  56.1044  65.3952  67.6895  68.3387
  9x7e3n1/axis_blur1           20  61.4902  55.2017  61.9045  64.5649  65.3197
  9x7e3n1/axis_blur2           20  60.7322  55.5807  61.4332  62.6046  64.5992
  9x7e3n1/axis_blur3           20  59.8943  54.7116  60.0469  61.9403  62.5433
  9x7e3n1/axis_blur4           20  58.7384  54.9408  59.0028  60.4536  60.5337
  9x7e3n1/fisheye_blur0        30  62.0831  59.9786  61.3881  62.9866   79.596
  9x7e3n1/fisheye_blur1        30  61.6904   60.321  61.5799  63.0076  63.6763
  9x7e3n1/fisheye_blur2        30  61.4547  59.9805  61.4237  62.3328  62.6695
  9x7e3n1/move_away            30  57.1077  54.8183  56.4774  61.2114  62.5791
  9x7e3n1/rotate_z             40  62.6905  60.2396  62.1642  65.3465  65.8922

Summary:
                              N       Mean      P05      P50      P95      MAX
  summary                     520  59.7798  55.5492  59.5254  64.4639   79.596
