# GENERATOR CalibrationDetectionRegression
# All times are in milliseconds

ChessBinary
                              N       Mean      P05      P50      P95      MAX
  border                       16  57.2243  9.12626  79.4433  87.6411  120.734
  caltech_edges                20  17.7396  15.0076  17.4123  20.6273  20.9425
  challenge                    85  19.8665  18.2712  19.7172  22.3943  23.1951
  close                        12  10.2211  9.42124  9.94298  10.7217  12.8661
  deltille_fisheye             58  25.6983  22.3297  25.9375  28.1512  28.6244
  distance_angle                6  8.06198  7.44531  7.63643  8.67924   9.2286
  distance_straight             8  8.37851  7.03344  8.11729  9.41158   9.6359
  distant                       7  11.9543   9.0225  12.9606  13.6971  15.3429
  focus                        36  8.01965  7.03573  8.02499  8.65144  9.49216
  focus_large                  16  86.8989  83.6964  84.7312  96.9623  99.8601
  gaus_fisheye                 12  7.14745  6.19923  6.71973  9.20474  10.5502
  gaus_perfect                 12  5.92778  4.44852  6.08675  6.45437  6.65526
  hard                          1   7.4694   7.4694   7.4694   7.4694   7.4694
  large                         6   100.88  80.0125  104.091  108.503  117.541
  large_shadow                 23  100.772  75.9828  78.8792  174.701   193.99
  motion_blur                  38  6.48241  4.79428   6.5857  7.59096  8.12842
  ocam_fisheye190               8  10.1457  9.80814  9.97403  10.4625  10.6298
  ocam_kaidan_omni             17  11.4536  10.2454  11.5433   12.868  12.9182
  ocam_ladybug                 13   11.855  10.6087  11.7713  12.5431  13.1982
  ocam_mini_omni               15  12.0712  10.9427  12.0538  12.8985  12.9833
  ocam_omni                    14  15.2443  13.7157  15.0761  16.2036  16.2889
  perfect                       8  3.96616  .542312  .614744  7.37333  7.57483
  ricoh_theta_5                11  20.1015   7.8219  25.0106  28.8991  31.0156
  ricoh_theta_v                46   65.935   32.481  70.9127   90.448  99.9089
  rotation_flat                12  13.3068  10.8795  13.3344  15.0351  17.6009
  rotation_vertical             7  7.27648  6.60956  7.10729  8.07916  8.08039
  shadow                       15  13.2657  7.39303  12.8601  18.5951  21.3133
  sloppy13x10                  13  28.2893    24.17  27.2956  31.6126   33.402
  Sony_DSC-HX5V                13  6.33605  5.41334  5.99887   8.2498  8.48948
  stefano_2012                 30  13.9513  11.1053  13.7113  16.8793  19.1854
  Bumblebee2_Chess             22  6.38287  5.78871  6.29524  7.04711  7.08957

ChessXCorner
                              N       Mean      P05      P50      P95      MAX
  border                       16  243.949  15.0466  110.337  456.726  456.842
  caltech_edges                20  18.6577  17.8032  18.4817   19.589  19.8117
  challenge                    85  74.0751  65.7285  74.7869  79.1062  80.6885
  close                        12  20.8672  20.4461  20.6264  20.8689  23.1279
  deltille_fisheye             58   76.119  73.5816  76.1752  78.2813  80.1718
  distance_angle                6  20.8107  20.5112   20.794  21.0279  21.1574
  distance_straight             8  20.4907  18.4823  20.6939  21.5214   22.429
  distant                       7  28.1337  26.1044  28.0495  28.4674  31.7937
  focus                        36  18.6216   16.196  17.1766  25.9094  26.0345
  focus_large                  16  455.474  436.309  444.235  492.063  522.911
  gaus_fisheye                 12  15.1403  13.6029  14.9035  16.3093  17.3118
  gaus_perfect                 12  3.77395   3.2783  3.62097  4.16969  4.48667
  hard                          1  13.4412  13.4412  13.4412  13.4412  13.4412
  large                         6  437.553  395.927  426.794  448.601  495.847
  large_shadow                 23  544.679   432.38  439.108   822.91  910.881
  motion_blur                  38   11.835  10.9645  11.7889  12.8032  13.0261
  ocam_fisheye190               8  15.2444  14.1359  15.1737  15.9182   16.358
  ocam_kaidan_omni             17  15.0239  14.3266  15.1364  15.6681  15.7077
  ocam_ladybug                 13  30.8311  28.8633  30.7579  32.3374  32.4067
  ocam_mini_omni               15  19.4806  18.7616  19.5045  20.1188   20.178
  ocam_omni                    14  56.1167  53.9562  55.9785  58.2712  58.4554
  perfect                       8  5.74524  1.25975  1.36224  9.92308  11.4779
  ricoh_theta_5                11  21.5873  18.1401  22.4027  23.7365  26.0823
  ricoh_theta_v                46   169.54  149.784  172.357  186.619  190.081
  rotation_flat                12   27.021  25.6041  26.7839  27.9056  30.5164
  rotation_vertical             7  19.9527  19.3687    20.01  20.3444  20.7981
  shadow                       15  26.5313  16.3856  26.7073   36.104  38.4392
  sloppy13x10                  13  80.0995   72.162  81.1685  85.5868  85.7072
  Sony_DSC-HX5V                13  10.7605  10.3211  10.5798   11.461  11.7452
  stefano_2012                 30  15.8339   14.467  15.4945  17.3893  18.9599
  Bumblebee2_Chess             22  11.0438  10.4396  10.8013  11.7321  12.6189

Square
                              N       Mean      P05      P50      P95      MAX
  distant                       7  9.40947  5.70077  8.54164  10.7458   13.949
  fisheye                      17  14.0236  4.31455  13.1503  26.3198  26.3624
  large                         5   91.146  83.0753  87.9642  95.3875  103.545
  Sony_DSC-HX5V                14  2.59595   2.1247  2.39763  3.14002  3.19115
  Bumblebee2_Square            26   2.4948  2.14627  2.46336  2.73215  3.12525

CircleHexagonal
                              N       Mean      P05      P50      P95      MAX
  calib_24x28                   7  55.6285  39.3175  43.1544  58.9058  111.029
  calib_5x6                     9  4.51788  3.85518   4.7023  4.83509  4.91976
  fisheye_5x6                  19   15.454  4.84842  15.9884  23.7609  26.4543
  large_24x28                   4  78.6875  75.9356  76.6018  76.7293  85.4835

CircleRegular
                              N       Mean      P05      P50      P95      MAX
  distant                       5   8.3207  6.38499  8.58762  8.79545  9.96643
  fisheye                      10  5.50946  2.36127  2.74946  10.2068  14.7483
  large                         7  242.265  60.1643  75.5299  380.687  691.474

Summary:
                              N       Mean      P05      P50      P95      MAX
  ChessBinary                 600  25.5219  5.96833  15.8172  84.9756   193.99
  ChessXCorner                600  87.0402  10.5981  27.9056  440.023  910.881
  Square                       69  12.4812  2.23139  2.92547  83.0753  103.545
  CircleHexagonal              39  26.6266  4.10186  16.9279  76.7293  111.029
  CircleRegular                22  81.4795  2.36945  8.58762  358.929  691.474
