# GENERATOR FiducialRegression
# Elapsed time in milliseconds

BinaryRobust
                              N       Mean      P05      P50      P95      MAX
  distance_angle               10  21.9641  11.8684  16.7949  20.4171  68.0007
  distance_straight            10  9.95612  8.24892  9.84865  10.8031  11.1523
  motion_blur                   9  11.9407  8.13785  11.6205  14.0392  15.9407
  rotation                     12  12.5778  10.2916   12.512  14.9561   14.988
  static_front_close          101  3.97548  3.81128  3.94723  4.19449  4.69944
  static_front_far            100  2.89459  2.71744  2.86853  3.09807  3.44821
  static_scene                101    5.581  5.34686  5.56947   5.8895  6.15888
  set01                       373  3.26816  2.76805  3.22354  3.86783   4.2601

BinaryFast
                              N       Mean      P05      P50      P95      MAX
  distance_angle               10  2.21197   1.1264   1.7334  2.29245  6.03208
  distance_straight            10  1.84982  1.41036  1.77968  2.34624  2.35214
  motion_blur                   9   4.1278    2.977  4.05657  5.41295  5.78907
  rotation                     12  1.32293  .795883  1.42351  1.69136  1.92203
  static_front_close          101  .497586  .487384   .49152  .532346  .601704
  static_front_far            100  .540292  .511607  .537923   .58047  .667881
  static_scene                101  2.79368  2.64627  2.76043  3.04931  3.24788
  set01                       373  1.18035  .726441  1.14849  1.70837  2.31866

ImageRobust
                              N       Mean      P05      P50      P95      MAX
  distance_angle                9  10.1032  8.43713  9.59374  11.3789  12.4546
  distance_straight             9   8.7582  6.80766  8.40208   10.815  11.9596
  hard                         11  17.5361  9.69991  16.7694  23.3254  24.5492
  motion_blur                   8  7.56326  4.02693  7.51272  9.38886  10.2784
  rotation                     13  11.0936  7.25476  11.2275  12.9279  13.3071
  static_front_close          193  3.63427  3.54011   3.6296  3.74876  3.96421
  static_front_far            100  4.02788  3.52711  3.88675  4.58171  9.24067
  static_scene                308     7.69  7.27879  7.69652  8.06489  8.28551
  set01                       411  3.99569  3.20254  3.96771    4.821  8.73883

ImageFast
                              N       Mean      P05      P50      P95      MAX
  distance_angle                9   2.2429  1.65977  2.28662  2.55507  2.69817
  distance_straight             9  1.65216  1.15755  1.49238  2.17424  2.62565
  hard                         11  7.82118   5.8186  7.06516  10.0172  10.5849
  motion_blur                   8  4.47528  4.03587  4.36629  4.95419  5.07997
  rotation                     13   1.2431   .87932  1.25275  1.40903  1.74009
  static_front_close          193   .65297  .634094  .649293  .684596  .720924
  static_front_far            100  1.03146   .90724  1.04052  1.14618  1.82417
  static_scene                308  5.11272  4.76401  5.08566  5.42856  11.4984
  set01                       411  1.70568  1.25565  1.70933   2.2712  2.68261

ChessboardBinary
                              N       Mean      P05      P50      P95      MAX
  distance_angle                6   18.502  7.95777  9.03483  20.0268  56.3552
  distance_straight             8  8.14951  7.16507  8.00742  8.92652  9.05558
  distant                       7  18.1748  12.5056  17.7084   22.936  25.2426
  motion_blur                  13   6.0559   4.6573  6.18875  6.80485  6.96824
  rotation_flat                12  17.0523  13.2657   16.852  21.1723  25.1374
  rotation_vertical             7  7.56171  6.66994  7.29755  8.55449  8.82932
  shadow                       15  16.0108  8.05161  14.7511  23.9616   26.486
  front_close                 201  6.40123   5.9632   6.3662  7.02148   7.6572
  front_far                   201  6.46047  6.00771  6.39241  7.02666   11.471
  set01                       959  5.54107   4.7138  5.61635  6.30353   6.6996

ChessboardXCorner
                              N       Mean      P05      P50      P95      MAX
  distance_angle                6  30.4602  17.6376  18.2977  29.2123  77.3411
  distance_straight             8  16.1914  14.6893  16.2223  17.1761  18.0376
  distant                       7  23.0898  19.7705   21.524  25.7125  27.6912
  motion_blur                  13  8.28296  7.95984  8.19758  8.91368  9.14683
  rotation_flat                12   20.054  18.6198  20.0472  21.3431  22.2031
  rotation_vertical             7  14.6094  14.1945   14.494   14.834  15.3668
  shadow                       15  19.8195  12.0606  19.9667  28.2768  29.2689
  front_close                 201  9.58805  9.28706  9.55383  10.0037   10.405
  front_far                   201  10.4101  10.0596  10.3155  10.6788  21.8443
  set01                       959  8.98277  8.50617  8.88708  9.64791   20.408

SquareGrid
                              N       Mean      P05      P50      P95      MAX
  distance_angle                6  8.21599   6.9629  7.62427  9.09962  10.3557
  distance_straight             7  4.32423  3.38119  4.17236  4.85756  5.46721
  distant                       7  9.15696  5.63373  8.83215  11.1192  12.5496
  motion_blur                   8  2.14828  1.95723  2.10619  2.24233  2.30938
  rotation                      7  3.62565  3.38424    3.583  3.75109  4.04244
  front_close                 200  3.51169  3.12753  3.42801  3.81162  12.0185
  front_far                   200  4.69707  3.96045   4.6883  5.44069  7.24055
  set0                        368  1.91174  1.69206  1.90216  2.16721  2.45479

CircleHexagonal
                              N       Mean      P05      P50      P95      MAX
  distance_angle               11  10.7698  8.21389  9.78871  11.1433  22.9573
  distance_straight            12   7.8815  6.13612  7.40865  8.20041  14.1527
  motion_blur                  13  3.26074  1.88145  3.38708  3.73096  5.31404
  rotation                      9  6.54712  6.27682  6.53234  6.78678    6.999
  angled_5x6                   52  7.11219  6.56385  7.07097  7.63758  8.33697
  front_close_24x28            45  31.6574  30.2289  31.3882  34.3385  35.4318
  front_close_5x6              47  3.59326  3.40813  3.59876   3.7714  3.87622
  front_far_5x6                55  6.20952  5.73668  6.19768   6.6592   6.9182
  24x28_hard                   14  22.6447   6.6626   22.616  27.3502  33.7233
  24x28_set0                   59  25.9608   25.404  25.8712   26.784  27.1229
  5x6_hard                      2   3.6465  3.37597  3.37597  3.37597  3.91703
  5x6_set0                     68  5.60895  3.96305   4.9638  8.82592  9.36659

CircleRegular
                              N       Mean      P05      P50      P95      MAX
  distance_angle               12  5.23488  4.02633  5.21393  5.96026  5.97638
  distance_straight            14  4.91363  3.73859  5.02044  5.65457  5.67367
  motion_blur                  12  2.31739  1.71558  2.36385  2.68692  2.77668
  rotation                      9  7.07767  5.07613  7.46627  8.71055   8.7441
  angled                      100  6.59855  6.02441  6.77378  7.17161  7.31333
  front_close                 100  4.29214   4.0342  4.28859  4.58384   4.7688
  front_far                   100  5.29749  4.75213  5.32898  5.81753   6.0039
  set01                       141  5.64166  3.39521  5.69965  6.70498  12.9412
  set02                        16  9.94325  6.22635  8.01494  17.4803  17.8383

Uchiya
                              N       Mean      P05      P50      P95      MAX
  distance                     24  31.3143  13.5073  31.3622  36.2469  74.1246
  highres_lots                  8   537.42  457.363   503.22  609.291  662.056
  highres_rotate_z             19  712.296  458.282  658.588  909.233  1015.01
  motion_blur                  15  17.2476  3.77788  17.5067  31.7797  44.1645
  rotate_x                     16  30.5292  17.0263  31.0418  36.5883  37.9551
  rotate_z                     19  40.7359  33.1247  35.6457  42.6719  135.098
  shadow_overlapping           11  39.3541  32.2215  34.5688  39.3674  80.0187
  static01                    106   27.086  24.8896   27.081  29.7019  35.4062
  static02                    107  32.4326  30.7972  32.5157   34.673  35.1548
  visible01                   211  34.8391    31.33   34.916  38.4773  44.5185

Summary:
                              N       Mean      P05      P50      P95      MAX
  BinaryRobust                716  4.26158  2.76661  3.38346  9.75992  68.0007
  BinaryFast                  716  1.28542  .490515  1.10696  2.84953  6.03208
  ImageRobust                1062  5.35059  3.39744  4.14461  8.11041  24.5492
  ImageFast                  1062  2.52163  .645674  1.72801  5.27872  11.4984
  ChessboardBinary           1429  6.14343  4.76976  5.89458  7.02666  56.3552
  ChessboardXCorner          1429  9.69622  8.51133   9.2363  10.6329  77.3411
  SquareGrid                  803  3.15256  1.72287  3.22706  5.20581  12.5496
  CircleHexagonal             387  12.5494  3.47017  6.78678  31.4829  35.4318
  CircleRegular               504  5.54861   3.9493  5.53469  7.14868  17.8383
  Uchiya                      536  63.8639  25.0154   32.852  135.098  1015.01
