# GENERATOR QrCodeRegression
# Elapsed time in milliseconds

default
                              N       Mean      P05      P50      P95      MAX
  blurred                      45  34.0922  1.53366  8.85182  105.931   136.47
  bright_spots                 32  73.5991  .936892  95.4998  112.102  114.416
  brightness                   28  65.7273  2.45593  75.9804  104.367  115.778
  close                        40   50.735  .627821  60.6521  95.1879  99.8273
  curved                        5  2.41088  1.82375  2.55452  2.60884  2.62135
  damaged                      37  14.1812  3.25083  9.62712   44.478  68.4508
  glare                        50   21.866  1.74798  8.01069  70.1043  87.2888
  high_version                 33  18.6186  1.84989  17.8363  37.8384   42.831
  lots                          7  163.394  154.247  158.822   171.72  182.676
  monitor                      17  52.6012  17.6845  57.9243  71.1923  83.1108
  nominal                      65   14.907  1.77032  5.76577  55.7956  82.0325
  noncompliant                 16  8.82246  1.72594  5.02794  20.2086  29.7628
  pathological                 23  .742441  .592554  .749052   .92665  1.00786
  perspective                  35  3.95292  3.76034  3.89179  4.19759  4.37626
  rotations                    44  17.7203  14.9588  17.1319  20.9022  22.7513
  shadows                      14  29.1767  3.85318  18.7565  79.0854  80.6933

Summary:
                              N       Mean      P05      P50      P95      MAX
  default                     491  29.5219  .927843  14.3956  100.514  182.676
