# GENERATOR DetectDescribeRegression
# Elapsed time in milliseconds

BoofSURF-Fast
                              N       Mean      P05      P50      P95      MAX
  bikes/                        6  112.085  78.6522  105.328  129.796  159.866
  boat/                         6  106.675  92.3979  97.7315  120.341  121.833
  graf/                         6  104.806  97.9829  105.845  107.866  109.432
  leuven/                       6  87.5127  74.4077  84.2925  94.8478  102.823
  ubc/                          6  97.8127    91.31  98.4704  101.179  102.753
  trees/                        6  140.487  119.198  139.874  147.578  152.462
  wall/                         6  130.531  124.572  126.178  128.116  151.256
  bark/                         6  77.6941  74.7623  74.8984  80.6604  81.4523

BoofSURF-Fast_Color
                              N       Mean      P05      P50      P95      MAX
  bikes/                        6  170.426  113.829  163.588  192.113  238.924
  boat/                         6  105.561  93.3486  97.4753  115.476  121.317
  graf/                         6  203.085  187.514  203.797   210.96  214.718
  leuven/                       6   159.78  125.206  159.455  177.276  197.488
  ubc/                          6  184.579  151.298  189.245  196.441  200.544
  trees/                        6  275.606  222.803  272.382  295.148  306.196
  wall/                         6   259.62  247.231  249.597  254.303  305.811
  bark/                         6  148.753  140.734  142.003  156.418  158.233

BoofSURF-Stable
                              N       Mean      P05      P50      P95      MAX
  bikes/                        6  211.937  129.654  220.434   238.83  303.852
  boat/                         6  248.751  206.676  219.272  281.644  304.069
  graf/                         6  261.209  239.866   263.02  272.728  275.048
  leuven/                       6  197.848  151.823  186.722  224.201    251.4
  ubc/                          6  237.596   187.92  243.259  255.978  261.309
  trees/                        6  357.552  281.277  352.161   385.13  402.091
  wall/                         6  343.014  324.395  329.472  342.913  401.679
  bark/                         6  193.685  182.861  184.253  203.508   207.32

BoofSURF-Stable_Color
                              N       Mean      P05      P50      P95      MAX
  bikes/                        6  308.411  184.468  278.184  360.863  466.306
  boat/                         6  250.258  206.815  231.034  280.947  302.808
  graf/                         6  406.009  373.707  406.184  424.987  425.825
  leuven/                       6   300.95  225.065  282.728  344.064  389.605
  ubc/                          6  361.947   277.09  371.178  393.915  402.508
  trees/                        6  555.076  442.588  542.928  598.988  625.523
  wall/                         6  528.466  499.377   509.35  517.684  624.409
  bark/                         6  298.093  280.794   282.78  315.363  320.252

BoofSIFT
                              N       Mean      P05      P50      P95      MAX
  bikes/                        6  245.242  203.155    230.9  236.585  343.695
  boat/                         6  226.321  218.979   225.85  231.419   235.93
  graf/                         6  153.841  144.862  153.869  156.307  159.529
  leuven/                       6   171.55  167.473  171.414    173.7  175.325
  ubc/                          6   202.28  182.611  206.291  207.438  208.612
  trees/                        6  283.595  259.177  286.138  291.605  292.701
  wall/                         6  289.958  272.976  291.097  292.926  304.157
  bark/                         6  180.145  173.169  179.544   181.91  190.027


Summary:
                              N       Mean      P05      P50      P95      MAX
  BoofSURF-Fast                48    107.2  74.8587  102.753  147.578  159.866
  BoofSURF-Fast_Color          48  188.426  97.4753  187.514  287.956  306.196
  BoofSURF-Stable              48  256.449  157.353   248.81  375.523  402.091
  BoofSURF-Stable_Color        48  376.151  212.699  360.863  583.713  625.523
  BoofSIFT                     48  219.116  153.869  207.438  292.701  343.695
