# list of hand selected 2D points
298.57142857142856000000 58.57142857142857000000
303.87755102040813000000 50.10204081632653000000
296.93877551020404000000 43.67346938775510000000
291.22448979591840000000 50.91836734693877000000
317.85714285714283000000 56.32653061224489500000
323.26530612244900000000 48.46938775510204000000
315.81632653061223000000 41.73469387755102000000
310.30612244897960000000 48.67346938775510000000
336.53061224489795000000 53.87755102040816000000
341.32653061224490000000 46.53061224489796000000
334.59183673469386000000 39.69387755102041000000
329.59183673469386000000 46.73469387755102000000
300.91836734693874000000 81.73469387755101000000
306.42857142857140000000 73.26530612244898000000
299.59183673469386000000 66.73469387755101000000
293.77551020408160000000 74.59183673469387000000
320.10204081632650000000 78.57142857142857000000
325.51020408163265000000 70.91836734693877000000
318.97959183673470000000 64.38775510204081000000
313.06122448979590000000 71.93877551020408000000
338.67346938775506000000 76.32653061224490000000
343.87755102040813000000 68.97959183673468000000
337.55102040816325000000 61.83673469387754600000
332.14285714285710000000 69.59183673469387000000
303.20610687022895000000 104.73282442748090000000
309.23664122137400000000 96.71755725190839000000
301.98473282442745000000 90.07633587786259000000
296.87500000000000000000 98.33333333333333000000
322.22222222222223000000 101.38888888888889000000
327.98611111111110000000 93.81944444444444000000
321.52777777777777000000 86.66666666666667000000
315.69444444444446000000 95.00000000000000000000
340.34722222222223000000 98.33333333333333000000
346.11111111111110000000 90.69444444444444000000
339.93055555555554000000 84.30555555555556000000
334.58333333333330000000 92.29166666666667000000
305.41666666666670000000 127.50000000000000000000
311.87500000000000000000 119.58333333333333000000
305.20833333333330000000 112.70833333333333000000
298.95833333333330000000 120.76388888888889000000
324.37500000000000000000 124.09722222222221000000
330.27777777777777000000 116.66666666666666000000
323.88888888888886000000 109.23611111111111000000
317.84722222222223000000 117.50000000000000000000
342.98611111111110000000 120.41666666666666000000
348.12500000000000000000 111.73611111111111000000
342.50000000000000000000 106.25000000000000000000
336.80555555555554000000 114.09722222222221000000
