# list of hand selected 2D points
63.39622641509434000000 212.64150943396228000000
69.24528301886792000000 205.47169811320757000000
62.45283018867925000000 197.92452830188680000000
56.41509433962264000000 205.66037735849056000000
83.01886792452831000000 211.69811320754718000000
88.49056603773585000000 204.33962264150944000000
82.26415094339623000000 197.16981132075472000000
75.84905660377359000000 204.71698113207550000000
101.32075471698114000000 210.37735849056605000000
107.16981132075472000000 203.58490566037736000000
101.13207547169812000000 196.22641509433964000000
95.47169811320755000000 203.01886792452830000000
64.69026548672566000000 236.37168141592920000000
70.88495575221239000000 228.23008849557522000000
64.24778761061947000000 221.50442477876103000000
57.96460176991150000000 228.76106194690263000000
84.77876106194690000000 235.04424778761060000000
90.35398230088495000000 226.99115044247787000000
83.53982300884955000000 219.82300884955750000000
77.52212389380530000000 227.16814159292034000000
103.00884955752211000000 233.18584070796460000000
108.58407079646017000000 225.66371681415927000000
102.38938053097344000000 218.49557522123894000000
96.37168141592920000000 226.19469026548670000000
66.10619469026548000000 259.82300884955750000000
72.47787610619469000000 251.68141592920352000000
66.01769911504424000000 244.42477876106193000000
59.82300884955752000000 252.21238938053096000000
85.92920353982300000000 257.43362831858406000000
91.68141592920354000000 249.29203539823007000000
85.22123893805309000000 242.38938053097343000000
79.20353982300884000000 250.17699115044246000000
104.51327433628317000000 255.48672566371680000000
110.08849557522123000000 247.96460176991150000000
103.98230088495575000000 240.97345132743362000000
98.05309734513274000000 248.23008849557522000000
68.14159292035397000000 282.83185840707960000000
74.42477876106194000000 274.77876106194690000000
68.05309734513274000000 267.78761061946904000000
61.59292035398229400000 275.48672566371680000000
87.69911504424778000000 279.91150442477874000000
93.53982300884955000000 272.12389380530970000000
86.99115044247787000000 265.57522123893800000000
80.79646017699115000000 272.47787610619470000000
106.37168141592920000000 277.25663716814160000000
111.48893805309733000000 269.49955752212400000000
105.48672566371681000000 263.36283185840705000000
100.00000000000000000000 270.70796460176990000000
