# list of hand selected 2D points
93.66412213740458000000 213.51145038167937000000
97.48091603053435000000 208.93129770992365000000
92.97709923664121000000 204.35114503816790000000
88.47328244274809000000 209.16030534351142000000
107.25190839694655000000 212.51908396946560000000
111.45038167938930000000 208.16793893129770000000
106.87022900763358000000 203.51145038167937000000
102.44274809160304000000 207.93893129770990000000
121.37404580152670000000 211.52671755725189000000
125.41984732824426000000 206.71755725190837000000
120.61068702290075000000 202.59541984732823000000
116.18320610687022000000 206.79389312977096000000
94.96183206106869000000 228.32061068702288000000
99.31297709923663000000 223.12977099236640000000
94.42748091603052000000 218.62595419847327000000
89.84732824427480000000 222.90076335877860000000
109.16030534351144000000 226.56488549618320000000
113.20610687022900000000 221.98473282442745000000
108.16793893129770000000 217.48091603053433000000
103.96946564885495000000 222.13740458015263000000
123.35877862595419000000 225.49618320610685000000
126.87022900763357000000 220.38167938931295000000
122.29007633587786000000 216.10687022900760000000
117.86259541984731000000 220.76335877862593000000
96.79389312977098000000 242.44274809160302000000
100.61068702290075000000 237.63358778625950000000
96.10687022900763000000 233.12977099236640000000
91.75572519083968000000 237.48091603053433000000
110.38167938931296000000 241.06870229007632000000
114.65648854961830000000 236.48854961832058000000
109.92366412213740000000 231.75572519083968000000
105.57251908396945000000 236.33587786259540000000
124.80916030534350000000 239.23664122137401000000
128.39694656488550000000 234.88549618320607000000
123.66412213740456000000 230.76335877862593000000
119.77099236641220000000 235.03816793893128000000
98.01526717557250000000 256.79389312977100000000
102.21374045801525000000 251.37404580152668000000
97.25190839694656000000 247.55725190839692000000
92.90076335877862000000 251.90839694656486000000
112.06106870229006000000 255.49618320610685000000
116.48854961832060000000 250.61068702290075000000
111.37404580152670000000 246.48854961832058000000
107.25190839694655000000 250.83969465648852000000
125.80152671755724000000 254.12213740458012000000
130.22900763358777000000 248.54961832061065000000
125.41984732824426000000 245.19083969465646000000
121.45038167938930000000 249.46564885496180000000
