#  list of hand selected 2D points from ellipse tangents
398.61480034238300000000 301.30804256750910000000
404.13324466811065000000 292.93670566526646000000
397.55591455084397000000 285.90865559559603000000
391.99530279967763000000 294.47877513480665000000
418.43952715977240000000 299.34669953142170000000
424.13990351225560000000 291.02406040637290000000
417.48804315696640000000 284.18559799125170000000
411.72509093281310000000 292.84753122705195000000
437.75126013150380000000 297.12356037864544000000
442.95681425652330000000 289.12294082103590000000
436.66634548954630000000 282.44824849477016000000
431.35107826264770000000 290.48847787422204000000
400.68095648635864000000 324.21013140923185000000
406.00860905231104000000 316.33152924167300000000
399.63297976476525000000 309.96012430212630000000
394.33854309963544000000 317.82833264654960000000
420.70699793067010000000 322.11999098815550000000
425.94319341291305000000 314.20907505192100000000
419.63052588258190000000 307.73409070768946000000
414.35476139120560000000 315.86323107256555000000
439.72889872819667000000 319.61144512939353000000
444.82791792554474000000 312.03836670276300000000
438.55281231580545000000 305.85655862526505000000
433.29542548469203000000 313.43192566834720000000
402.88012765789190000000 347.98987137823190000000
408.23004941771250000000 339.66455479810054000000
401.66081151722955000000 333.08878137190857000000
396.07060298296074000000 341.38840052087990000000
422.93348330636115000000 344.74174186205890000000
427.95854015886860000000 337.02379634925325000000
421.77574397581420000000 330.79661275230400000000
416.62787060922450000000 338.56008112848360000000
441.81508854628040000000 342.24808677273290000000
447.05137659425300000000 334.55674576659750000000
440.65149461472447000000 328.44173048497015000000
435.37760250378267000000 336.12308554334777000000
404.84538982203867000000 371.11776739537530000000
410.11601622649357000000 363.20997760073650000000
403.45943394009480000000 356.86198672114680000000
398.15410091007090000000 364.84988443191077000000
424.86806404699840000000 367.92514048759140000000
429.76797344447050000000 360.34772994124785000000
423.22660114246290000000 353.87430805734937000000
418.28433317793105000000 361.41453988420990000000
443.81035315500475000000 364.86803853303560000000
448.86232510856760000000 357.22028826365744000000
442.34277670829033000000 350.95869981384890000000
437.25104142390040000000 358.64070556823305000000
