# list of hand selected 2D points
465.13513513513510000000 321.21621621621620000000
471.35135135135135000000 315.00000000000000000000
465.67567567567570000000 308.51351351351350000000
458.78378378378375000000 314.32432432432430000000
484.45945945945940000000 322.56756756756755000000
491.08108108108104000000 316.35135135135135000000
485.00000000000000000000 309.59459459459460000000
478.51351351351350000000 315.81081081081080000000
504.18918918918916000000 323.78378378378375000000
510.67567567567570000000 317.70270270270270000000
504.72972972972970000000 311.21621621621620000000
497.70270270270265000000 317.70270270270270000000
463.24324324324320000000 341.21621621621620000000
470.27027027027026000000 334.72972972972974000000
464.05405405405400000000 328.10810810810807000000
457.43243243243240000000 334.05405405405406000000
482.97297297297297000000 342.56756756756755000000
490.00000000000000000000 335.94594594594594000000
483.64864864864865000000 329.32432432432430000000
476.75675675675670000000 335.67567567567570000000
502.43243243243240000000 344.32432432432430000000
509.45945945945940000000 337.83783783783780000000
503.10810810810807000000 330.94594594594594000000
496.35135135135135000000 337.43243243243240000000
462.16216216216213000000 360.54054054054050000000
468.64864864864865000000 354.45945945945940000000
462.70270270270270000000 347.56756756756755000000
455.67567567567570000000 354.05405405405406000000
481.21621621621620000000 362.43243243243240000000
487.97297297297297000000 355.81081081081080000000
481.89189189189190000000 349.59459459459460000000
475.40540540540536000000 355.54054054054050000000
501.21621621621620000000 363.91891891891890000000
507.56756756756755000000 357.56756756756755000000
501.35135135135135000000 350.81081081081080000000
494.86486486486484000000 357.43243243243240000000
460.27027027027026000000 380.13513513513510000000
467.16216216216213000000 373.91891891891890000000
460.67567567567570000000 367.16216216216213000000
454.05405405405400000000 373.23378378378360000000
479.86486486486484000000 382.16216216216213000000
486.48648648648646000000 375.81081081081080000000
480.27027027027026000000 369.32432432432430000000
473.78378378378375000000 375.00000000000000000000
499.72972972972970000000 383.78378378378375000000
506.08108108108104000000 377.43243243243240000000
499.86486486486484000000 370.67567567567570000000
492.83783783783780000000 377.02702702702703000000
