# GENERATOR FitPolylineRegression
# Elapsed time in milliseconds

SplitMerge_Global
                              N       Mean      P05      P50      P95      MAX
  border01                      7  7.94906  1.39347   2.0758  12.0247  31.1018
  border02                      4   4.7266  3.74599  4.10614  4.60762  6.44665
  concave                       8  5.36879  2.68945  4.40875   6.1068  12.4375
  quadrilaterals01              7  3.21818  2.10132  3.51017  3.84346  4.07491
  set01                         9  .872668  .369117  .468331  1.47982  2.58311
  set02                         9  .806611  .575064  .696601  1.10158  1.14231
  set03                         9  1.14681  .845238  .991546   1.1459  2.34953
  set04                        10  .191316   .13315  .182362  .248419  .253091

SplitMerge_Local
                              N       Mean      P05      P50      P95      MAX
  border01                      7  26.3234  5.11551  30.1227   34.441  39.5351
  border02                      4  18.7002  13.5896  14.8463  19.3416  27.0234
  concave                       8   10.704  6.86717  9.32108   14.787  15.3389
  quadrilaterals01              7  3.37266   2.2303  3.40513  4.06608   4.2213
  set01                         9  6.71259  5.00581  5.95604  9.10502  10.4308
  set02                         9  3.62481  2.39918  3.66039  4.56808   5.1378
  set03                         9  2.67915  1.91932   2.7493  3.19764  3.30165
  set04                        10  .849595  .577257  .791568  1.08564  1.19945

SplitMergeOld_Global
                              N       Mean      P05      P50      P95      MAX
  border01                      7  19.2513  2.44337  8.06895  30.2309  74.3663
  border02                      4  6.60154  5.04861  6.64315  6.88744  7.82696
  concave                       8  12.7603  2.37219  6.71304  19.2091  37.3272
  quadrilaterals01              7  10.1303  3.31466  6.14193  13.1851   33.735
  set01                         9  12.9157  1.29608  3.56646  34.2068  49.1656
  set02                         9  8.37402  .684659  2.01548  19.7207   44.868
  set03                         9  4.33587   .96845  2.41664  7.71241  10.8771
  set04                        10  1.40925  .928677  1.17041  2.08586  2.12008

SplitMergeOld_Local
                              N       Mean      P05      P50      P95      MAX
  border01                      7  128.187  20.4227   158.98  189.672  193.711
  border02                      4  82.4775  48.5644   76.304  96.0037  109.038
  concave                       8  31.8734  18.5543  21.7135  52.4903  55.4801
  quadrilaterals01              7  66.6209  7.91054  20.9307  62.8781  300.775
  set01                         9  331.846  108.233  215.973  549.032  776.337
  set02                         9  47.3341  17.6279  35.1117  67.8425  116.987
  set03                         9  52.4785  26.5224  54.2032  75.2127  86.3121
  set04                        10  16.2232  10.1129  14.2102  18.3372  29.7741

Summary:
                              N       Mean      P05      P50      P95      MAX
  SplitMerge_Global            63  2.65675  .171653  1.10691   6.1068  31.1018
  SplitMerge_Local             63  7.84048  .778073   4.2213  28.4453  39.5351
  SplitMergeOld_Global         63   9.1886  .928677  3.52675  34.2068  74.3663
  SplitMergeOld_Local          63  95.1699   11.111  48.5644  300.775  776.337
