# GENERATOR ECoCheckDetectionRegression
# Elapsed time in milliseconds

default
                              N       Mean      P05      P50      P95      MAX
  9x7e0n1/axis_blur0           20  43.0281  39.7262  41.8801  49.9077  56.8784
  9x7e0n1/axis_blur1           20  41.6026   39.617  41.8606  42.2715  42.3573
  9x7e0n1/axis_blur2           20  41.5838  39.6787  41.8337  42.7642  42.7697
  9x7e0n1/axis_blur3           20  43.1783  39.8526  42.3009   48.469  49.1185
  9x7e0n1/axis_blur4           20   42.568  40.5629   42.765  43.0921  43.1848
  9x7e0n1/fade                 12  51.3221  41.5765  43.1578  73.6919   101.42
  9x7e0n1/fisheye_blur0        30  42.6326  42.1248  42.3298  43.4195  45.5241
  9x7e0n1/fisheye_blur1        30  42.7104  42.2255  42.5395  43.4678  43.5705
  9x7e0n1/fisheye_blur2        30  42.9602  42.4587  42.7972  43.7635  43.7929
  9x7e0n1/linear_blur          42  41.7075  41.1767  41.6052  42.2319  43.1411
  9x7e0n1/move_away            40  40.3238  39.4936  39.9997   41.981  42.7285
  9x7e0n1/rotate_z             40  41.9922  41.1793  41.8598  43.0077  43.0292
  9x7e3n1/axis_blur0           20  58.1325  48.9728  55.3117  68.5791  71.5006
  9x7e3n1/axis_blur1           20  50.9522  41.3087  48.6528   63.137   68.869
  9x7e3n1/axis_blur2           20  44.5195  40.6007  44.4865  46.7962  47.7192
  9x7e3n1/axis_blur3           20  43.4989  40.6018  43.7821  45.0695  45.4026
  9x7e3n1/axis_blur4           20  42.9876  40.2972  43.2133  44.2416  44.6148
  9x7e3n1/fade                 12  53.2682  43.4319  44.2065  77.4157  102.824
  9x7e3n1/fisheye_blur0        30  44.6752  43.9316  44.5661  45.2045  49.6071
  9x7e3n1/fisheye_blur1        30  46.2656  44.3449   45.318   47.731  66.7242
  9x7e3n1/fisheye_blur2        30  45.4662  44.7215  45.2082  46.5363  49.4195
  9x7e3n1/linear_blur          42  43.7437    42.79  43.7534  44.6252  44.8845
  9x7e3n1/move_away            40  42.0336  40.7082  41.4737  45.1299  46.5322
  9x7e3n1/rotate_z             40   44.307  43.6305  44.1178  45.1595   45.965

Summary:
                              N       Mean      P05      P50      P95      MAX
  summary                     648  44.0936  40.2582  42.9133  49.9077  102.824
