# list of hand selected 2D points
220.12345679012347000000 156.79012345679013000000
250.37037037037038000000 163.08641975308643000000
235.30864197530866000000 184.32098765432100000000
204.56790123456790000000 176.79012345679013000000
282.12247191011240000000 169.58764044943814000000
314.05674157303355000000 176.99157303370790000000
301.01123595505620000000 198.87640449438200000000
267.64044943820220000000 191.01123595505618000000
348.77551020408160000000 184.48979591836732000000
382.45510204081626000000 191.83673469387753000000
371.32653061224490000000 215.10204081632650000000
336.12244897959180000000 206.73469387755100000000
321.94444444444440000000 232.22222222222220000000
358.70370370370370000000 241.01851851851850000000
345.74074074074070000000 268.33333333333330000000
307.96296296296293000000 258.05555555555554000000
251.88703703703698000000 215.22037037037032000000
285.92592592592590000000 223.61111111111110000000
270.46296296296293000000 249.25925925925924000000
235.74074074074073000000 239.81481481481480000000
187.01481481481474000000 199.88518518518510000000
217.77777777777777000000 207.22222222222220000000
201.29629629629628000000 231.11111111111110000000
169.35185185185185000000 222.68518518518516000000
149.81481481481480000000 249.16666666666666000000
181.87222222222212000000 258.12037037037044000000
162.62037037037030000000 285.76111111111100000000
129.64999999999992000000 275.37037037037030000000
217.28395061728395000000 268.02469135802470000000
253.08641975308643000000 277.03703703703707000000
235.80246913580248000000 307.16049382716050000000
198.51234567901224000000 295.77283950617280000000
291.48148148148147000000 288.14814814814815000000
330.61728395061730000000 297.77777777777777000000
315.55555555555554000000 329.62962962962960000000
275.30864197530866000000 317.65432098765433000000
256.79012345679010000000 352.83950617283955000000
298.02469135802470000000 364.93827160493830000000
280.16728395061720000000 400.78765432098760000000
238.02469135802470000000 386.29629629629630000000
178.76543209876544000000 328.27160493827160000000
216.04938271604940000000 340.00000000000000000000
195.92592592592592000000 372.34567901234567000000
157.28395061728395000000 358.51851851851853000000
107.90123456790124000000 305.27901234567895000000
141.48148148148150000000 316.29629629629630000000
119.50617283950618000000 346.79012345679010000000
85.67901234567901000000 335.18518518518520000000
