# list of hand selected 2D points
219.63636363636363000000 85.09090909090910000000
251.27272727272728000000 78.72727272727273000000
246.90909090909090000000 113.81818181818181000000
214.81481481481484000000 119.38271604938272000000
285.30864197530866000000 71.72839506172839000000
320.98765432098764000000 64.93827160493828000000
317.90123456790127000000 102.09876543209877000000
281.48148148148147000000 108.14814814814815000000
359.75308641975310000000 58.64197530864197500000
399.38271604938274000000 50.98765432098766000000
397.53086419753090000000 90.00000000000000000000
357.00740740740736000000 96.07283950617285000000
354.56790123456790000000 138.27160493827162000000
396.04938271604940000000 132.46913580246914000000
393.70370370370370000000 175.67901234567900000000
351.85185185185185000000 179.50617283950618000000
314.07407407407410000000 143.08641975308643000000
310.49382716049380000000 183.95061728395063000000
273.82716049382720000000 187.16049382716050000000
277.03703703703707000000 148.02469135802470000000
241.50185185185180000000 152.57222222222230000000
237.40740740740742000000 191.23456790123458000000
204.56790123456790000000 193.95061728395063000000
209.50617283950618000000 157.40740740740742000000
199.75308641975310000000 235.43209876543210000000
233.08641975308643000000 232.83950617283952000000
227.77777777777780000000 273.95061728395063000000
195.43209876543210000000 274.56790123456790000000
269.25925925925930000000 230.74074074074076000000
307.28395061728395000000 227.65432098765433000000
304.07407407407410000000 271.85185185185185000000
265.55555555555554000000 272.71604938271605000000
348.64197530864200000000 224.93827160493828000000
391.72839506172840000000 222.09876543209880000000
389.13580246913580000000 269.13580246913580000000
345.67901234567904000000 270.12345679012344000000
342.22222222222223000000 319.01234567901236000000
386.17283950617286000000 318.88888888888890000000
383.95061728395063000000 367.03703703703707000000
338.88888888888890000000 365.06172839506170000000
299.59459459459460000000 318.37837837837840000000
295.54054054054050000000 363.37837837837840000000
255.81081081081080000000 361.62162162162160000000
260.67567567567570000000 318.51351351351350000000
223.91891891891890000000 317.97297297297297000000
219.05405405405403000000 360.00000000000000000000
185.69054054054055000000 358.49864864864860000000
190.46486486486498000000 317.54729729729735000000
