# list of hand selected 2D points
434.32686567164170000000 101.54179104477612000000
458.20895522388060000000 123.58208955223880000000
431.19402985074623000000 137.31343283582090000000
406.86567164179104000000 114.17910447761194000000
484.92537313432837000000 147.61194029850745000000
511.19402985074623000000 172.83582089552237000000
483.88059701492534000000 188.50746268656715000000
457.61194029850750000000 162.68656716417910000000
539.45223880597020000000 200.19850746268654000000
567.76119402985070000000 227.61194029850745000000
541.19402985074620000000 245.82089552238804000000
512.13880597014930000000 216.31492537313417000000
481.34328358208955000000 235.07462686567163000000
510.29850746268653000000 265.22388059701490000000
479.10447761194030000000 285.97014925373134000000
449.70074626865664000000 253.57835820895505000000
426.41791044776120000000 178.05970149253730000000
452.68656716417910000000 205.37313432835820000000
420.74626865671640000000 222.98507462686567000000
394.82537313432834000000 194.37761194029850000000
375.67164179104475000000 128.05970149253730000000
399.55223880597015000000 151.19402985074626000000
368.20895522388060000000 167.16417910447760000000
345.22388059701490000000 141.34104477611930000000
310.29850746268660000000 157.46268656716418000000
333.88059701492534000000 182.98507462686567000000
298.80597014925370000000 200.44776119402985000000
276.11940298507460000000 173.43134328358200000000
359.30223880597010000000 212.23880597014926000000
385.82089552238807000000 241.64179104477610000000
350.44776119402985000000 262.08955223880594000000
324.47761194029850000000 230.39477611940282000000
414.77611940298505000000 274.47761194029850000000
443.58208955223880000000 307.46268656716416000000
407.46268656716416000000 330.44776119402985000000
379.00373134328350000000 295.12089552238790000000
338.95522388059703000000 318.05970149253733000000
368.20895522388060000000 354.32835820895520000000
327.61194029850750000000 378.95522388059703000000
299.40149253731335000000 339.89626865671620000000
285.07462686567163000000 250.00000000000000000000
311.49253731343280000000 282.38805970149250000000
272.23880597014926000000 303.58208955223880000000
247.21343283582087000000 268.45522388059690000000
238.80597014925374000000 189.85074626865670000000
260.74626865671644000000 218.20895522388060000000
222.83582089552237000000 236.71641791044775000000
201.34328358208955000000 208.05970149253730000000
