# list of hand selected 2D points
142.59259259259260000000 153.95061728395063000000
182.22222222222223000000 151.97530864197532000000
177.90123456790124000000 183.95061728395063000000
137.53086419753086000000 184.81481481481480000000
223.82716049382717000000 150.74074074074073000000
264.19753086419750000000 149.75308641975310000000
263.95061728395063000000 180.86419753086420000000
221.48148148148150000000 181.97530864197532000000
307.65432098765433000000 148.31543209876534000000
348.39506172839510000000 147.16049382716050000000
350.00000000000000000000 179.01234567901236000000
307.53086419753090000000 179.87654320987656000000
352.83950617283955000000 214.93827160493828000000
354.81481481481484000000 251.60493827160494000000
309.75308641975310000000 252.96296296296296000000
308.76543209876550000000 215.92592592592592000000
262.83950617283950000000 217.03703703703704000000
261.97530864197535000000 253.70370370370372000000
216.54320987654322000000 255.06172839506175000000
218.88888888888889000000 217.90123456790124000000
173.95061728395063000000 219.25925925925927000000
169.38271604938274000000 256.66666666666670000000
125.55555555555556000000 256.66666666666670000000
131.48148148148150000000 220.37037037037038000000
357.91044776119400000000 292.83582089552240000000
360.29850746268653000000 335.97014925373134000000
311.19402985074623000000 337.31343283582090000000
310.14925373134326000000 294.62686567164180000000
260.79626865671645000000 295.17238805970140000000
259.85074626865674000000 338.50746268656720000000
210.59701492537312000000 340.14925373134326000000
212.98507462686567000000 296.31641791044770000000
165.07462686567163000000 297.61194029850750000000
160.89552238805970000000 340.14925373134326000000
114.02985074626865000000 341.04477611940297000000
119.70149253731343000000 298.80597014925370000000
107.61194029850746000000 387.76119402985074000000
156.71641791044775000000 387.31343283582090000000
151.94029850746267000000 435.07462686567163000000
102.68656716417910000000 434.92537313432837000000
207.91044776119404000000 387.01492537313430000000
259.25373134328356000000 386.41791044776120000000
258.05970149253733000000 434.02985074626866000000
205.52238805970148000000 433.73134328358210000000
312.23880597014926000000 385.37313432835820000000
363.28358208955220000000 383.73134328358210000000
366.11940298507460000000 432.08955223880594000000
313.28358208955220000000 432.83582089552240000000
