# list of hand selected 2D points
405.20612244897956000000 72.96122448979592000000
433.87755102040813000000 82.85714285714285000000
418.06122448979590000000 109.48979591836734000000
388.57346938775504000000 98.67142857142856000000
466.32653061224490000000 92.85714285714285000000
497.95918367346934000000 103.26530612244898000000
481.93877551020404000000 131.32653061224488000000
449.79591836734690000000 119.38775510204081000000
532.34693877551010000000 115.30612244897958000000
565.61224489795920000000 126.73469387755101000000
551.02040816326530000000 155.81632653061223000000
516.18061224489830000000 143.47142857142853000000
500.46179775280893000000 174.61910112359547000000
534.49438202247190000000 187.97752808988764000000
517.97752808988760000000 220.22471910112358000000
482.80898876404490000000 205.50561797752810000000
433.09606741573030000000 149.22584269662917000000
465.61797752808985000000 161.01123595505618000000
447.97752808988764000000 192.13483146067415000000
415.39325842696627000000 178.42696629213484000000
371.74775280898876000000 126.64157303370787000000
401.46067415730334000000 137.19101123595505000000
384.04494382022470000000 166.17977528089887000000
353.48314606741570000000 153.93258426966293000000
335.69269662921346000000 184.34438202247188000000
365.39325842696627000000 196.29213483146066000000
346.96629213483146000000 227.19101123595505000000
316.85393258426967000000 213.70786516853930000000
397.52808988764040000000 210.67415730337078000000
430.00000000000000000000 224.04494382022472000000
411.46067415730334000000 256.06741573033710000000
378.53932584269660000000 241.12359550561797000000
465.42901234567900000000 239.30617283950613000000
500.04074074074060000000 253.97098765432090000000
481.89876543209874000000 287.54506172839490000000
446.41975308641975000000 271.72839506172840000000
427.33086419753084000000 307.62777777777774000000
462.83950617283955000000 324.93827160493830000000
443.33333333333337000000 359.25925925925930000000
407.33086419753084000000 341.21111111111117000000
358.73888888888890000000 275.08518518518520000000
391.49567901234550000000 290.64074074074074000000
373.20987654320990000000 323.33333333333337000000
338.88888888888890000000 306.41975308641975000000
297.28395061728395000000 245.43209876543210000000
327.13086419753080000000 259.65617283950620000000
307.53086419753090000000 290.49382716049380000000
278.14814814814815000000 275.67901234567904000000
