# list of hand selected 2D points
322.08955223880594000000 128.95522388059700000000
361.94029850746267000000 130.89552238805970000000
359.85074626865674000000 161.19402985074626000000
318.65671641791045000000 158.95522388059700000000
404.77611940298505000000 133.13432835820896000000
445.82089552238807000000 134.92537313432837000000
446.26865671641790000000 165.37313432835820000000
403.88059701492534000000 163.88059701492537000000
487.46268656716416000000 137.76119402985074000000
526.11940298507470000000 140.00000000000000000000
529.85074626865670000000 169.85074626865670000000
489.55223880597015000000 168.05970149253730000000
534.92537313432830000000 205.67164179104478000000
538.20895522388060000000 241.64179104477610000000
494.92537313432837000000 239.55223880597015000000
492.23880597014926000000 203.58208955223880000000
446.86567164179104000000 200.59701492537312000000
447.91044776119400000000 236.86567164179104000000
402.38805970149250000000 234.32835820895522000000
403.13432835820896000000 198.50746268656715000000
357.46268656716416000000 195.22388059701493000000
355.22388059701490000000 231.79104477611940000000
310.29850746268660000000 229.40298507462686000000
313.88059701492534000000 194.92537313432834000000
304.77611940298505000000 270.44776119402985000000
351.79104477611940000000 272.98507462686564000000
349.01639344262290000000 313.77049180327870000000
300.00000000000000000000 311.31147540983600000000
401.19402985074623000000 275.82089552238807000000
448.35820895522386000000 277.46268656716416000000
448.95522388059700000000 320.14925373134326000000
399.25373134328356000000 317.16417910447760000000
497.11111111111110000000 280.88888888888890000000
542.88888888888890000000 282.66666666666670000000
546.88888888888890000000 324.22222222222223000000
498.66666666666670000000 321.77777777777777000000
550.22222222222220000000 371.11111111111110000000
553.55555555555550000000 417.77777777777777000000
502.66666666666670000000 416.00000000000000000000
500.88888888888890000000 368.88888888888890000000
448.88888888888890000000 413.77777777777777000000
449.11111111111110000000 366.88888888888890000000
398.07222222222220000000 363.97222222222220000000
396.11666666666656000000 410.81666666666670000000
341.77777777777777000000 407.55555555555554000000
345.11111111111110000000 360.66666666666670000000
294.66666666666670000000 357.55555555555554000000
289.33333333333330000000 404.88888888888890000000
