# Detected Corner Points
331.00000000000000000000 116.00000000000000000000
160.00000000000000000000 24.00000000000000000000
181.00000000000000000000 401.00000000000000000000
334.00000000000000000000 116.00000000000000000000
52.00000000000000000000 96.00000000000000000000
336.00000000000000000000 133.00000000000000000000
371.00000000000000000000 88.00000000000000000000
288.00000000000000000000 185.00000000000000000000
285.00000000000000000000 186.00000000000000000000
300.00000000000000000000 96.00000000000000000000
32.00000000000000000000 494.00000000000000000000
93.00000000000000000000 303.00000000000000000000
243.00000000000000000000 409.00000000000000000000
230.00000000000000000000 259.00000000000000000000
223.00000000000000000000 412.00000000000000000000
229.00000000000000000000 412.00000000000000000000
145.00000000000000000000 136.00000000000000000000
183.00000000000000000000 136.00000000000000000000
382.00000000000000000000 164.00000000000000000000
68.00000000000000000000 99.00000000000000000000
255.00000000000000000000 370.00000000000000000000
181.00000000000000000000 80.00000000000000000000
234.00000000000000000000 415.00000000000000000000
277.00000000000000000000 216.00000000000000000000
134.00000000000000000000 185.00000000000000000000
363.00000000000000000000 79.00000000000000000000
127.00000000000000000000 187.00000000000000000000
100.00000000000000000000 139.00000000000000000000
108.00000000000000000000 137.00000000000000000000
390.00000000000000000000 255.00000000000000000000
293.00000000000000000000 98.00000000000000000000
123.00000000000000000000 137.00000000000000000000
109.00000000000000000000 297.00000000000000000000
73.00000000000000000000 79.00000000000000000000
227.00000000000000000000 323.00000000000000000000
274.00000000000000000000 138.00000000000000000000
342.00000000000000000000 137.00000000000000000000
284.00000000000000000000 182.00000000000000000000
406.00000000000000000000 73.00000000000000000000
163.00000000000000000000 211.00000000000000000000
340.00000000000000000000 127.00000000000000000000
275.00000000000000000000 166.00000000000000000000
331.00000000000000000000 127.00000000000000000000
401.00000000000000000000 303.00000000000000000000
52.00000000000000000000 103.00000000000000000000
399.00000000000000000000 332.00000000000000000000
292.00000000000000000000 70.00000000000000000000
234.00000000000000000000 255.00000000000000000000
67.00000000000000000000 103.00000000000000000000
373.00000000000000000000 325.00000000000000000000
126.00000000000000000000 430.00000000000000000000
47.00000000000000000000 490.00000000000000000000
55.00000000000000000000 69.00000000000000000000
51.00000000000000000000 70.00000000000000000000
45.00000000000000000000 70.00000000000000000000
361.00000000000000000000 113.00000000000000000000
293.00000000000000000000 126.00000000000000000000
199.00000000000000000000 125.00000000000000000000
294.00000000000000000000 65.00000000000000000000
128.00000000000000000000 182.00000000000000000000
177.00000000000000000000 143.00000000000000000000
35.00000000000000000000 14.00000000000000000000
325.00000000000000000000 64.00000000000000000000
309.00000000000000000000 103.00000000000000000000
346.00000000000000000000 115.00000000000000000000
329.00000000000000000000 102.00000000000000000000
322.00000000000000000000 115.00000000000000000000
253.00000000000000000000 291.00000000000000000000
51.00000000000000000000 64.00000000000000000000
414.00000000000000000000 144.00000000000000000000
212.00000000000000000000 206.00000000000000000000
325.00000000000000000000 61.00000000000000000000
263.00000000000000000000 59.00000000000000000000
68.00000000000000000000 191.00000000000000000000
87.00000000000000000000 232.00000000000000000000
60.00000000000000000000 147.00000000000000000000
313.00000000000000000000 114.00000000000000000000
94.00000000000000000000 105.00000000000000000000
336.00000000000000000000 14.00000000000000000000
241.00000000000000000000 286.00000000000000000000
335.00000000000000000000 349.00000000000000000000
326.00000000000000000000 347.00000000000000000000
56.00000000000000000000 56.00000000000000000000
274.00000000000000000000 163.00000000000000000000
329.00000000000000000000 55.00000000000000000000
225.00000000000000000000 55.00000000000000000000
126.00000000000000000000 119.00000000000000000000
425.00000000000000000000 51.00000000000000000000
313.00000000000000000000 106.00000000000000000000
316.00000000000000000000 349.00000000000000000000
316.00000000000000000000 106.00000000000000000000
157.00000000000000000000 234.00000000000000000000
129.00000000000000000000 120.00000000000000000000
42.00000000000000000000 50.00000000000000000000
374.00000000000000000000 48.00000000000000000000
319.00000000000000000000 124.00000000000000000000
88.00000000000000000000 236.00000000000000000000
257.00000000000000000000 376.00000000000000000000
309.00000000000000000000 107.00000000000000000000
246.00000000000000000000 238.00000000000000000000
323.00000000000000000000 109.00000000000000000000
149.00000000000000000000 153.00000000000000000000
106.00000000000000000000 42.00000000000000000000
41.00000000000000000000 43.00000000000000000000
330.00000000000000000000 121.00000000000000000000
190.00000000000000000000 593.00000000000000000000
336.00000000000000000000 119.00000000000000000000
323.00000000000000000000 154.00000000000000000000
175.00000000000000000000 543.00000000000000000000
205.00000000000000000000 239.00000000000000000000
417.00000000000000000000 153.00000000000000000000
415.00000000000000000000 35.00000000000000000000
96.00000000000000000000 309.00000000000000000000
226.00000000000000000000 243.00000000000000000000
163.00000000000000000000 274.00000000000000000000
40.00000000000000000000 37.00000000000000000000
167.00000000000000000000 155.00000000000000000000
441.00000000000000000000 271.00000000000000000000
286.00000000000000000000 477.00000000000000000000
268.00000000000000000000 271.00000000000000000000
38.00000000000000000000 32.00000000000000000000
388.00000000000000000000 157.00000000000000000000
213.00000000000000000000 247.00000000000000000000
426.00000000000000000000 26.00000000000000000000
357.00000000000000000000 26.00000000000000000000
286.00000000000000000000 110.00000000000000000000
295.00000000000000000000 112.00000000000000000000
36.00000000000000000000 25.00000000000000000000
379.00000000000000000000 159.00000000000000000000
409.00000000000000000000 24.00000000000000000000
366.00000000000000000000 24.00000000000000000000
117.00000000000000000000 25.00000000000000000000
345.00000000000000000000 111.00000000000000000000
371.00000000000000000000 94.00000000000000000000
155.00000000000000000000 47.00000000000000000000
294.00000000000000000000 30.00000000000000000000
407.00000000000000000000 178.00000000000000000000
327.00000000000000000000 149.00000000000000000000
385.00000000000000000000 45.00000000000000000000
378.00000000000000000000 527.00000000000000000000
261.00000000000000000000 225.00000000000000000000
255.00000000000000000000 46.00000000000000000000
196.00000000000000000000 158.00000000000000000000
96.00000000000000000000 80.00000000000000000000
237.00000000000000000000 51.00000000000000000000
398.00000000000000000000 335.00000000000000000000
118.00000000000000000000 42.00000000000000000000
112.00000000000000000000 42.00000000000000000000
266.00000000000000000000 52.00000000000000000000
116.00000000000000000000 130.00000000000000000000
66.00000000000000000000 115.00000000000000000000
405.00000000000000000000 506.00000000000000000000
282.00000000000000000000 483.00000000000000000000
298.00000000000000000000 70.00000000000000000000
200.00000000000000000000 128.00000000000000000000
125.00000000000000000000 220.00000000000000000000
282.00000000000000000000 129.00000000000000000000
198.00000000000000000000 241.00000000000000000000
146.00000000000000000000 39.00000000000000000000
53.00000000000000000000 88.00000000000000000000
114.00000000000000000000 167.00000000000000000000
160.00000000000000000000 162.00000000000000000000
116.00000000000000000000 160.00000000000000000000
443.00000000000000000000 303.00000000000000000000
404.00000000000000000000 36.00000000000000000000
95.00000000000000000000 11.00000000000000000000
359.00000000000000000000 174.00000000000000000000
383.00000000000000000000 15.00000000000000000000
110.00000000000000000000 141.00000000000000000000
230.00000000000000000000 58.00000000000000000000
326.00000000000000000000 163.00000000000000000000
334.00000000000000000000 588.00000000000000000000
335.00000000000000000000 138.00000000000000000000
82.00000000000000000000 29.00000000000000000000
145.00000000000000000000 32.00000000000000000000
338.00000000000000000000 99.00000000000000000000
233.00000000000000000000 91.00000000000000000000
301.00000000000000000000 144.00000000000000000000
120.00000000000000000000 96.00000000000000000000
264.00000000000000000000 270.00000000000000000000
58.00000000000000000000 142.00000000000000000000
242.00000000000000000000 225.00000000000000000000
288.00000000000000000000 30.00000000000000000000
433.00000000000000000000 219.00000000000000000000
144.00000000000000000000 431.00000000000000000000
124.00000000000000000000 24.00000000000000000000
338.00000000000000000000 19.00000000000000000000
261.00000000000000000000 46.00000000000000000000
163.00000000000000000000 535.00000000000000000000
399.00000000000000000000 85.00000000000000000000
419.00000000000000000000 296.00000000000000000000
128.00000000000000000000 165.00000000000000000000
239.00000000000000000000 281.00000000000000000000
313.00000000000000000000 55.00000000000000000000
360.00000000000000000000 58.00000000000000000000
298.00000000000000000000 178.00000000000000000000
356.00000000000000000000 55.00000000000000000000
323.00000000000000000000 327.00000000000000000000
347.00000000000000000000 186.00000000000000000000
145.00000000000000000000 29.00000000000000000000
