# Detected Corner Points
67.00000000000000000000 101.00000000000000000000
32.00000000000000000000 495.00000000000000000000
376.00000000000000000000 50.00000000000000000000
225.00000000000000000000 54.00000000000000000000
234.00000000000000000000 255.00000000000000000000
388.00000000000000000000 156.00000000000000000000
315.00000000000000000000 350.00000000000000000000
107.00000000000000000000 43.00000000000000000000
382.00000000000000000000 162.00000000000000000000
245.00000000000000000000 239.00000000000000000000
230.00000000000000000000 59.00000000000000000000
324.00000000000000000000 60.00000000000000000000
145.00000000000000000000 38.00000000000000000000
276.00000000000000000000 165.00000000000000000000
293.00000000000000000000 64.00000000000000000000
403.00000000000000000000 303.00000000000000000000
158.00000000000000000000 233.00000000000000000000
53.00000000000000000000 69.00000000000000000000
47.00000000000000000000 73.00000000000000000000
41.00000000000000000000 37.00000000000000000000
328.00000000000000000000 149.00000000000000000000
60.00000000000000000000 148.00000000000000000000
72.00000000000000000000 79.00000000000000000000
449.00000000000000000000 221.00000000000000000000
362.00000000000000000000 80.00000000000000000000
266.00000000000000000000 269.00000000000000000000
147.00000000000000000000 29.00000000000000000000
343.00000000000000000000 137.00000000000000000000
336.00000000000000000000 138.00000000000000000000
266.00000000000000000000 297.00000000000000000000
275.00000000000000000000 139.00000000000000000000
144.00000000000000000000 31.00000000000000000000
123.00000000000000000000 137.00000000000000000000
109.00000000000000000000 139.00000000000000000000
38.00000000000000000000 31.00000000000000000000
100.00000000000000000000 138.00000000000000000000
293.00000000000000000000 96.00000000000000000000
300.00000000000000000000 95.00000000000000000000
409.00000000000000000000 24.00000000000000000000
126.00000000000000000000 429.00000000000000000000
366.00000000000000000000 25.00000000000000000000
355.00000000000000000000 24.00000000000000000000
53.00000000000000000000 100.00000000000000000000
405.00000000000000000000 508.00000000000000000000
337.00000000000000000000 132.00000000000000000000
331.00000000000000000000 132.00000000000000000000
161.00000000000000000000 24.00000000000000000000
449.00000000000000000000 273.00000000000000000000
128.00000000000000000000 183.00000000000000000000
319.00000000000000000000 101.00000000000000000000
37.00000000000000000000 24.00000000000000000000
182.00000000000000000000 130.00000000000000000000
53.00000000000000000000 104.00000000000000000000
315.00000000000000000000 105.00000000000000000000
54.00000000000000000000 107.00000000000000000000
312.00000000000000000000 107.00000000000000000000
284.00000000000000000000 182.00000000000000000000
235.00000000000000000000 415.00000000000000000000
322.00000000000000000000 109.00000000000000000000
96.00000000000000000000 308.00000000000000000000
314.00000000000000000000 114.00000000000000000000
46.00000000000000000000 490.00000000000000000000
320.00000000000000000000 114.00000000000000000000
339.00000000000000000000 127.00000000000000000000
331.00000000000000000000 126.00000000000000000000
133.00000000000000000000 186.00000000000000000000
200.00000000000000000000 127.00000000000000000000
324.00000000000000000000 114.00000000000000000000
287.00000000000000000000 186.00000000000000000000
329.00000000000000000000 115.00000000000000000000
332.00000000000000000000 115.00000000000000000000
240.00000000000000000000 405.00000000000000000000
330.00000000000000000000 122.00000000000000000000
319.00000000000000000000 124.00000000000000000000
127.00000000000000000000 118.00000000000000000000
36.00000000000000000000 14.00000000000000000000
240.00000000000000000000 285.00000000000000000000
200.00000000000000000000 124.00000000000000000000
242.00000000000000000000 409.00000000000000000000
145.00000000000000000000 495.00000000000000000000
94.00000000000000000000 303.00000000000000000000
213.00000000000000000000 246.00000000000000000000
241.00000000000000000000 225.00000000000000000000
385.00000000000000000000 44.00000000000000000000
69.00000000000000000000 192.00000000000000000000
193.00000000000000000000 415.00000000000000000000
224.00000000000000000000 413.00000000000000000000
43.00000000000000000000 50.00000000000000000000
362.00000000000000000000 113.00000000000000000000
324.00000000000000000000 346.00000000000000000000
309.00000000000000000000 51.00000000000000000000
162.00000000000000000000 17.00000000000000000000
337.00000000000000000000 13.00000000000000000000
226.00000000000000000000 242.00000000000000000000
53.00000000000000000000 4.00000000000000000000
95.00000000000000000000 11.00000000000000000000
66.00000000000000000000 115.00000000000000000000
236.00000000000000000000 53.00000000000000000000
182.00000000000000000000 402.00000000000000000000
343.00000000000000000000 110.00000000000000000000
286.00000000000000000000 112.00000000000000000000
133.00000000000000000000 196.00000000000000000000
230.00000000000000000000 413.00000000000000000000
115.00000000000000000000 130.00000000000000000000
286.00000000000000000000 109.00000000000000000000
119.00000000000000000000 129.00000000000000000000
214.00000000000000000000 243.00000000000000000000
321.00000000000000000000 347.00000000000000000000
313.00000000000000000000 9.00000000000000000000
95.00000000000000000000 106.00000000000000000000
323.00000000000000000000 20.00000000000000000000
424.00000000000000000000 20.00000000000000000000
275.00000000000000000000 10.00000000000000000000
108.00000000000000000000 295.00000000000000000000
416.00000000000000000000 155.00000000000000000000
213.00000000000000000000 204.00000000000000000000
294.00000000000000000000 128.00000000000000000000
55.00000000000000000000 56.00000000000000000000
281.00000000000000000000 131.00000000000000000000
442.00000000000000000000 272.00000000000000000000
323.00000000000000000000 155.00000000000000000000
286.00000000000000000000 477.00000000000000000000
337.00000000000000000000 98.00000000000000000000
225.00000000000000000000 323.00000000000000000000
322.00000000000000000000 100.00000000000000000000
283.00000000000000000000 99.00000000000000000000
402.00000000000000000000 509.00000000000000000000
373.00000000000000000000 324.00000000000000000000
269.00000000000000000000 43.00000000000000000000
117.00000000000000000000 98.00000000000000000000
340.00000000000000000000 23.00000000000000000000
196.00000000000000000000 476.00000000000000000000
109.00000000000000000000 136.00000000000000000000
184.00000000000000000000 135.00000000000000000000
328.00000000000000000000 56.00000000000000000000
307.00000000000000000000 6.00000000000000000000
254.00000000000000000000 293.00000000000000000000
406.00000000000000000000 177.00000000000000000000
237.00000000000000000000 97.00000000000000000000
119.00000000000000000000 42.00000000000000000000
122.00000000000000000000 95.00000000000000000000
53.00000000000000000000 97.00000000000000000000
190.00000000000000000000 594.00000000000000000000
293.00000000000000000000 92.00000000000000000000
390.00000000000000000000 256.00000000000000000000
292.00000000000000000000 374.00000000000000000000
426.00000000000000000000 26.00000000000000000000
284.00000000000000000000 61.00000000000000000000
189.00000000000000000000 4.00000000000000000000
371.00000000000000000000 88.00000000000000000000
349.00000000000000000000 86.00000000000000000000
145.00000000000000000000 137.00000000000000000000
359.00000000000000000000 59.00000000000000000000
398.00000000000000000000 333.00000000000000000000
178.00000000000000000000 142.00000000000000000000
253.00000000000000000000 371.00000000000000000000
115.00000000000000000000 88.00000000000000000000
112.00000000000000000000 87.00000000000000000000
175.00000000000000000000 543.00000000000000000000
324.00000000000000000000 64.00000000000000000000
343.00000000000000000000 64.00000000000000000000
125.00000000000000000000 219.00000000000000000000
149.00000000000000000000 153.00000000000000000000
88.00000000000000000000 233.00000000000000000000
420.00000000000000000000 297.00000000000000000000
355.00000000000000000000 80.00000000000000000000
181.00000000000000000000 80.00000000000000000000
379.00000000000000000000 328.00000000000000000000
97.00000000000000000000 80.00000000000000000000
316.00000000000000000000 360.00000000000000000000
343.00000000000000000000 70.00000000000000000000
378.00000000000000000000 527.00000000000000000000
404.00000000000000000000 37.00000000000000000000
328.00000000000000000000 166.00000000000000000000
298.00000000000000000000 71.00000000000000000000
407.00000000000000000000 73.00000000000000000000
324.00000000000000000000 145.00000000000000000000
332.00000000000000000000 165.00000000000000000000
124.00000000000000000000 35.00000000000000000000
208.00000000000000000000 74.00000000000000000000
238.00000000000000000000 280.00000000000000000000
319.00000000000000000000 29.00000000000000000000
299.00000000000000000000 145.00000000000000000000
114.00000000000000000000 166.00000000000000000000
229.00000000000000000000 405.00000000000000000000
313.00000000000000000000 54.00000000000000000000
353.00000000000000000000 17.00000000000000000000
102.00000000000000000000 260.00000000000000000000
166.00000000000000000000 154.00000000000000000000
297.00000000000000000000 33.00000000000000000000
261.00000000000000000000 48.00000000000000000000
59.00000000000000000000 140.00000000000000000000
270.00000000000000000000 264.00000000000000000000
367.00000000000000000000 96.00000000000000000000
432.00000000000000000000 156.00000000000000000000
127.00000000000000000000 163.00000000000000000000
110.00000000000000000000 83.00000000000000000000
320.00000000000000000000 61.00000000000000000000
398.00000000000000000000 79.00000000000000000000
194.00000000000000000000 4.00000000000000000000
