# Detected Corner Points
408.00000000000000000000 116.00000000000000000000
293.00000000000000000000 97.00000000000000000000
129.00000000000000000000 119.00000000000000000000
230.00000000000000000000 170.00000000000000000000
285.00000000000000000000 187.00000000000000000000
243.00000000000000000000 286.00000000000000000000
316.00000000000000000000 119.00000000000000000000
331.00000000000000000000 121.00000000000000000000
264.00000000000000000000 59.00000000000000000000
98.00000000000000000000 170.00000000000000000000
96.00000000000000000000 309.00000000000000000000
153.00000000000000000000 155.00000000000000000000
232.00000000000000000000 255.00000000000000000000
336.00000000000000000000 14.00000000000000000000
394.00000000000000000000 53.00000000000000000000
181.00000000000000000000 556.00000000000000000000
318.00000000000000000000 102.00000000000000000000
134.00000000000000000000 458.00000000000000000000
46.00000000000000000000 490.00000000000000000000
386.00000000000000000000 157.00000000000000000000
129.00000000000000000000 32.00000000000000000000
383.00000000000000000000 60.00000000000000000000
402.00000000000000000000 379.00000000000000000000
384.00000000000000000000 523.00000000000000000000
419.00000000000000000000 296.00000000000000000000
96.00000000000000000000 278.00000000000000000000
277.00000000000000000000 173.00000000000000000000
40.00000000000000000000 38.00000000000000000000
148.00000000000000000000 493.00000000000000000000
257.00000000000000000000 376.00000000000000000000
67.00000000000000000000 103.00000000000000000000
77.00000000000000000000 31.00000000000000000000
51.00000000000000000000 63.00000000000000000000
69.00000000000000000000 98.00000000000000000000
360.00000000000000000000 174.00000000000000000000
426.00000000000000000000 26.00000000000000000000
361.00000000000000000000 113.00000000000000000000
346.00000000000000000000 115.00000000000000000000
226.00000000000000000000 242.00000000000000000000
330.00000000000000000000 115.00000000000000000000
93.00000000000000000000 303.00000000000000000000
362.00000000000000000000 72.00000000000000000000
93.00000000000000000000 105.00000000000000000000
325.00000000000000000000 115.00000000000000000000
336.00000000000000000000 122.00000000000000000000
365.00000000000000000000 26.00000000000000000000
425.00000000000000000000 51.00000000000000000000
377.00000000000000000000 2.00000000000000000000
95.00000000000000000000 306.00000000000000000000
122.00000000000000000000 106.00000000000000000000
405.00000000000000000000 39.00000000000000000000
30.00000000000000000000 503.00000000000000000000
231.00000000000000000000 259.00000000000000000000
41.00000000000000000000 43.00000000000000000000
177.00000000000000000000 142.00000000000000000000
284.00000000000000000000 183.00000000000000000000
286.00000000000000000000 114.00000000000000000000
316.00000000000000000000 106.00000000000000000000
338.00000000000000000000 19.00000000000000000000
331.00000000000000000000 127.00000000000000000000
90.00000000000000000000 141.00000000000000000000
413.00000000000000000000 546.00000000000000000000
275.00000000000000000000 166.00000000000000000000
292.00000000000000000000 373.00000000000000000000
187.00000000000000000000 78.00000000000000000000
448.00000000000000000000 273.00000000000000000000
126.00000000000000000000 22.00000000000000000000
196.00000000000000000000 158.00000000000000000000
338.00000000000000000000 130.00000000000000000000
87.00000000000000000000 26.00000000000000000000
114.00000000000000000000 166.00000000000000000000
65.00000000000000000000 115.00000000000000000000
276.00000000000000000000 10.00000000000000000000
229.00000000000000000000 412.00000000000000000000
123.00000000000000000000 137.00000000000000000000
392.00000000000000000000 390.00000000000000000000
325.00000000000000000000 111.00000000000000000000
379.00000000000000000000 160.00000000000000000000
312.00000000000000000000 110.00000000000000000000
185.00000000000000000000 10.00000000000000000000
214.00000000000000000000 252.00000000000000000000
53.00000000000000000000 88.00000000000000000000
180.00000000000000000000 80.00000000000000000000
184.00000000000000000000 136.00000000000000000000
382.00000000000000000000 163.00000000000000000000
135.00000000000000000000 226.00000000000000000000
390.00000000000000000000 256.00000000000000000000
174.00000000000000000000 542.00000000000000000000
246.00000000000000000000 253.00000000000000000000
111.00000000000000000000 81.00000000000000000000
378.00000000000000000000 526.00000000000000000000
117.00000000000000000000 25.00000000000000000000
221.00000000000000000000 66.00000000000000000000
372.00000000000000000000 89.00000000000000000000
330.00000000000000000000 174.00000000000000000000
133.00000000000000000000 185.00000000000000000000
447.00000000000000000000 298.00000000000000000000
159.00000000000000000000 354.00000000000000000000
332.00000000000000000000 234.00000000000000000000
256.00000000000000000000 21.00000000000000000000
111.00000000000000000000 43.00000000000000000000
281.00000000000000000000 129.00000000000000000000
313.00000000000000000000 111.00000000000000000000
183.00000000000000000000 135.00000000000000000000
125.00000000000000000000 23.00000000000000000000
324.00000000000000000000 110.00000000000000000000
359.00000000000000000000 175.00000000000000000000
231.00000000000000000000 59.00000000000000000000
256.00000000000000000000 375.00000000000000000000
387.00000000000000000000 155.00000000000000000000
327.00000000000000000000 115.00000000000000000000
57.00000000000000000000 55.00000000000000000000
323.00000000000000000000 155.00000000000000000000
294.00000000000000000000 69.00000000000000000000
94.00000000000000000000 305.00000000000000000000
317.00000000000000000000 120.00000000000000000000
44.00000000000000000000 492.00000000000000000000
329.00000000000000000000 122.00000000000000000000
331.00000000000000000000 235.00000000000000000000
235.00000000000000000000 254.00000000000000000000
170.00000000000000000000 149.00000000000000000000
129.00000000000000000000 183.00000000000000000000
320.00000000000000000000 109.00000000000000000000
449.00000000000000000000 112.00000000000000000000
95.00000000000000000000 308.00000000000000000000
449.00000000000000000000 274.00000000000000000000
178.00000000000000000000 143.00000000000000000000
149.00000000000000000000 153.00000000000000000000
333.00000000000000000000 130.00000000000000000000
67.00000000000000000000 115.00000000000000000000
192.00000000000000000000 401.00000000000000000000
239.00000000000000000000 286.00000000000000000000
284.00000000000000000000 57.00000000000000000000
231.00000000000000000000 256.00000000000000000000
408.00000000000000000000 378.00000000000000000000
398.00000000000000000000 84.00000000000000000000
292.00000000000000000000 126.00000000000000000000
286.00000000000000000000 186.00000000000000000000
66.00000000000000000000 140.00000000000000000000
281.00000000000000000000 382.00000000000000000000
312.00000000000000000000 53.00000000000000000000
387.00000000000000000000 158.00000000000000000000
214.00000000000000000000 244.00000000000000000000
129.00000000000000000000 257.00000000000000000000
267.00000000000000000000 272.00000000000000000000
224.00000000000000000000 324.00000000000000000000
314.00000000000000000000 105.00000000000000000000
337.00000000000000000000 598.00000000000000000000
189.00000000000000000000 27.00000000000000000000
310.00000000000000000000 106.00000000000000000000
175.00000000000000000000 543.00000000000000000000
116.00000000000000000000 131.00000000000000000000
67.00000000000000000000 99.00000000000000000000
70.00000000000000000000 99.00000000000000000000
115.00000000000000000000 2.00000000000000000000
210.00000000000000000000 320.00000000000000000000
111.00000000000000000000 99.00000000000000000000
297.00000000000000000000 69.00000000000000000000
371.00000000000000000000 88.00000000000000000000
228.00000000000000000000 413.00000000000000000000
234.00000000000000000000 297.00000000000000000000
215.00000000000000000000 204.00000000000000000000
119.00000000000000000000 43.00000000000000000000
64.00000000000000000000 105.00000000000000000000
249.00000000000000000000 146.00000000000000000000
379.00000000000000000000 527.00000000000000000000
257.00000000000000000000 22.00000000000000000000
275.00000000000000000000 9.00000000000000000000
337.00000000000000000000 131.00000000000000000000
258.00000000000000000000 247.00000000000000000000
335.00000000000000000000 121.00000000000000000000
382.00000000000000000000 165.00000000000000000000
181.00000000000000000000 129.00000000000000000000
319.00000000000000000000 101.00000000000000000000
106.00000000000000000000 263.00000000000000000000
280.00000000000000000000 163.00000000000000000000
121.00000000000000000000 105.00000000000000000000
399.00000000000000000000 77.00000000000000000000
319.00000000000000000000 116.00000000000000000000
279.00000000000000000000 96.00000000000000000000
263.00000000000000000000 42.00000000000000000000
304.00000000000000000000 300.00000000000000000000
354.00000000000000000000 17.00000000000000000000
376.00000000000000000000 314.00000000000000000000
270.00000000000000000000 15.00000000000000000000
294.00000000000000000000 74.00000000000000000000
323.00000000000000000000 143.00000000000000000000
211.00000000000000000000 583.00000000000000000000
45.00000000000000000000 489.00000000000000000000
225.00000000000000000000 244.00000000000000000000
152.00000000000000000000 153.00000000000000000000
45.00000000000000000000 54.00000000000000000000
225.00000000000000000000 508.00000000000000000000
103.00000000000000000000 261.00000000000000000000
326.00000000000000000000 60.00000000000000000000
326.00000000000000000000 129.00000000000000000000
276.00000000000000000000 140.00000000000000000000
176.00000000000000000000 128.00000000000000000000
385.00000000000000000000 522.00000000000000000000
87.00000000000000000000 237.00000000000000000000
