# Detected Corner Points
332.00000000000000000000 236.00000000000000000000
224.00000000000000000000 265.00000000000000000000
312.00000000000000000000 218.00000000000000000000
312.00000000000000000000 107.00000000000000000000
338.00000000000000000000 132.00000000000000000000
402.00000000000000000000 218.00000000000000000000
386.00000000000000000000 319.00000000000000000000
226.00000000000000000000 256.00000000000000000000
226.00000000000000000000 56.00000000000000000000
183.00000000000000000000 134.00000000000000000000
280.00000000000000000000 130.00000000000000000000
287.00000000000000000000 476.00000000000000000000
43.00000000000000000000 491.00000000000000000000
89.00000000000000000000 79.00000000000000000000
307.00000000000000000000 163.00000000000000000000
326.00000000000000000000 163.00000000000000000000
330.00000000000000000000 133.00000000000000000000
383.00000000000000000000 164.00000000000000000000
338.00000000000000000000 353.00000000000000000000
181.00000000000000000000 556.00000000000000000000
27.00000000000000000000 476.00000000000000000000
316.00000000000000000000 358.00000000000000000000
379.00000000000000000000 162.00000000000000000000
334.00000000000000000000 133.00000000000000000000
251.00000000000000000000 259.00000000000000000000
223.00000000000000000000 222.00000000000000000000
107.00000000000000000000 264.00000000000000000000
330.00000000000000000000 358.00000000000000000000
308.00000000000000000000 111.00000000000000000000
314.00000000000000000000 110.00000000000000000000
322.00000000000000000000 111.00000000000000000000
403.00000000000000000000 209.00000000000000000000
217.00000000000000000000 224.00000000000000000000
320.00000000000000000000 160.00000000000000000000
278.00000000000000000000 97.00000000000000000000
341.00000000000000000000 127.00000000000000000000
246.00000000000000000000 253.00000000000000000000
236.00000000000000000000 255.00000000000000000000
241.00000000000000000000 404.00000000000000000000
402.00000000000000000000 379.00000000000000000000
331.00000000000000000000 129.00000000000000000000
232.00000000000000000000 255.00000000000000000000
347.00000000000000000000 74.00000000000000000000
274.00000000000000000000 278.00000000000000000000
148.00000000000000000000 493.00000000000000000000
353.00000000000000000000 18.00000000000000000000
283.00000000000000000000 99.00000000000000000000
56.00000000000000000000 68.00000000000000000000
313.00000000000000000000 171.00000000000000000000
335.00000000000000000000 136.00000000000000000000
104.00000000000000000000 255.00000000000000000000
393.00000000000000000000 16.00000000000000000000
285.00000000000000000000 58.00000000000000000000
330.00000000000000000000 252.00000000000000000000
86.00000000000000000000 86.00000000000000000000
305.00000000000000000000 301.00000000000000000000
289.00000000000000000000 251.00000000000000000000
330.00000000000000000000 174.00000000000000000000
239.00000000000000000000 282.00000000000000000000
278.00000000000000000000 251.00000000000000000000
360.00000000000000000000 174.00000000000000000000
344.00000000000000000000 136.00000000000000000000
386.00000000000000000000 157.00000000000000000000
242.00000000000000000000 410.00000000000000000000
221.00000000000000000000 252.00000000000000000000
58.00000000000000000000 139.00000000000000000000
214.00000000000000000000 252.00000000000000000000
210.00000000000000000000 206.00000000000000000000
221.00000000000000000000 66.00000000000000000000
206.00000000000000000000 206.00000000000000000000
253.00000000000000000000 157.00000000000000000000
423.00000000000000000000 542.00000000000000000000
268.00000000000000000000 273.00000000000000000000
334.00000000000000000000 349.00000000000000000000
177.00000000000000000000 140.00000000000000000000
361.00000000000000000000 76.00000000000000000000
242.00000000000000000000 283.00000000000000000000
196.00000000000000000000 158.00000000000000000000
54.00000000000000000000 54.00000000000000000000
174.00000000000000000000 542.00000000000000000000
407.00000000000000000000 176.00000000000000000000
208.00000000000000000000 75.00000000000000000000
223.00000000000000000000 325.00000000000000000000
229.00000000000000000000 412.00000000000000000000
106.00000000000000000000 159.00000000000000000000
256.00000000000000000000 21.00000000000000000000
264.00000000000000000000 19.00000000000000000000
289.00000000000000000000 76.00000000000000000000
405.00000000000000000000 80.00000000000000000000
296.00000000000000000000 141.00000000000000000000
191.00000000000000000000 416.00000000000000000000
254.00000000000000000000 366.00000000000000000000
328.00000000000000000000 141.00000000000000000000
350.00000000000000000000 140.00000000000000000000
242.00000000000000000000 226.00000000000000000000
260.00000000000000000000 456.00000000000000000000
243.00000000000000000000 286.00000000000000000000
54.00000000000000000000 101.00000000000000000000
69.00000000000000000000 100.00000000000000000000
317.00000000000000000000 104.00000000000000000000
227.00000000000000000000 262.00000000000000000000
181.00000000000000000000 203.00000000000000000000
322.00000000000000000000 156.00000000000000000000
338.00000000000000000000 126.00000000000000000000
331.00000000000000000000 124.00000000000000000000
328.00000000000000000000 112.00000000000000000000
311.00000000000000000000 126.00000000000000000000
106.00000000000000000000 44.00000000000000000000
226.00000000000000000000 507.00000000000000000000
324.00000000000000000000 144.00000000000000000000
353.00000000000000000000 142.00000000000000000000
421.00000000000000000000 295.00000000000000000000
51.00000000000000000000 71.00000000000000000000
278.00000000000000000000 376.00000000000000000000
356.00000000000000000000 144.00000000000000000000
346.00000000000000000000 508.00000000000000000000
289.00000000000000000000 51.00000000000000000000
232.00000000000000000000 197.00000000000000000000
392.00000000000000000000 327.00000000000000000000
120.00000000000000000000 184.00000000000000000000
126.00000000000000000000 186.00000000000000000000
200.00000000000000000000 126.00000000000000000000
264.00000000000000000000 43.00000000000000000000
305.00000000000000000000 193.00000000000000000000
235.00000000000000000000 296.00000000000000000000
219.00000000000000000000 511.00000000000000000000
51.00000000000000000000 63.00000000000000000000
101.00000000000000000000 247.00000000000000000000
26.00000000000000000000 428.00000000000000000000
378.00000000000000000000 528.00000000000000000000
199.00000000000000000000 233.00000000000000000000
336.00000000000000000000 122.00000000000000000000
285.00000000000000000000 185.00000000000000000000
173.00000000000000000000 145.00000000000000000000
283.00000000000000000000 22.00000000000000000000
318.00000000000000000000 115.00000000000000000000
324.00000000000000000000 153.00000000000000000000
63.00000000000000000000 104.00000000000000000000
127.00000000000000000000 193.00000000000000000000
343.00000000000000000000 24.00000000000000000000
254.00000000000000000000 146.00000000000000000000
226.00000000000000000000 242.00000000000000000000
260.00000000000000000000 340.00000000000000000000
330.00000000000000000000 146.00000000000000000000
268.00000000000000000000 267.00000000000000000000
231.00000000000000000000 63.00000000000000000000
127.00000000000000000000 119.00000000000000000000
129.00000000000000000000 237.00000000000000000000
111.00000000000000000000 190.00000000000000000000
157.00000000000000000000 235.00000000000000000000
254.00000000000000000000 292.00000000000000000000
310.00000000000000000000 48.00000000000000000000
121.00000000000000000000 151.00000000000000000000
297.00000000000000000000 294.00000000000000000000
292.00000000000000000000 373.00000000000000000000
296.00000000000000000000 70.00000000000000000000
169.00000000000000000000 150.00000000000000000000
257.00000000000000000000 374.00000000000000000000
255.00000000000000000000 265.00000000000000000000
363.00000000000000000000 89.00000000000000000000
314.00000000000000000000 188.00000000000000000000
316.00000000000000000000 119.00000000000000000000
360.00000000000000000000 294.00000000000000000000
245.00000000000000000000 266.00000000000000000000
372.00000000000000000000 89.00000000000000000000
323.00000000000000000000 106.00000000000000000000
255.00000000000000000000 295.00000000000000000000
287.00000000000000000000 379.00000000000000000000
367.00000000000000000000 100.00000000000000000000
320.00000000000000000000 103.00000000000000000000
301.00000000000000000000 201.00000000000000000000
223.00000000000000000000 113.00000000000000000000
316.00000000000000000000 327.00000000000000000000
31.00000000000000000000 495.00000000000000000000
315.00000000000000000000 253.00000000000000000000
381.00000000000000000000 155.00000000000000000000
222.00000000000000000000 243.00000000000000000000
366.00000000000000000000 94.00000000000000000000
194.00000000000000000000 414.00000000000000000000
285.00000000000000000000 181.00000000000000000000
390.00000000000000000000 21.00000000000000000000
153.00000000000000000000 230.00000000000000000000
291.00000000000000000000 127.00000000000000000000
295.00000000000000000000 31.00000000000000000000
253.00000000000000000000 462.00000000000000000000
46.00000000000000000000 47.00000000000000000000
353.00000000000000000000 180.00000000000000000000
345.00000000000000000000 58.00000000000000000000
113.00000000000000000000 151.00000000000000000000
113.00000000000000000000 129.00000000000000000000
364.00000000000000000000 97.00000000000000000000
221.00000000000000000000 146.00000000000000000000
379.00000000000000000000 323.00000000000000000000
59.00000000000000000000 96.00000000000000000000
349.00000000000000000000 337.00000000000000000000
259.00000000000000000000 187.00000000000000000000
239.00000000000000000000 285.00000000000000000000
110.00000000000000000000 98.00000000000000000000
225.00000000000000000000 64.00000000000000000000
318.00000000000000000000 352.00000000000000000000
