# Detected Corner Points
313.00000000000000000000 104.00000000000000000000
324.00000000000000000000 97.00000000000000000000
302.00000000000000000000 298.00000000000000000000
118.00000000000000000000 56.00000000000000000000
327.00000000000000000000 147.00000000000000000000
264.00000000000000000000 296.00000000000000000000
227.00000000000000000000 297.00000000000000000000
353.00000000000000000000 359.00000000000000000000
448.00000000000000000000 273.00000000000000000000
376.00000000000000000000 517.00000000000000000000
324.00000000000000000000 115.00000000000000000000
148.00000000000000000000 152.00000000000000000000
406.00000000000000000000 73.00000000000000000000
160.00000000000000000000 31.00000000000000000000
330.00000000000000000000 146.00000000000000000000
353.00000000000000000000 142.00000000000000000000
375.00000000000000000000 90.00000000000000000000
358.00000000000000000000 146.00000000000000000000
319.00000000000000000000 113.00000000000000000000
329.00000000000000000000 55.00000000000000000000
268.00000000000000000000 273.00000000000000000000
121.00000000000000000000 222.00000000000000000000
85.00000000000000000000 166.00000000000000000000
259.00000000000000000000 341.00000000000000000000
134.00000000000000000000 458.00000000000000000000
292.00000000000000000000 98.00000000000000000000
357.00000000000000000000 26.00000000000000000000
296.00000000000000000000 141.00000000000000000000
181.00000000000000000000 201.00000000000000000000
297.00000000000000000000 69.00000000000000000000
415.00000000000000000000 257.00000000000000000000
225.00000000000000000000 55.00000000000000000000
361.00000000000000000000 148.00000000000000000000
336.00000000000000000000 133.00000000000000000000
228.00000000000000000000 58.00000000000000000000
160.00000000000000000000 162.00000000000000000000
385.00000000000000000000 295.00000000000000000000
440.00000000000000000000 547.00000000000000000000
27.00000000000000000000 500.00000000000000000000
293.00000000000000000000 372.00000000000000000000
72.00000000000000000000 76.00000000000000000000
415.00000000000000000000 35.00000000000000000000
282.00000000000000000000 282.00000000000000000000
286.00000000000000000000 109.00000000000000000000
85.00000000000000000000 136.00000000000000000000
386.00000000000000000000 158.00000000000000000000
126.00000000000000000000 151.00000000000000000000
277.00000000000000000000 299.00000000000000000000
227.00000000000000000000 240.00000000000000000000
250.00000000000000000000 258.00000000000000000000
295.00000000000000000000 234.00000000000000000000
305.00000000000000000000 299.00000000000000000000
276.00000000000000000000 156.00000000000000000000
146.00000000000000000000 385.00000000000000000000
156.00000000000000000000 23.00000000000000000000
376.00000000000000000000 528.00000000000000000000
110.00000000000000000000 175.00000000000000000000
125.00000000000000000000 23.00000000000000000000
128.00000000000000000000 184.00000000000000000000
117.00000000000000000000 25.00000000000000000000
157.00000000000000000000 234.00000000000000000000
260.00000000000000000000 454.00000000000000000000
203.00000000000000000000 494.00000000000000000000
376.00000000000000000000 533.00000000000000000000
286.00000000000000000000 76.00000000000000000000
176.00000000000000000000 545.00000000000000000000
319.00000000000000000000 123.00000000000000000000
273.00000000000000000000 154.00000000000000000000
213.00000000000000000000 241.00000000000000000000
183.00000000000000000000 134.00000000000000000000
120.00000000000000000000 184.00000000000000000000
367.00000000000000000000 333.00000000000000000000
436.00000000000000000000 103.00000000000000000000
177.00000000000000000000 140.00000000000000000000
59.00000000000000000000 559.00000000000000000000
68.00000000000000000000 191.00000000000000000000
127.00000000000000000000 193.00000000000000000000
336.00000000000000000000 119.00000000000000000000
122.00000000000000000000 51.00000000000000000000
347.00000000000000000000 74.00000000000000000000
164.00000000000000000000 211.00000000000000000000
372.00000000000000000000 89.00000000000000000000
227.00000000000000000000 323.00000000000000000000
342.00000000000000000000 22.00000000000000000000
241.00000000000000000000 285.00000000000000000000
314.00000000000000000000 117.00000000000000000000
315.00000000000000000000 360.00000000000000000000
323.00000000000000000000 106.00000000000000000000
338.00000000000000000000 254.00000000000000000000
331.00000000000000000000 124.00000000000000000000
54.00000000000000000000 101.00000000000000000000
345.00000000000000000000 601.00000000000000000000
183.00000000000000000000 205.00000000000000000000
329.00000000000000000000 134.00000000000000000000
366.00000000000000000000 102.00000000000000000000
331.00000000000000000000 116.00000000000000000000
343.00000000000000000000 135.00000000000000000000
334.00000000000000000000 116.00000000000000000000
325.00000000000000000000 61.00000000000000000000
94.00000000000000000000 304.00000000000000000000
377.00000000000000000000 256.00000000000000000000
243.00000000000000000000 237.00000000000000000000
414.00000000000000000000 190.00000000000000000000
59.00000000000000000000 142.00000000000000000000
341.00000000000000000000 127.00000000000000000000
331.00000000000000000000 127.00000000000000000000
175.00000000000000000000 143.00000000000000000000
135.00000000000000000000 194.00000000000000000000
218.00000000000000000000 223.00000000000000000000
257.00000000000000000000 376.00000000000000000000
283.00000000000000000000 184.00000000000000000000
311.00000000000000000000 126.00000000000000000000
374.00000000000000000000 48.00000000000000000000
113.00000000000000000000 102.00000000000000000000
55.00000000000000000000 67.00000000000000000000
358.00000000000000000000 79.00000000000000000000
306.00000000000000000000 302.00000000000000000000
406.00000000000000000000 175.00000000000000000000
171.00000000000000000000 148.00000000000000000000
97.00000000000000000000 309.00000000000000000000
316.00000000000000000000 339.00000000000000000000
270.00000000000000000000 145.00000000000000000000
24.00000000000000000000 457.00000000000000000000
410.00000000000000000000 149.00000000000000000000
228.00000000000000000000 92.00000000000000000000
237.00000000000000000000 365.00000000000000000000
398.00000000000000000000 78.00000000000000000000
295.00000000000000000000 112.00000000000000000000
277.00000000000000000000 280.00000000000000000000
226.00000000000000000000 243.00000000000000000000
58.00000000000000000000 137.00000000000000000000
352.00000000000000000000 82.00000000000000000000
429.00000000000000000000 204.00000000000000000000
152.00000000000000000000 168.00000000000000000000
224.00000000000000000000 223.00000000000000000000
200.00000000000000000000 232.00000000000000000000
37.00000000000000000000 494.00000000000000000000
381.00000000000000000000 162.00000000000000000000
208.00000000000000000000 91.00000000000000000000
388.00000000000000000000 154.00000000000000000000
393.00000000000000000000 111.00000000000000000000
359.00000000000000000000 536.00000000000000000000
358.00000000000000000000 164.00000000000000000000
123.00000000000000000000 137.00000000000000000000
254.00000000000000000000 264.00000000000000000000
312.00000000000000000000 110.00000000000000000000
335.00000000000000000000 349.00000000000000000000
385.00000000000000000000 45.00000000000000000000
285.00000000000000000000 187.00000000000000000000
399.00000000000000000000 44.00000000000000000000
47.00000000000000000000 490.00000000000000000000
323.00000000000000000000 109.00000000000000000000
181.00000000000000000000 81.00000000000000000000
40.00000000000000000000 469.00000000000000000000
127.00000000000000000000 119.00000000000000000000
183.00000000000000000000 563.00000000000000000000
56.00000000000000000000 56.00000000000000000000
315.00000000000000000000 184.00000000000000000000
220.00000000000000000000 90.00000000000000000000
347.00000000000000000000 507.00000000000000000000
128.00000000000000000000 181.00000000000000000000
356.00000000000000000000 55.00000000000000000000
373.00000000000000000000 325.00000000000000000000
426.00000000000000000000 26.00000000000000000000
415.00000000000000000000 143.00000000000000000000
31.00000000000000000000 495.00000000000000000000
180.00000000000000000000 555.00000000000000000000
231.00000000000000000000 53.00000000000000000000
377.00000000000000000000 2.00000000000000000000
388.00000000000000000000 337.00000000000000000000
63.00000000000000000000 104.00000000000000000000
115.00000000000000000000 54.00000000000000000000
27.00000000000000000000 476.00000000000000000000
326.00000000000000000000 163.00000000000000000000
209.00000000000000000000 74.00000000000000000000
53.00000000000000000000 88.00000000000000000000
425.00000000000000000000 51.00000000000000000000
30.00000000000000000000 498.00000000000000000000
314.00000000000000000000 329.00000000000000000000
194.00000000000000000000 414.00000000000000000000
400.00000000000000000000 562.00000000000000000000
41.00000000000000000000 43.00000000000000000000
106.00000000000000000000 42.00000000000000000000
450.00000000000000000000 111.00000000000000000000
130.00000000000000000000 196.00000000000000000000
300.00000000000000000000 63.00000000000000000000
273.00000000000000000000 17.00000000000000000000
340.00000000000000000000 259.00000000000000000000
317.00000000000000000000 106.00000000000000000000
19.00000000000000000000 430.00000000000000000000
275.00000000000000000000 11.00000000000000000000
194.00000000000000000000 145.00000000000000000000
39.00000000000000000000 29.00000000000000000000
346.00000000000000000000 115.00000000000000000000
311.00000000000000000000 370.00000000000000000000
167.00000000000000000000 156.00000000000000000000
3.00000000000000000000 507.00000000000000000000
98.00000000000000000000 162.00000000000000000000
288.00000000000000000000 233.00000000000000000000
92.00000000000000000000 105.00000000000000000000
