# Detected Corner Points
317.00000000000000000000 165.00000000000000000000
257.00000000000000000000 285.00000000000000000000
76.00000000000000000000 107.00000000000000000000
151.00000000000000000000 485.00000000000000000000
109.00000000000000000000 46.00000000000000000000
267.00000000000000000000 105.00000000000000000000
127.00000000000000000000 166.00000000000000000000
45.00000000000000000000 67.00000000000000000000
292.00000000000000000000 341.00000000000000000000
313.00000000000000000000 106.00000000000000000000
82.00000000000000000000 68.00000000000000000000
314.00000000000000000000 169.00000000000000000000
194.00000000000000000000 414.00000000000000000000
316.00000000000000000000 107.00000000000000000000
221.00000000000000000000 252.00000000000000000000
132.00000000000000000000 421.00000000000000000000
383.00000000000000000000 164.00000000000000000000
246.00000000000000000000 253.00000000000000000000
210.00000000000000000000 110.00000000000000000000
213.00000000000000000000 108.00000000000000000000
326.00000000000000000000 163.00000000000000000000
258.00000000000000000000 342.00000000000000000000
367.00000000000000000000 100.00000000000000000000
226.00000000000000000000 243.00000000000000000000
69.00000000000000000000 100.00000000000000000000
376.00000000000000000000 534.00000000000000000000
240.00000000000000000000 412.00000000000000000000
229.00000000000000000000 412.00000000000000000000
299.00000000000000000000 113.00000000000000000000
221.00000000000000000000 66.00000000000000000000
378.00000000000000000000 498.00000000000000000000
305.00000000000000000000 301.00000000000000000000
335.00000000000000000000 349.00000000000000000000
311.00000000000000000000 175.00000000000000000000
330.00000000000000000000 174.00000000000000000000
215.00000000000000000000 116.00000000000000000000
323.00000000000000000000 115.00000000000000000000
313.00000000000000000000 330.00000000000000000000
338.00000000000000000000 307.00000000000000000000
340.00000000000000000000 259.00000000000000000000
320.00000000000000000000 160.00000000000000000000
295.00000000000000000000 234.00000000000000000000
360.00000000000000000000 174.00000000000000000000
370.00000000000000000000 94.00000000000000000000
407.00000000000000000000 176.00000000000000000000
366.00000000000000000000 94.00000000000000000000
242.00000000000000000000 161.00000000000000000000
315.00000000000000000000 351.00000000000000000000
318.00000000000000000000 352.00000000000000000000
51.00000000000000000000 63.00000000000000000000
175.00000000000000000000 309.00000000000000000000
334.00000000000000000000 352.00000000000000000000
115.00000000000000000000 160.00000000000000000000
314.00000000000000000000 117.00000000000000000000
301.00000000000000000000 297.00000000000000000000
181.00000000000000000000 556.00000000000000000000
168.00000000000000000000 299.00000000000000000000
238.00000000000000000000 456.00000000000000000000
89.00000000000000000000 120.00000000000000000000
159.00000000000000000000 299.00000000000000000000
303.00000000000000000000 178.00000000000000000000
185.00000000000000000000 557.00000000000000000000
391.00000000000000000000 261.00000000000000000000
107.00000000000000000000 264.00000000000000000000
153.00000000000000000000 230.00000000000000000000
387.00000000000000000000 156.00000000000000000000
112.00000000000000000000 264.00000000000000000000
244.00000000000000000000 403.00000000000000000000
241.00000000000000000000 404.00000000000000000000
336.00000000000000000000 327.00000000000000000000
242.00000000000000000000 226.00000000000000000000
322.00000000000000000000 156.00000000000000000000
296.00000000000000000000 70.00000000000000000000
225.00000000000000000000 265.00000000000000000000
285.00000000000000000000 181.00000000000000000000
215.00000000000000000000 227.00000000000000000000
121.00000000000000000000 227.00000000000000000000
318.00000000000000000000 125.00000000000000000000
360.00000000000000000000 294.00000000000000000000
330.00000000000000000000 123.00000000000000000000
256.00000000000000000000 21.00000000000000000000
286.00000000000000000000 265.00000000000000000000
127.00000000000000000000 127.00000000000000000000
412.00000000000000000000 523.00000000000000000000
262.00000000000000000000 224.00000000000000000000
311.00000000000000000000 126.00000000000000000000
236.00000000000000000000 296.00000000000000000000
338.00000000000000000000 126.00000000000000000000
341.00000000000000000000 127.00000000000000000000
240.00000000000000000000 268.00000000000000000000
372.00000000000000000000 89.00000000000000000000
299.00000000000000000000 34.00000000000000000000
431.00000000000000000000 219.00000000000000000000
363.00000000000000000000 89.00000000000000000000
369.00000000000000000000 221.00000000000000000000
316.00000000000000000000 88.00000000000000000000
280.00000000000000000000 130.00000000000000000000
82.00000000000000000000 89.00000000000000000000
257.00000000000000000000 154.00000000000000000000
111.00000000000000000000 56.00000000000000000000
306.00000000000000000000 216.00000000000000000000
249.00000000000000000000 293.00000000000000000000
223.00000000000000000000 325.00000000000000000000
292.00000000000000000000 373.00000000000000000000
330.00000000000000000000 133.00000000000000000000
125.00000000000000000000 213.00000000000000000000
163.00000000000000000000 326.00000000000000000000
178.00000000000000000000 292.00000000000000000000
268.00000000000000000000 273.00000000000000000000
396.00000000000000000000 276.00000000000000000000
406.00000000000000000000 73.00000000000000000000
314.00000000000000000000 188.00000000000000000000
357.00000000000000000000 314.00000000000000000000
364.00000000000000000000 313.00000000000000000000
335.00000000000000000000 136.00000000000000000000
402.00000000000000000000 209.00000000000000000000
31.00000000000000000000 495.00000000000000000000
121.00000000000000000000 151.00000000000000000000
101.00000000000000000000 138.00000000000000000000
145.00000000000000000000 30.00000000000000000000
273.00000000000000000000 139.00000000000000000000
402.00000000000000000000 379.00000000000000000000
286.00000000000000000000 205.00000000000000000000
271.00000000000000000000 441.00000000000000000000
296.00000000000000000000 203.00000000000000000000
214.00000000000000000000 203.00000000000000000000
181.00000000000000000000 203.00000000000000000000
392.00000000000000000000 191.00000000000000000000
328.00000000000000000000 141.00000000000000000000
239.00000000000000000000 282.00000000000000000000
329.00000000000000000000 147.00000000000000000000
173.00000000000000000000 145.00000000000000000000
289.00000000000000000000 76.00000000000000000000
261.00000000000000000000 148.00000000000000000000
215.00000000000000000000 317.00000000000000000000
279.00000000000000000000 284.00000000000000000000
291.00000000000000000000 195.00000000000000000000
148.00000000000000000000 436.00000000000000000000
250.00000000000000000000 145.00000000000000000000
254.00000000000000000000 146.00000000000000000000
170.00000000000000000000 149.00000000000000000000
270.00000000000000000000 145.00000000000000000000
324.00000000000000000000 144.00000000000000000000
148.00000000000000000000 493.00000000000000000000
305.00000000000000000000 193.00000000000000000000
240.00000000000000000000 287.00000000000000000000
243.00000000000000000000 286.00000000000000000000
182.00000000000000000000 135.00000000000000000000
308.00000000000000000000 179.00000000000000000000
214.00000000000000000000 252.00000000000000000000
110.00000000000000000000 280.00000000000000000000
268.00000000000000000000 267.00000000000000000000
329.00000000000000000000 101.00000000000000000000
226.00000000000000000000 507.00000000000000000000
129.00000000000000000000 328.00000000000000000000
127.00000000000000000000 106.00000000000000000000
157.00000000000000000000 234.00000000000000000000
303.00000000000000000000 85.00000000000000000000
252.00000000000000000000 261.00000000000000000000
341.00000000000000000000 138.00000000000000000000
100.00000000000000000000 240.00000000000000000000
134.00000000000000000000 193.00000000000000000000
236.00000000000000000000 278.00000000000000000000
39.00000000000000000000 494.00000000000000000000
127.00000000000000000000 119.00000000000000000000
361.00000000000000000000 509.00000000000000000000
206.00000000000000000000 352.00000000000000000000
240.00000000000000000000 293.00000000000000000000
338.00000000000000000000 132.00000000000000000000
347.00000000000000000000 504.00000000000000000000
330.00000000000000000000 56.00000000000000000000
367.00000000000000000000 198.00000000000000000000
349.00000000000000000000 59.00000000000000000000
295.00000000000000000000 31.00000000000000000000
366.00000000000000000000 216.00000000000000000000
70.00000000000000000000 90.00000000000000000000
71.00000000000000000000 82.00000000000000000000
413.00000000000000000000 367.00000000000000000000
364.00000000000000000000 97.00000000000000000000
276.00000000000000000000 124.00000000000000000000
86.00000000000000000000 86.00000000000000000000
261.00000000000000000000 370.00000000000000000000
385.00000000000000000000 295.00000000000000000000
287.00000000000000000000 379.00000000000000000000
308.00000000000000000000 111.00000000000000000000
422.00000000000000000000 226.00000000000000000000
366.00000000000000000000 332.00000000000000000000
247.00000000000000000000 273.00000000000000000000
341.00000000000000000000 354.00000000000000000000
156.00000000000000000000 22.00000000000000000000
201.00000000000000000000 548.00000000000000000000
326.00000000000000000000 114.00000000000000000000
332.00000000000000000000 236.00000000000000000000
256.00000000000000000000 191.00000000000000000000
277.00000000000000000000 299.00000000000000000000
258.00000000000000000000 145.00000000000000000000
415.00000000000000000000 209.00000000000000000000
20.00000000000000000000 479.00000000000000000000
296.00000000000000000000 293.00000000000000000000
254.00000000000000000000 264.00000000000000000000
