# Detected Corner Points
299.00000000000000000000 34.00000000000000000000
305.00000000000000000000 193.00000000000000000000
292.00000000000000000000 373.00000000000000000000
318.00000000000000000000 352.00000000000000000000
402.00000000000000000000 209.00000000000000000000
3.00000000000000000000 349.00000000000000000000
45.00000000000000000000 67.00000000000000000000
258.00000000000000000000 342.00000000000000000000
221.00000000000000000000 66.00000000000000000000
296.00000000000000000000 70.00000000000000000000
406.00000000000000000000 73.00000000000000000000
163.00000000000000000000 326.00000000000000000000
223.00000000000000000000 325.00000000000000000000
175.00000000000000000000 309.00000000000000000000
267.00000000000000000000 105.00000000000000000000
313.00000000000000000000 106.00000000000000000000
316.00000000000000000000 107.00000000000000000000
256.00000000000000000000 21.00000000000000000000
210.00000000000000000000 110.00000000000000000000
181.00000000000000000000 556.00000000000000000000
301.00000000000000000000 297.00000000000000000000
236.00000000000000000000 296.00000000000000000000
299.00000000000000000000 113.00000000000000000000
296.00000000000000000000 203.00000000000000000000
360.00000000000000000000 294.00000000000000000000
314.00000000000000000000 117.00000000000000000000
194.00000000000000000000 414.00000000000000000000
330.00000000000000000000 123.00000000000000000000
240.00000000000000000000 287.00000000000000000000
311.00000000000000000000 126.00000000000000000000
338.00000000000000000000 126.00000000000000000000
280.00000000000000000000 130.00000000000000000000
279.00000000000000000000 284.00000000000000000000
243.00000000000000000000 286.00000000000000000000
330.00000000000000000000 133.00000000000000000000
239.00000000000000000000 282.00000000000000000000
449.00000000000000000000 274.00000000000000000000
173.00000000000000000000 145.00000000000000000000
271.00000000000000000000 441.00000000000000000000
268.00000000000000000000 273.00000000000000000000
329.00000000000000000000 147.00000000000000000000
240.00000000000000000000 268.00000000000000000000
121.00000000000000000000 227.00000000000000000000
107.00000000000000000000 264.00000000000000000000
391.00000000000000000000 261.00000000000000000000
383.00000000000000000000 164.00000000000000000000
246.00000000000000000000 253.00000000000000000000
221.00000000000000000000 252.00000000000000000000
330.00000000000000000000 174.00000000000000000000
360.00000000000000000000 174.00000000000000000000
407.00000000000000000000 176.00000000000000000000
285.00000000000000000000 181.00000000000000000000
376.00000000000000000000 534.00000000000000000000
305.00000000000000000000 301.00000000000000000000
89.00000000000000000000 120.00000000000000000000
148.00000000000000000000 436.00000000000000000000
315.00000000000000000000 351.00000000000000000000
151.00000000000000000000 485.00000000000000000000
148.00000000000000000000 493.00000000000000000000
336.00000000000000000000 327.00000000000000000000
82.00000000000000000000 89.00000000000000000000
295.00000000000000000000 234.00000000000000000000
357.00000000000000000000 314.00000000000000000000
364.00000000000000000000 313.00000000000000000000
378.00000000000000000000 498.00000000000000000000
338.00000000000000000000 307.00000000000000000000
76.00000000000000000000 107.00000000000000000000
159.00000000000000000000 299.00000000000000000000
229.00000000000000000000 412.00000000000000000000
240.00000000000000000000 412.00000000000000000000
178.00000000000000000000 292.00000000000000000000
214.00000000000000000000 203.00000000000000000000
318.00000000000000000000 125.00000000000000000000
335.00000000000000000000 136.00000000000000000000
101.00000000000000000000 138.00000000000000000000
238.00000000000000000000 456.00000000000000000000
270.00000000000000000000 145.00000000000000000000
446.00000000000000000000 270.00000000000000000000
121.00000000000000000000 151.00000000000000000000
322.00000000000000000000 156.00000000000000000000
387.00000000000000000000 156.00000000000000000000
286.00000000000000000000 265.00000000000000000000
225.00000000000000000000 265.00000000000000000000
112.00000000000000000000 264.00000000000000000000
320.00000000000000000000 160.00000000000000000000
326.00000000000000000000 163.00000000000000000000
317.00000000000000000000 165.00000000000000000000
291.00000000000000000000 195.00000000000000000000
392.00000000000000000000 191.00000000000000000000
340.00000000000000000000 259.00000000000000000000
393.00000000000000000000 16.00000000000000000000
226.00000000000000000000 243.00000000000000000000
249.00000000000000000000 293.00000000000000000000
412.00000000000000000000 523.00000000000000000000
367.00000000000000000000 100.00000000000000000000
314.00000000000000000000 188.00000000000000000000
181.00000000000000000000 203.00000000000000000000
82.00000000000000000000 68.00000000000000000000
242.00000000000000000000 226.00000000000000000000
286.00000000000000000000 205.00000000000000000000
326.00000000000000000000 116.00000000000000000000
258.00000000000000000000 146.00000000000000000000
344.00000000000000000000 76.00000000000000000000
70.00000000000000000000 89.00000000000000000000
331.00000000000000000000 116.00000000000000000000
111.00000000000000000000 81.00000000000000000000
85.00000000000000000000 136.00000000000000000000
390.00000000000000000000 261.00000000000000000000
153.00000000000000000000 155.00000000000000000000
4.00000000000000000000 292.00000000000000000000
305.00000000000000000000 104.00000000000000000000
316.00000000000000000000 106.00000000000000000000
309.00000000000000000000 85.00000000000000000000
135.00000000000000000000 226.00000000000000000000
98.00000000000000000000 170.00000000000000000000
117.00000000000000000000 330.00000000000000000000
416.00000000000000000000 209.00000000000000000000
190.00000000000000000000 517.00000000000000000000
17.00000000000000000000 471.00000000000000000000
27.00000000000000000000 463.00000000000000000000
370.00000000000000000000 265.00000000000000000000
130.00000000000000000000 207.00000000000000000000
91.00000000000000000000 79.00000000000000000000
406.00000000000000000000 246.00000000000000000000
109.00000000000000000000 59.00000000000000000000
322.00000000000000000000 115.00000000000000000000
383.00000000000000000000 239.00000000000000000000
278.00000000000000000000 98.00000000000000000000
378.00000000000000000000 339.00000000000000000000
144.00000000000000000000 36.00000000000000000000
383.00000000000000000000 60.00000000000000000000
257.00000000000000000000 295.00000000000000000000
21.00000000000000000000 479.00000000000000000000
244.00000000000000000000 461.00000000000000000000
188.00000000000000000000 379.00000000000000000000
393.00000000000000000000 111.00000000000000000000
119.00000000000000000000 55.00000000000000000000
89.00000000000000000000 37.00000000000000000000
384.00000000000000000000 523.00000000000000000000
115.00000000000000000000 92.00000000000000000000
41.00000000000000000000 43.00000000000000000000
437.00000000000000000000 159.00000000000000000000
258.00000000000000000000 242.00000000000000000000
345.00000000000000000000 601.00000000000000000000
385.00000000000000000000 77.00000000000000000000
286.00000000000000000000 264.00000000000000000000
178.00000000000000000000 24.00000000000000000000
42.00000000000000000000 36.00000000000000000000
273.00000000000000000000 175.00000000000000000000
308.00000000000000000000 178.00000000000000000000
129.00000000000000000000 225.00000000000000000000
158.00000000000000000000 490.00000000000000000000
333.00000000000000000000 296.00000000000000000000
53.00000000000000000000 88.00000000000000000000
101.00000000000000000000 174.00000000000000000000
407.00000000000000000000 379.00000000000000000000
372.00000000000000000000 73.00000000000000000000
113.00000000000000000000 180.00000000000000000000
129.00000000000000000000 329.00000000000000000000
367.00000000000000000000 71.00000000000000000000
257.00000000000000000000 376.00000000000000000000
331.00000000000000000000 234.00000000000000000000
378.00000000000000000000 526.00000000000000000000
282.00000000000000000000 71.00000000000000000000
334.00000000000000000000 116.00000000000000000000
425.00000000000000000000 51.00000000000000000000
403.00000000000000000000 233.00000000000000000000
259.00000000000000000000 56.00000000000000000000
5.00000000000000000000 443.00000000000000000000
206.00000000000000000000 122.00000000000000000000
148.00000000000000000000 153.00000000000000000000
43.00000000000000000000 493.00000000000000000000
311.00000000000000000000 329.00000000000000000000
129.00000000000000000000 32.00000000000000000000
249.00000000000000000000 108.00000000000000000000
71.00000000000000000000 187.00000000000000000000
23.00000000000000000000 474.00000000000000000000
206.00000000000000000000 181.00000000000000000000
438.00000000000000000000 301.00000000000000000000
68.00000000000000000000 73.00000000000000000000
225.00000000000000000000 17.00000000000000000000
108.00000000000000000000 44.00000000000000000000
134.00000000000000000000 458.00000000000000000000
350.00000000000000000000 425.00000000000000000000
342.00000000000000000000 70.00000000000000000000
275.00000000000000000000 166.00000000000000000000
200.00000000000000000000 474.00000000000000000000
113.00000000000000000000 39.00000000000000000000
338.00000000000000000000 19.00000000000000000000
205.00000000000000000000 96.00000000000000000000
292.00000000000000000000 70.00000000000000000000
134.00000000000000000000 221.00000000000000000000
355.00000000000000000000 223.00000000000000000000
265.00000000000000000000 269.00000000000000000000
254.00000000000000000000 89.00000000000000000000
2.00000000000000000000 385.00000000000000000000
271.00000000000000000000 331.00000000000000000000
419.00000000000000000000 296.00000000000000000000
216.00000000000000000000 227.00000000000000000000
295.00000000000000000000 70.00000000000000000000
