# Detected Corner Points
424.00000000000000000000 58.00000000000000000000
85.00000000000000000000 136.00000000000000000000
309.00000000000000000000 85.00000000000000000000
90.00000000000000000000 141.00000000000000000000
348.00000000000000000000 86.00000000000000000000
383.00000000000000000000 509.00000000000000000000
274.00000000000000000000 138.00000000000000000000
242.00000000000000000000 226.00000000000000000000
148.00000000000000000000 493.00000000000000000000
204.00000000000000000000 238.00000000000000000000
53.00000000000000000000 88.00000000000000000000
186.00000000000000000000 83.00000000000000000000
181.00000000000000000000 81.00000000000000000000
254.00000000000000000000 146.00000000000000000000
437.00000000000000000000 159.00000000000000000000
346.00000000000000000000 115.00000000000000000000
111.00000000000000000000 81.00000000000000000000
129.00000000000000000000 32.00000000000000000000
330.00000000000000000000 146.00000000000000000000
401.00000000000000000000 303.00000000000000000000
294.00000000000000000000 30.00000000000000000000
168.00000000000000000000 13.00000000000000000000
173.00000000000000000000 12.00000000000000000000
292.00000000000000000000 350.00000000000000000000
330.00000000000000000000 133.00000000000000000000
334.00000000000000000000 116.00000000000000000000
109.00000000000000000000 297.00000000000000000000
187.00000000000000000000 78.00000000000000000000
244.00000000000000000000 403.00000000000000000000
399.00000000000000000000 332.00000000000000000000
331.00000000000000000000 116.00000000000000000000
325.00000000000000000000 115.00000000000000000000
321.00000000000000000000 115.00000000000000000000
313.00000000000000000000 116.00000000000000000000
101.00000000000000000000 139.00000000000000000000
157.00000000000000000000 335.00000000000000000000
98.00000000000000000000 79.00000000000000000000
336.00000000000000000000 14.00000000000000000000
286.00000000000000000000 114.00000000000000000000
264.00000000000000000000 132.00000000000000000000
318.00000000000000000000 125.00000000000000000000
275.00000000000000000000 162.00000000000000000000
348.00000000000000000000 183.00000000000000000000
196.00000000000000000000 76.00000000000000000000
229.00000000000000000000 412.00000000000000000000
60.00000000000000000000 142.00000000000000000000
188.00000000000000000000 379.00000000000000000000
363.00000000000000000000 89.00000000000000000000
419.00000000000000000000 296.00000000000000000000
403.00000000000000000000 296.00000000000000000000
145.00000000000000000000 28.00000000000000000000
362.00000000000000000000 72.00000000000000000000
236.00000000000000000000 363.00000000000000000000
387.00000000000000000000 156.00000000000000000000
326.00000000000000000000 163.00000000000000000000
197.00000000000000000000 240.00000000000000000000
383.00000000000000000000 164.00000000000000000000
24.00000000000000000000 457.00000000000000000000
232.00000000000000000000 415.00000000000000000000
387.00000000000000000000 71.00000000000000000000
53.00000000000000000000 108.00000000000000000000
292.00000000000000000000 70.00000000000000000000
331.00000000000000000000 121.00000000000000000000
202.00000000000000000000 33.00000000000000000000
284.00000000000000000000 183.00000000000000000000
47.00000000000000000000 490.00000000000000000000
85.00000000000000000000 166.00000000000000000000
318.00000000000000000000 352.00000000000000000000
194.00000000000000000000 145.00000000000000000000
114.00000000000000000000 166.00000000000000000000
322.00000000000000000000 109.00000000000000000000
294.00000000000000000000 66.00000000000000000000
225.00000000000000000000 17.00000000000000000000
330.00000000000000000000 109.00000000000000000000
193.00000000000000000000 399.00000000000000000000
221.00000000000000000000 66.00000000000000000000
181.00000000000000000000 401.00000000000000000000
226.00000000000000000000 243.00000000000000000000
422.00000000000000000000 189.00000000000000000000
44.00000000000000000000 68.00000000000000000000
188.00000000000000000000 382.00000000000000000000
125.00000000000000000000 119.00000000000000000000
210.00000000000000000000 371.00000000000000000000
431.00000000000000000000 274.00000000000000000000
357.00000000000000000000 537.00000000000000000000
361.00000000000000000000 16.00000000000000000000
300.00000000000000000000 63.00000000000000000000
335.00000000000000000000 136.00000000000000000000
292.00000000000000000000 63.00000000000000000000
163.00000000000000000000 211.00000000000000000000
293.00000000000000000000 127.00000000000000000000
275.00000000000000000000 166.00000000000000000000
51.00000000000000000000 63.00000000000000000000
42.00000000000000000000 36.00000000000000000000
129.00000000000000000000 120.00000000000000000000
191.00000000000000000000 157.00000000000000000000
383.00000000000000000000 60.00000000000000000000
344.00000000000000000000 321.00000000000000000000
84.00000000000000000000 149.00000000000000000000
98.00000000000000000000 20.00000000000000000000
96.00000000000000000000 278.00000000000000000000
103.00000000000000000000 277.00000000000000000000
393.00000000000000000000 111.00000000000000000000
308.00000000000000000000 61.00000000000000000000
176.00000000000000000000 60.00000000000000000000
189.00000000000000000000 518.00000000000000000000
384.00000000000000000000 523.00000000000000000000
134.00000000000000000000 458.00000000000000000000
181.00000000000000000000 556.00000000000000000000
133.00000000000000000000 185.00000000000000000000
98.00000000000000000000 170.00000000000000000000
77.00000000000000000000 31.00000000000000000000
426.00000000000000000000 26.00000000000000000000
338.00000000000000000000 126.00000000000000000000
341.00000000000000000000 127.00000000000000000000
205.00000000000000000000 96.00000000000000000000
263.00000000000000000000 59.00000000000000000000
440.00000000000000000000 386.00000000000000000000
293.00000000000000000000 97.00000000000000000000
338.00000000000000000000 19.00000000000000000000
301.00000000000000000000 96.00000000000000000000
398.00000000000000000000 335.00000000000000000000
230.00000000000000000000 170.00000000000000000000
271.00000000000000000000 331.00000000000000000000
68.00000000000000000000 191.00000000000000000000
316.00000000000000000000 106.00000000000000000000
365.00000000000000000000 26.00000000000000000000
257.00000000000000000000 376.00000000000000000000
364.00000000000000000000 97.00000000000000000000
417.00000000000000000000 154.00000000000000000000
370.00000000000000000000 265.00000000000000000000
259.00000000000000000000 56.00000000000000000000
226.00000000000000000000 56.00000000000000000000
87.00000000000000000000 232.00000000000000000000
96.00000000000000000000 309.00000000000000000000
350.00000000000000000000 342.00000000000000000000
107.00000000000000000000 23.00000000000000000000
127.00000000000000000000 182.00000000000000000000
425.00000000000000000000 51.00000000000000000000
156.00000000000000000000 23.00000000000000000000
160.00000000000000000000 23.00000000000000000000
394.00000000000000000000 53.00000000000000000000
259.00000000000000000000 51.00000000000000000000
273.00000000000000000000 154.00000000000000000000
107.00000000000000000000 264.00000000000000000000
227.00000000000000000000 101.00000000000000000000
196.00000000000000000000 224.00000000000000000000
119.00000000000000000000 41.00000000000000000000
438.00000000000000000000 301.00000000000000000000
239.00000000000000000000 282.00000000000000000000
214.00000000000000000000 252.00000000000000000000
246.00000000000000000000 253.00000000000000000000
390.00000000000000000000 256.00000000000000000000
360.00000000000000000000 174.00000000000000000000
163.00000000000000000000 332.00000000000000000000
127.00000000000000000000 193.00000000000000000000
385.00000000000000000000 45.00000000000000000000
30.00000000000000000000 503.00000000000000000000
153.00000000000000000000 155.00000000000000000000
325.00000000000000000000 21.00000000000000000000
101.00000000000000000000 174.00000000000000000000
243.00000000000000000000 286.00000000000000000000
273.00000000000000000000 102.00000000000000000000
416.00000000000000000000 209.00000000000000000000
401.00000000000000000000 42.00000000000000000000
129.00000000000000000000 225.00000000000000000000
174.00000000000000000000 542.00000000000000000000
135.00000000000000000000 226.00000000000000000000
40.00000000000000000000 443.00000000000000000000
338.00000000000000000000 130.00000000000000000000
197.00000000000000000000 477.00000000000000000000
317.00000000000000000000 102.00000000000000000000
87.00000000000000000000 26.00000000000000000000
93.00000000000000000000 303.00000000000000000000
117.00000000000000000000 25.00000000000000000000
144.00000000000000000000 43.00000000000000000000
123.00000000000000000000 137.00000000000000000000
232.00000000000000000000 255.00000000000000000000
113.00000000000000000000 42.00000000000000000000
107.00000000000000000000 42.00000000000000000000
41.00000000000000000000 43.00000000000000000000
401.00000000000000000000 39.00000000000000000000
405.00000000000000000000 39.00000000000000000000
187.00000000000000000000 492.00000000000000000000
78.00000000000000000000 147.00000000000000000000
228.00000000000000000000 94.00000000000000000000
31.00000000000000000000 407.00000000000000000000
397.00000000000000000000 80.00000000000000000000
243.00000000000000000000 408.00000000000000000000
241.00000000000000000000 404.00000000000000000000
329.00000000000000000000 89.00000000000000000000
406.00000000000000000000 73.00000000000000000000
318.00000000000000000000 164.00000000000000000000
312.00000000000000000000 110.00000000000000000000
145.00000000000000000000 420.00000000000000000000
369.00000000000000000000 222.00000000000000000000
188.00000000000000000000 94.00000000000000000000
70.00000000000000000000 106.00000000000000000000
404.00000000000000000000 36.00000000000000000000
390.00000000000000000000 263.00000000000000000000
