# Detected Corner Points
129.00000000000000000000 120.00000000000000000000
36.00000000000000000000 15.00000000000000000000
106.00000000000000000000 41.00000000000000000000
331.00000000000000000000 127.00000000000000000000
339.00000000000000000000 127.00000000000000000000
390.00000000000000000000 255.00000000000000000000
199.00000000000000000000 125.00000000000000000000
41.00000000000000000000 42.00000000000000000000
374.00000000000000000000 48.00000000000000000000
234.00000000000000000000 254.00000000000000000000
335.00000000000000000000 349.00000000000000000000
425.00000000000000000000 51.00000000000000000000
361.00000000000000000000 113.00000000000000000000
56.00000000000000000000 56.00000000000000000000
316.00000000000000000000 349.00000000000000000000
225.00000000000000000000 55.00000000000000000000
243.00000000000000000000 409.00000000000000000000
126.00000000000000000000 430.00000000000000000000
321.00000000000000000000 107.00000000000000000000
316.00000000000000000000 106.00000000000000000000
313.00000000000000000000 107.00000000000000000000
125.00000000000000000000 220.00000000000000000000
295.00000000000000000000 112.00000000000000000000
293.00000000000000000000 126.00000000000000000000
401.00000000000000000000 304.00000000000000000000
331.00000000000000000000 121.00000000000000000000
96.00000000000000000000 309.00000000000000000000
38.00000000000000000000 32.00000000000000000000
47.00000000000000000000 490.00000000000000000000
288.00000000000000000000 185.00000000000000000000
285.00000000000000000000 186.00000000000000000000
323.00000000000000000000 115.00000000000000000000
336.00000000000000000000 133.00000000000000000000
134.00000000000000000000 185.00000000000000000000
294.00000000000000000000 65.00000000000000000000
67.00000000000000000000 103.00000000000000000000
286.00000000000000000000 182.00000000000000000000
55.00000000000000000000 67.00000000000000000000
181.00000000000000000000 401.00000000000000000000
32.00000000000000000000 494.00000000000000000000
332.00000000000000000000 116.00000000000000000000
286.00000000000000000000 110.00000000000000000000
275.00000000000000000000 138.00000000000000000000
117.00000000000000000000 25.00000000000000000000
319.00000000000000000000 124.00000000000000000000
347.00000000000000000000 116.00000000000000000000
37.00000000000000000000 26.00000000000000000000
343.00000000000000000000 137.00000000000000000000
410.00000000000000000000 24.00000000000000000000
406.00000000000000000000 73.00000000000000000000
382.00000000000000000000 164.00000000000000000000
87.00000000000000000000 232.00000000000000000000
241.00000000000000000000 286.00000000000000000000
73.00000000000000000000 79.00000000000000000000
124.00000000000000000000 24.00000000000000000000
157.00000000000000000000 234.00000000000000000000
52.00000000000000000000 102.00000000000000000000
275.00000000000000000000 163.00000000000000000000
181.00000000000000000000 80.00000000000000000000
174.00000000000000000000 542.00000000000000000000
373.00000000000000000000 325.00000000000000000000
388.00000000000000000000 158.00000000000000000000
417.00000000000000000000 153.00000000000000000000
190.00000000000000000000 593.00000000000000000000
246.00000000000000000000 238.00000000000000000000
371.00000000000000000000 94.00000000000000000000
399.00000000000000000000 332.00000000000000000000
336.00000000000000000000 119.00000000000000000000
60.00000000000000000000 147.00000000000000000000
413.00000000000000000000 144.00000000000000000000
326.00000000000000000000 163.00000000000000000000
357.00000000000000000000 26.00000000000000000000
360.00000000000000000000 79.00000000000000000000
66.00000000000000000000 115.00000000000000000000
212.00000000000000000000 206.00000000000000000000
155.00000000000000000000 47.00000000000000000000
110.00000000000000000000 296.00000000000000000000
294.00000000000000000000 94.00000000000000000000
237.00000000000000000000 51.00000000000000000000
301.00000000000000000000 96.00000000000000000000
54.00000000000000000000 109.00000000000000000000
40.00000000000000000000 37.00000000000000000000
266.00000000000000000000 52.00000000000000000000
312.00000000000000000000 53.00000000000000000000
415.00000000000000000000 35.00000000000000000000
329.00000000000000000000 54.00000000000000000000
313.00000000000000000000 113.00000000000000000000
226.00000000000000000000 243.00000000000000000000
234.00000000000000000000 92.00000000000000000000
144.00000000000000000000 430.00000000000000000000
194.00000000000000000000 145.00000000000000000000
323.00000000000000000000 146.00000000000000000000
239.00000000000000000000 406.00000000000000000000
198.00000000000000000000 241.00000000000000000000
183.00000000000000000000 130.00000000000000000000
68.00000000000000000000 191.00000000000000000000
378.00000000000000000000 527.00000000000000000000
43.00000000000000000000 492.00000000000000000000
280.00000000000000000000 132.00000000000000000000
261.00000000000000000000 225.00000000000000000000
347.00000000000000000000 186.00000000000000000000
120.00000000000000000000 128.00000000000000000000
51.00000000000000000000 64.00000000000000000000
200.00000000000000000000 128.00000000000000000000
130.00000000000000000000 184.00000000000000000000
427.00000000000000000000 27.00000000000000000000
366.00000000000000000000 174.00000000000000000000
117.00000000000000000000 98.00000000000000000000
45.00000000000000000000 70.00000000000000000000
184.00000000000000000000 136.00000000000000000000
359.00000000000000000000 174.00000000000000000000
161.00000000000000000000 25.00000000000000000000
329.00000000000000000000 102.00000000000000000000
298.00000000000000000000 70.00000000000000000000
366.00000000000000000000 24.00000000000000000000
213.00000000000000000000 247.00000000000000000000
344.00000000000000000000 320.00000000000000000000
114.00000000000000000000 167.00000000000000000000
227.00000000000000000000 323.00000000000000000000
353.00000000000000000000 18.00000000000000000000
101.00000000000000000000 139.00000000000000000000
98.00000000000000000000 79.00000000000000000000
426.00000000000000000000 21.00000000000000000000
128.00000000000000000000 165.00000000000000000000
312.00000000000000000000 84.00000000000000000000
116.00000000000000000000 159.00000000000000000000
121.00000000000000000000 163.00000000000000000000
191.00000000000000000000 158.00000000000000000000
294.00000000000000000000 97.00000000000000000000
379.00000000000000000000 159.00000000000000000000
355.00000000000000000000 79.00000000000000000000
282.00000000000000000000 483.00000000000000000000
364.00000000000000000000 79.00000000000000000000
353.00000000000000000000 25.00000000000000000000
111.00000000000000000000 208.00000000000000000000
168.00000000000000000000 126.00000000000000000000
160.00000000000000000000 162.00000000000000000000
255.00000000000000000000 45.00000000000000000000
226.00000000000000000000 507.00000000000000000000
405.00000000000000000000 506.00000000000000000000
262.00000000000000000000 46.00000000000000000000
120.00000000000000000000 6.00000000000000000000
101.00000000000000000000 240.00000000000000000000
146.00000000000000000000 39.00000000000000000000
278.00000000000000000000 216.00000000000000000000
404.00000000000000000000 36.00000000000000000000
193.00000000000000000000 5.00000000000000000000
115.00000000000000000000 131.00000000000000000000
290.00000000000000000000 55.00000000000000000000
392.00000000000000000000 390.00000000000000000000
433.00000000000000000000 219.00000000000000000000
356.00000000000000000000 55.00000000000000000000
309.00000000000000000000 108.00000000000000000000
256.00000000000000000000 376.00000000000000000000
231.00000000000000000000 59.00000000000000000000
325.00000000000000000000 149.00000000000000000000
256.00000000000000000000 370.00000000000000000000
191.00000000000000000000 76.00000000000000000000
244.00000000000000000000 275.00000000000000000000
128.00000000000000000000 187.00000000000000000000
291.00000000000000000000 63.00000000000000000000
242.00000000000000000000 224.00000000000000000000
389.00000000000000000000 155.00000000000000000000
145.00000000000000000000 31.00000000000000000000
408.00000000000000000000 116.00000000000000000000
325.00000000000000000000 346.00000000000000000000
321.00000000000000000000 347.00000000000000000000
82.00000000000000000000 90.00000000000000000000
273.00000000000000000000 102.00000000000000000000
134.00000000000000000000 276.00000000000000000000
53.00000000000000000000 88.00000000000000000000
145.00000000000000000000 135.00000000000000000000
309.00000000000000000000 103.00000000000000000000
219.00000000000000000000 7.00000000000000000000
293.00000000000000000000 30.00000000000000000000
153.00000000000000000000 228.00000000000000000000
292.00000000000000000000 70.00000000000000000000
166.00000000000000000000 155.00000000000000000000
214.00000000000000000000 252.00000000000000000000
237.00000000000000000000 99.00000000000000000000
407.00000000000000000000 178.00000000000000000000
442.00000000000000000000 271.00000000000000000000
50.00000000000000000000 70.00000000000000000000
305.00000000000000000000 179.00000000000000000000
298.00000000000000000000 178.00000000000000000000
300.00000000000000000000 144.00000000000000000000
286.00000000000000000000 478.00000000000000000000
328.00000000000000000000 150.00000000000000000000
183.00000000000000000000 6.00000000000000000000
229.00000000000000000000 412.00000000000000000000
163.00000000000000000000 211.00000000000000000000
162.00000000000000000000 535.00000000000000000000
163.00000000000000000000 331.00000000000000000000
340.00000000000000000000 130.00000000000000000000
87.00000000000000000000 27.00000000000000000000
216.00000000000000000000 88.00000000000000000000
123.00000000000000000000 137.00000000000000000000
158.00000000000000000000 145.00000000000000000000
360.00000000000000000000 59.00000000000000000000
409.00000000000000000000 84.00000000000000000000
