# GENERATOR FitPolylineRegression
# Elapsed time in milliseconds

SplitMerge_Global
                              N       Mean      P05      P50      P95      MAX
  border01                      7  4.57059  1.02614    1.458  9.16554  15.3176
  border02                      4  2.91113  2.29847  2.47331  2.94171  3.93104
  concave                       8  3.41015  1.44906   2.5468  3.54588  9.81066
  quadrilaterals01              7  2.44338   1.7327  2.43936  2.91432  3.24377
  set01                         9  .751787  .323441  .401009  1.21439  2.13649
  set02                         9  .678265  .478349  .641372  .921606  .924717
  set03                         9  .885518  .723591  .901931  .956814  1.07397
  set04                        10  .151773  .101001  .146379  .194071  .195024

SplitMerge_Local
                              N       Mean      P05      P50      P95      MAX
  border01                      7  19.7452  2.92209  23.9044  24.9664  28.6674
  border02                      4  15.4543  11.3321  12.3792  15.8502  22.2559
  concave                       8  9.15965  5.92487  7.96624  12.5318  12.8091
  quadrilaterals01              7  2.66243  1.73784  2.66292  3.24171  3.29704
  set01                         9  5.04527  3.80284  4.45646  7.08884  7.65751
  set02                         9  2.68746  1.76752  2.71314  3.35934  3.85947
  set03                         9  1.99901  1.43187  2.08055  2.39017  2.39823
  set04                        10  .533287  .403046  .535576  .585275  .608449

SplitMergeOld_Global
                              N       Mean      P05      P50      P95      MAX
  border01                      7  12.2456  1.83304  4.24975  18.6169  47.8901
  border02                      4  4.64332  3.34637  4.37337  5.07237  5.78118
  concave                       8  9.19013  1.70591   4.8675  13.6055  26.9793
  quadrilaterals01              7  7.34883  2.42241   3.9073  9.27168  24.8796
  set01                         9  9.51169  1.03989  2.74817  24.9338  36.0652
  set02                         9  6.02307  .500664  1.46273   14.155   32.242
  set03                         9  3.14448  .683236  1.75104  5.62113  7.85671
  set04                        10   1.0231  .667846  .843262   1.5017  1.51822

SplitMergeOld_Local
                              N       Mean      P05      P50      P95      MAX
  border01                      7  91.2919  14.8028  114.872  128.253   139.65
  border02                      4  59.3398  34.9749  54.8826   69.122  78.3796
  concave                       8   22.898  13.3914  15.6553  37.6686  39.6101
  quadrilaterals01              7  48.0108  5.76673  15.1344  45.3571  216.609
  set01                         9  239.386  77.9643  155.582  398.769  557.966
  set02                         9  34.0186  12.6587  25.1353  48.4768  84.3138
  set03                         9  37.8148  19.0853  38.5149  54.0515  63.4226
  set04                        10  11.8426  7.38015  10.2468  13.2537  21.5164

Summary:
                              N       Mean      P05      P50      P95      MAX
  SplitMerge_Global            63  1.75209  .131788   .93444  3.54588  15.3176
  SplitMerge_Local             63  6.10899  .529708   3.1279   22.559  28.6674
  SplitMergeOld_Global         63  6.46983  .667846  2.73502  24.9338  47.8901
  SplitMergeOld_Local          63  68.4931  8.00335  34.9749  216.609  557.966
