# list of hand selected 2D points
1306.80000000000000000000 598.40000000000000000000
1650.80000000000000000000 602.60000000000000000000
1993.40000000000000000000 606.80000000000000000000
2330.00000000000000000000 612.20000000000000000000
1316.40000000000000000000 946.60000000000000000000
1651.60000000000000000000 948.80000000000000000000
1984.20000000000000000000 951.80000000000000000000
2312.30000000000100000000 955.30000000000030000000
1326.26865671641780000000 1278.35820895522370000000
1652.23880597014930000000 1279.55223880597000000000
1976.71641791044770000000 1280.59701492537300000000
2295.22388059701500000000 1282.98507462686550000000
1335.40983606557370000000 1591.80327868852440000000
1652.95081967213100000000 1591.80327868852440000000
1968.52459016393440000000 1591.71721311475430000000
2279.35454545454500000000 1591.98181818181840000000
1343.78378378378370000000 1889.72972972972960000000
1652.97297297297300000000 1888.10810810810810000000
1960.81081081081060000000 1887.29729729729730000000
2263.78378378378370000000 1886.75675675675670000000
1352.53731343283580000000 2174.77611940298500000000
1654.47761194029840000000 2172.08955223880600000000
1954.02985074626850000000 2169.40298507462700000000
2250.14925373134340000000 2167.76119402985070000000
