# list of hand selected 2D points
1573.10000000000060000000 780.45000000000070000000
1831.95121951219500000000 787.07317073170730000000
2090.96774193548400000000 793.22580645161290000000
2347.09677419354830000000 800.32258064516120000000
1566.12903225806440000000 1038.06451612903220000000
1825.88235294117640000000 1044.41176470588220000000
2085.58823529411760000000 1050.58823529411760000000
2343.23529411764700000000 1056.76470588235300000000
1558.92857142857130000000 1299.28571428571420000000
1819.99999999999980000000 1304.99999999999980000000
2081.07142857142840000000 1311.07142857142840000000
2338.92857142857100000000 1317.14285714285700000000
1551.95121951219500000000 1561.46341463414610000000
1814.14634146341450000000 1567.07317073170700000000
2075.85365853658500000000 1572.43902439024370000000
2335.12195121951200000000 1578.04878048780460000000
1544.78260869565200000000 1826.52173913043450000000
1807.82608695652150000000 1831.30434782608680000000
2070.86956521739100000000 1836.08695652173900000000
2329.99999999999950000000 1840.86956521739100000000
1537.82608695652150000000 2093.91304347826050000000
1802.17391304347800000000 2099.13043478260850000000
2065.65217391304300000000 2102.60869565217350000000
2327.39130434782600000000 2107.39130434782600000000
