# list of hand selected 2D points
842.60869565217380000000 631.30434782608690000000
1130.86956521739130000000 673.47826086956510000000
1393.91304347826080000000 712.17391304347810000000
1630.43478260869550000000 746.52173913043480000000
839.08333333333360000000 912.91666666666640000000
1131.08333333333350000000 941.80000000000020000000
1395.65000000000030000000 967.75000000000020000000
1634.71666666666670000000 991.13333333333360000000
836.21666666666700000000 1202.20476190476170000000
1130.75238095238110000000 1216.26428571428500000000
1398.07142857142900000000 1229.37380952380950000000
1638.82142857142820000000 1241.00238095238100000000
832.14285714285710000000 1496.42857142857130000000
1130.61428571428560000000 1495.66428571428560000000
1399.75000000000000000000 1494.43571428571400000000
1642.87142857142900000000 1494.37142857142770000000
829.99999999999990000000 1796.42857142857130000000
1130.49999999999950000000 1780.08571428571350000000
1402.30714285714320000000 1765.48571428571310000000
1646.79285714285720000000 1752.37857142857050000000
826.42857142857130000000 2104.32142857143100000000
1130.46428571428580000000 2071.61428571428860000000
1404.38571428571410000000 2041.99285714285700000000
1651.75714285714370000000 2015.94999999999900000000
