# list of hand selected 2D points
SETS
0.13513513513513511000 175.40540540540540000000 18.10810810810811000000 171.89189189189187000000 1.89189189189189190000 54.86486486486486000000
206.80672268907563000000 404.28571428571430000000 180.92436974789916000000 270.08403361344534000000 314.95798319327730000000 242.35294117647058000000 345.88235294117646000000 369.66386554621846000000
473.36134453781510000000 338.40336134453780000000 438.99159663865544000000 216.30252100840335000000 554.95798319327730000000 191.76470588235293000000 592.52100840336130000000 308.48739495798316000000
702.60504201680670000000 281.34453781512605000000 662.26890756302520000000 170.00000000000000000000 762.85714285714290000000 148.48739495798318000000 799.83193277310920000000 244.03361344537814000000 799.66386554621850000000 257.31092436974790000000
53.16326530612245000000 599.28571428571420000000 81.42857142857142000000 592.04081632653060000000 83.36734693877550000000 599.38775510204070000000
245.40816326530611000000 599.89795918367340000000 234.79591836734693000000 547.85714285714280000000 377.85510204081635000000 506.43265306122440000000 400.30612244897960000000 598.97959183673470000000
509.57983193277310000000 468.65546218487395000000 631.84873949579830000000 432.94117647058823000000 673.86554621848730000000 566.47058823529410000000 576.51685393258420000000 599.77528089887640000000 545.95505617977530000000 599.77528089887640000000
799.10112359550560000000 522.80898876404490000000 788.53932584269660000000 527.52808988764050000000 744.60674157303370000000 400.56179775280896000000 799.66292134831460000000 383.82022471910113000000
0.25210084033613445000 455.46218487394960000000 58.40336134453781400000 440.92436974789916000000 36.72268907563025000000 300.58823529411760000000 0.42016806722689076000 308.31932773109240000000
157.02702702702703000000 147.22702702702708000000 135.00000000000000000000 33.91891891891892000000 260.81081081081080000000 15.67567567567567500000 287.29729729729730000000 124.45945945945945000000
407.43243243243240000000 104.32432432432432000000 377.83783783783780000000 0.13513513513513511000 493.10810810810807000000 0.27027027027027023000 520.40540540540540000000 83.78378378378378000000
625.81081081081080000000 65.67567567567568000000 602.02702702702700000000 0.27027027027027023000 703.37837837837830000000 0.00000000000000000000 723.24324324324320000000 49.18918918918918600000
