# list of hand selected 2D points
SETS
799.91596638655460000000 267.39495798319325000000 786.38655462184870000000 267.47899159663865000000 780.84033613445380000000 222.85714285714286000000 799.83193277310920000000 222.01680672268907000000
799.83193277310920000000 177.81512605042016000000 775.21008403361340000000 179.07563025210084000000 769.91596638655460000000 138.15126050420167000000 799.66386554621850000000 135.21008403361344000000
799.83193277310920000000 94.53781512605042000000 764.87394957983190000000 97.89915966386555000000 759.74789915966380000000 60.16806722689075600000 799.57983193277310000000 54.95798319327731000000
799.15966386554620000000 16.97478991596638700000 754.95798319327730000000 23.19327731092437000000 751.76470588235290000000 0.25210084033613445000
705.04201680672270000000 0.08403361344537814000 708.06722689075630000000 29.66386554621848500000 662.01680672268900000000 36.89075630252100500000 659.91596638655460000000 2.94117647058823500000 677.05882352941170000000 0.16806722689075630000
617.14285714285710000000 9.91596638655462200000 618.15126050420170000000 43.69747899159664000000 576.89075630252100000000 49.74789915966386600000 575.96638655462190000000 17.05882352941176400000
620.92436974789920000000 78.23529411764706000000 622.35294117647060000000 114.95798319327730000000 578.82352941176460000000 118.90756302521008000000 577.98319327731090000000 84.20168067226890000000
624.53781512605040000000 152.26890756302520000000 626.13445378151250000000 190.84033613445376000000 580.92436974789920000000 194.20168067226890000000 580.25210084033610000000 156.21848739495798000000
628.48739495798320000000 231.51260504201680000000 630.75630252100840000000 273.52941176470586000000 583.78151260504200000000 275.04201680672270000000 582.68907563025210000000 233.78151260504200000000
732.18487394957980000000 269.91596638655460000000 680.33613445378150000000 271.34453781512605000000 677.31092436974790000000 228.57142857142856000000 727.81512605042020000000 225.96638655462183000000
723.19327731092440000000 183.02521008403360000000 673.86554621848730000000 186.97478991596637000000 671.17647058823520000000 146.97478991596637000000 719.24369747899150000000 142.77310924369746000000
715.37815126050420000000 103.69747899159664000000 667.98319327731090000000 108.90756302521008000000 665.37815126050420000000 72.10084033613445000000 711.93277310924370000000 65.79831932773110000000
