# GENERATOR FitPolylineRegression
# Elapsed time in milliseconds

SplitMerge_Global
                              N       Mean      P05      P50      P95      MAX
  border01                      7   5.2705  1.16019  1.59237  11.0045   17.401
  border02                      4   2.9889  2.26175  2.55742    3.192  3.94443
  concave                       8  3.80941   1.7726   2.6981  3.74524  12.0007
  quadrilaterals01              7  2.83635  1.87979  2.78765  3.50454  3.59216
  set01                         9  .788052  .360581  .533539   1.3848  2.06888
  set02                         9   .72761  .495161  .589611  1.01203  1.08779
  set03                         9  .943935  .753419  .942908  1.14993  1.20727
  set04                        10  .178571  .105767  .174733  .230958  .236301

SplitMerge_Local
                              N       Mean      P05      P50      P95      MAX
  border01                      7  22.1192  3.30484  26.5179   28.023  31.4489
  border02                      4  16.3394  7.34622  14.9171  16.4394  26.6551
  concave                       8  9.25383  6.13594  7.93802  11.1767  14.1176
  quadrilaterals01              7  3.04926  2.05127  2.93787  3.75493  3.84369
  set01                         9  6.12393  4.78416  5.28228  8.23773  9.50485
  set02                         9  3.24479  2.23624  2.90055  4.26236   4.6751
  set03                         9  2.43497  1.91292  2.39702  2.77285  3.02376
  set04                        10  .719651  .522914   .66847  .952227  .957025

SplitMergeOld_Global
                              N       Mean      P05      P50      P95      MAX
  border01                      7  16.4378  2.13735  5.08394  18.5025  74.7757
  border02                      4  5.44998  3.81478   5.0224  5.05556  7.90717
  concave                       8  11.2628  2.11301  6.66756  16.4375  29.2931
  quadrilaterals01              7  8.07512  2.94056  4.78995  7.94795  29.1182
  set01                         9   10.845    1.518  2.14011  34.8063  36.2206
  set02                         9  7.70137  .488854  2.13854  10.3446   43.773
  set03                         9  3.70129  .979479  2.23567  5.41973  12.6917
  set04                        10  1.23067  .794101  1.01917  1.77312   1.9028

SplitMergeOld_Local
                              N       Mean      P05      P50      P95      MAX
  border01                      7  114.603  14.3993   128.19  175.023  182.694
  border02                      4  60.6695  46.6139  64.6969  64.8887  66.4786
  concave                       8  24.5944  16.9635  23.2523  26.5722  35.8126
  quadrilaterals01              7  64.6507  4.63747  33.5035  65.7645  292.713
  set01                         9  280.152  48.2159  173.601  498.371  633.634
  set02                         9  33.0409   11.735  21.1588   58.564  103.352
  set03                         9  43.0503  14.6041  41.6727  77.9901  78.2186
  set04                        10   7.2638  2.58468   6.3883  10.7457  11.9611

Summary:
                              N       Mean      P05      P50      P95      MAX
  SplitMerge_Global            63  1.95398  .173802  1.04231  3.74524   17.401
  SplitMerge_Local             63  6.80948  .633501  3.75493  26.5179  31.4489
  SplitMergeOld_Global         63  7.87346  .794101  3.09211  29.2931  74.7757
  SplitMergeOld_Local          63  78.9371  5.64556  29.5816  292.713  633.634
