# list of hand selected 2D points
466.06557377049177000000 154.26229508196720000000
494.19016393442610000000 165.01803278688524000000
483.73442622950813000000 184.73196721311467000000
454.26229508196720000000 172.45901639344260000000
523.19262295081990000000 177.60491803278686000000
551.31147540983600000000 189.34426229508196000000
543.93442622950820000000 210.16393442622950000000
513.93442622950820000000 196.72131147540980000000
580.34382716049400000000 201.57839506172837000000
608.14814814814820000000 214.44444444444446000000
602.83950617283950000000 236.17283950617286000000
573.70370370370370000000 222.71604938271605000000
566.20370370370370000000 247.22222222222220000000
595.92592592592590000000 260.46296296296293000000
588.61111111111110000000 286.20370370370370000000
556.73703703703720000000 271.18148148148140000000
504.28571428571420000000 219.59183673469386000000
534.69387755102040000000 232.85714285714283000000
524.59183673469390000000 257.24489795918370000000
492.55102040816325000000 242.55102040816325000000
442.24489795918360000000 193.77551020408163000000
472.75510204081627000000 205.91836734693877000000
459.89795918367344000000 228.87755102040813000000
428.46938775510200000000 214.69387755102040000000
413.01530612244890000000 240.10204081632650000000
445.51020408163260000000 254.38775510204079000000
430.11235955056180000000 280.89887640449440000000
396.51685393258424000000 265.16853932584270000000
480.00000000000000000000 269.55056179775280000000
465.65505617977520000000 296.44213483146070000000
499.88764044943820000000 313.14606741573033000000
513.14606741573030000000 284.26966292134830000000
547.19101123595500000000 300.11235955056180000000
579.32584269662910000000 314.60674157303370000000
569.21348314606730000000 345.50561797752806000000
535.16853932584260000000 328.87640449438203000000
521.97530864197530000000 362.09876543209880000000
557.16049382716050000000 378.39506172839510000000
543.38024691358040000000 412.98333333333330000000
506.91358024691360000000 394.93827160493830000000
449.15925925925930000000 327.90123456790127000000
485.43209876543210000000 344.93827160493830000000
469.38271604938274000000 378.02469135802470000000
431.82530864197530000000 358.39197530864190000000
378.39506172839510000000 294.44444444444446000000
412.59259259259260000000 310.61728395061730000000
395.06172839506170000000 340.74074074074076000000
358.63888888888886000000 323.62716049382715000000
