# list of hand selected 2D points
258.75756302521006000000 84.45798319327734000000
299.29159663865550000000 82.47521008403365000000
342.14541984732810000000 80.95038167938934000000
384.80916030534350000000 80.31335877862597000000
428.04427480916020000000 80.41603053435117000000
469.19732824427460000000 81.01870229007633000000
471.89770992366420000000 120.91068702290073000000
429.42099236641207000000 120.34999999999997000000
385.69885496183200000000 120.05534351145039000000
341.80877862595383000000 120.70534351145035000000
342.68778625954170000000 163.48015267175546000000
386.58854961832060000000 163.77748091603036000000
431.56374045801505000000 163.62480916030518000000
474.17480916030524000000 163.92480916030524000000
475.72519083969460000000 207.55725190839692000000
431.84007633587770000000 207.53358778625950000000
387.48091603053433000000 207.40458015267174000000
342.36908396946560000000 207.25725190839685000000
342.07977099236615000000 252.59312977099205000000
387.27022900763365000000 252.23511450381650000000
432.69809160305340000000 252.98778625954182000000
476.48854961832060000000 252.83511450381664000000
475.87786259541980000000 297.63358778625950000000
432.27442748091585000000 297.86259541984730000000
386.71755725190840000000 297.63358778625950000000
341.83740458015257000000 297.78625954198470000000
341.46106870228990000000 342.74580152671723000000
386.10687022900760000000 343.49045801526710000000
431.05305343511435000000 343.03778625954180000000
474.73282442748086000000 343.03511450381666000000
473.28244274809157000000 386.03053435114500000000
429.99999999999994000000 387.09923664122135000000
385.26717557251900000000 386.45687022900770000000
340.87671755725170000000 386.10687022900760000000
296.65954198473287000000 384.41946564885500000000
254.13549618320590000000 382.41374045801530000000
296.88265306122450000000 342.09693877551010000000
254.03979591836722000000 340.43469387755070000000
297.04081632653060000000 297.04081632653060000000
253.93979591836720000000 296.32448979591840000000
297.34693877551020000000 252.61326530612232000000
254.99999999999997000000 252.46326530612228000000
297.74897959183676000000 207.74897959183680000000
255.31836734693863000000 208.00714285714287000000
298.06122448979590000000 164.50612244897940000000
256.23673469387740000000 165.82653061224477000000
298.97959183673470000000 122.14285714285714000000
257.95918367346940000000 123.16326530612244000000
