# list of hand selected 2D points
337.56944444444446000000 100.00000000000000000000
379.37500000000000000000 104.72222222222221000000
422.15277777777777000000 110.00000000000000000000
462.08333333333330000000 115.83333333333333000000
501.87500000000000000000 121.80555555555556000000
538.05555555555550000000 128.05555555555554000000
537.70833333333340000000 166.80555555555554000000
501.66666666666663000000 160.62500000000000000000
460.27777777777777000000 154.37500000000000000000
419.79166666666663000000 148.95833333333334000000
376.14942528735630000000 144.36781609195400000000
333.87434554973820000000 139.05759162303664000000
329.52941176470586000000 182.58823529411765000000
372.58823529411760000000 187.41176470588235000000
417.41176470588240000000 192.94117647058823000000
458.58823529411760000000 197.41176470588235000000
499.88235294117646000000 202.94117647058823000000
537.29411764705880000000 208.00000000000000000000
535.76470588235290000000 249.29411764705880000000
498.11764705882354000000 244.58823529411765000000
455.88235294117646000000 239.88235294117646000000
414.11764705882354000000 235.05882352941177000000
368.94117647058823000000 230.70588235294120000000
325.17647058823530000000 225.88235294117646000000
320.00000000000000000000 272.24489795918370000000
363.87755102040813000000 276.32653061224490000000
409.59183673469386000000 281.53061224489795000000
452.44897959183670000000 285.40816326530610000000
494.28571428571430000000 289.38775510204080000000
533.06122448979590000000 292.75510204081630000000
528.97959183673470000000 335.10204081632650000000
490.71428571428567000000 332.04081632653060000000
448.06122448979590000000 329.18367346938770000000
405.71428571428567000000 325.00000000000000000000
359.59183673469386000000 321.42857142857140000000
315.61224489795916000000 316.63265306122446000000
310.12345679012350000000 362.71604938271605000000
354.81481481481484000000 367.03703703703707000000
399.75308641975310000000 371.60493827160496000000
443.20987654320990000000 374.19753086419760000000
485.43209876543210000000 376.79012345679010000000
524.19753086419760000000 378.27160493827160000000
518.27160493827160000000 419.38271604938274000000
479.75308641975310000000 417.65432098765433000000
437.65432098765433000000 416.79012345679010000000
395.67901234567904000000 414.19753086419760000000
350.00000000000000000000 409.87654320987656000000
305.92592592592590000000 405.80246913580250000000
