# list of hand selected 2D points
270.48534031413600000000 153.41727748691090000000
301.67539267015707000000 150.49005235602084000000
335.82329842931927000000 147.86518324607323000000
367.90575916230364000000 145.77094240837690000000
403.14136125654450000000 144.18848167539267000000
434.29319371727746000000 142.67015706806282000000
438.11518324607330000000 166.07329842931935000000
405.91623036649213000000 167.12041884816753000000
369.60523560209435000000 169.60523560209435000000
335.89450261780087000000 171.56125654450264000000
300.40706806282725000000 174.39083769633510000000
267.69345549738193000000 176.78507853403150000000
264.99738219895270000000 203.95261780104698000000
299.24345549738230000000 201.70366492146582000000
336.06335078534010000000 198.94293193717255000000
371.66125654450263000000 197.23926701570673000000
409.04293193717257000000 194.90916230366471000000
443.57198952879570000000 193.48376963350770000000
447.64397905759160000000 221.57068062827224000000
411.97015706806263000000 223.08664921465967000000
372.91780104712046000000 225.84973821989533000000
336.14450261780090000000 227.67748691099484000000
298.05104712041890000000 229.98821989528800000000
262.03193717277463000000 231.88481675392669000000
259.19293193717260000000 264.91387434554950000000
295.90445026178014000000 262.86020942408356000000
336.25863874345530000000 260.49947643979044000000
375.07853403141360000000 258.84816753926700000000
376.47094240837700000000 292.24659685863870000000
336.26335078534015000000 294.28141361256550000000
294.65968586387430000000 296.43979057591620000000
256.11806282722490000000 297.69633507853400000000
252.89136125654443000000 335.83036649214650000000
292.87958115183244000000 334.12382198952855000000
336.42041884816734000000 332.23376963350740000000
378.06282722513090000000 330.93246073298405000000
379.36701570680630000000 369.15759162303664000000
335.83507853403125000000 370.62827225130890000000
290.88769633507854000000 372.18952879581155000000
249.60235602094230000000 373.03664921465963000000
415.28965517241363000000 256.33160919540217000000
453.10344827586204000000 253.79310344827584000000
458.32356321839086000000 287.93103448275860000000
418.50804597701136000000 289.97758620689655000000
421.85632183908030000000 328.12068965517227000000
463.27586206896547000000 325.51724137931030000000
467.52873563218384000000 364.71264367816090000000
424.55517241379300000000 367.29885057471260000000
