# list of hand selected 2D points
340.14925373134326000000 113.13432835820895000000
377.16417910447760000000 113.88059701492537000000
376.41791044776120000000 151.34328358208955000000
339.25373134328356000000 150.29850746268656000000
414.59459459459460000000 115.40540540540540000000
451.62162162162160000000 117.16216216216216000000
450.98108108108100000000 154.22432432432430000000
413.68918918918905000000 153.05810810810810000000
487.56756756756755000000 119.65000000000002000000
521.89189189189190000000 122.02702702702702000000
521.89189189189190000000 159.05405405405403000000
487.16216216216213000000 156.21621621621620000000
485.54054054054050000000 193.39864864864860000000
520.13513513513510000000 195.01486486486488000000
518.24324324324320000000 231.62162162162160000000
484.18918918918916000000 230.67567567567568000000
413.04324324324320000000 190.20540540540534000000
450.00000000000000000000 191.35135135135135000000
448.07837837837826000000 229.02432432432425000000
411.20675675675660000000 227.70270270270268000000
338.24324324324320000000 188.24324324324323000000
375.81081081081080000000 189.32432432432432000000
374.86486486486484000000 226.75675675675674000000
337.43243243243240000000 225.40540540540540000000
336.08108108108104000000 262.04729729729723000000
372.70270270270270000000 263.37837837837840000000
372.02702702702703000000 299.32432432432430000000
335.31081081081066000000 297.70270270270270000000
409.56486486486480000000 264.27972972972964000000
446.08108108108104000000 265.67567567567570000000
443.61891891891884000000 301.18648648648640000000
407.97297297297297000000 300.13513513513510000000
480.94594594594594000000 266.21621621621620000000
515.40540540540540000000 267.56756756756755000000
511.83243243243270000000 302.50810810810793000000
478.18378378378360000000 301.89189189189190000000
474.78513513513500000000 336.20135135135130000000
507.43243243243240000000 336.48648648648646000000
504.05405405405400000000 368.78378378378375000000
471.02162162162150000000 368.50810810810816000000
405.81081081081080000000 335.54054054054050000000
440.13513513513510000000 335.94594594594594000000
437.97297297297297000000 369.18918918918916000000
402.91351351351335000000 368.19324324324320000000
334.42972972972970000000 332.92837837837830000000
370.00000000000000000000 333.78378378378375000000
368.59864864864863000000 367.36756756756750000000
332.91891891891870000000 365.39054054054050000000
