# list of hand selected 2D points
138.78378378378378000000 85.13513513513513000000
135.67567567567568000000 123.78378378378378000000
100.93648648648652000000 126.89189189189189000000
104.72972972972973000000 89.37972972972975000000
175.02027027027020000000 80.39054054054054000000
214.86486486486484000000 76.89189189189189000000
212.83783783783784000000 117.29729729729729000000
172.74324324324310000000 120.13513513513513000000
256.01621621621615000000 73.58378378378379000000
299.59459459459460000000 71.48648648648648000000
298.91891891891890000000 112.43243243243242000000
255.27027027027026000000 114.18918918918918000000
297.97297297297297000000 157.02702702702703000000
297.83783783783780000000 201.75675675675674000000
253.10810810810810000000 202.43243243243242000000
253.48378378378370000000 157.54864864864840000000
211.08108108108107000000 160.00000000000000000000
209.86486486486484000000 203.91891891891890000000
168.91891891891890000000 205.00000000000000000000
169.95540540540530000000 161.57702702702693000000
132.56756756756755000000 164.05405405405403000000
130.94594594594594000000 206.21621621621620000000
95.31081081081084000000 206.91216216216210000000
97.36756756756758000000 166.29189189189174000000
94.32432432432432000000 248.51351351351350000000
129.45945945945945000000 248.64864864864865000000
129.05405405405403000000 291.08108108108110000000
93.91891891891892000000 290.27027027027026000000
167.56756756756755000000 248.51351351351350000000
208.51351351351352000000 248.51351351351350000000
208.37837837837836000000 293.91891891891890000000
166.89729729729720000000 292.66756756756760000000
251.66216216216205000000 248.48378378378370000000
297.43243243243240000000 248.64864864864865000000
297.16216216216213000000 295.67567567567570000000
251.68648648648653000000 294.92027027027020000000
252.02702702702700000000 340.81081081081080000000
296.75675675675670000000 342.02702702702703000000
296.75675675675670000000 386.75675675675670000000
252.02702702702700000000 384.86486486486484000000
167.56756756756755000000 336.62162162162160000000
208.64864864864865000000 338.24324324324320000000
209.18918918918920000000 382.02702702702703000000
167.97297297297297000000 379.32432432432430000000
94.72972972972973000000 331.75675675675670000000
129.72972972972970000000 333.51351351351350000000
130.54054054054055000000 375.67567567567570000000
95.39054054054054000000 371.08648648648636000000
