# list of hand selected 2D points
101.48148148148148000000 106.06975308641978000000
137.90123456790124000000 106.79012345679013000000
130.86419753086420000000 147.16049382716050000000
93.55061728395064000000 144.71481481481480000000
178.09814814814814000000 108.12160493827162000000
218.64197530864197000000 109.62962962962963000000
212.59259259259260000000 150.98765432098767000000
171.11111111111111000000 148.14814814814815000000
262.04876543209880000000 112.80987654320991000000
305.30864197530866000000 115.80246913580247000000
301.11111111111114000000 157.90123456790124000000
256.79012345679010000000 154.07407407407408000000
251.38148148148147000000 198.78580246913575000000
296.17283950617286000000 202.46913580246914000000
291.85185185185185000000 248.14814814814815000000
245.86975308641965000000 243.20987654320987000000
164.39135802469130000000 191.55185185185178000000
206.29629629629630000000 194.86172839506170000000
200.98765432098767000000 239.62962962962965000000
158.27160493827162000000 235.18518518518520000000
87.11049382716050000000 186.29320987654316000000
123.45679012345680000000 188.64197530864197000000
117.90123456790124000000 231.23456790123458000000
80.24691358024691000000 228.14814814814815000000
75.18518518518519000000 271.48148148148147000000
111.72839506172840000000 275.92592592592590000000
108.39506172839506000000 319.50617283950620000000
70.86419753086420000000 313.70370370370370000000
153.20987654320987000000 280.98765432098764000000
195.67901234567900000000 285.43209876543210000000
191.72839506172840000000 331.35802469135800000000
148.88888888888889000000 325.06172839506170000000
241.43148148148148000000 290.32037037037037000000
286.66666666666670000000 294.69135802469140000000
282.71604938271605000000 341.48148148148150000000
236.66666666666669000000 336.66666666666670000000
232.73783783783782000000 382.52297297297287000000
277.97297297297297000000 387.70270270270270000000
274.72972972972974000000 431.08108108108104000000
229.05405405405403000000 425.54054054054050000000
145.74594594594590000000 370.17027027027024000000
187.70270270270268000000 376.89189189189190000000
185.40540540540540000000 419.45945945945940000000
142.48783783783776000000 412.68783783783780000000
67.83783783783784000000 356.52162162162160000000
105.00000000000000000000 363.24324324324320000000
102.97297297297297000000 405.54054054054050000000
65.86621621621623000000 396.82702702702700000000
