# list of hand selected 2D points
53.24324324324324000000 106.21621621621621000000
85.94594594594594000000 103.78378378378378000000
82.56756756756756000000 142.29729729729730000000
49.32432432432432000000 143.51351351351352000000
121.62162162162161000000 100.27027027027026000000
159.18918918918920000000 98.24324324324324000000
156.48648648648648000000 137.70270270270270000000
118.51351351351350000000 139.32432432432432000000
199.45945945945945000000 96.35135135135134000000
240.54054054054052000000 95.13513513513513000000
238.37837837837836000000 135.12567567567555000000
197.43243243243242000000 135.54054054054055000000
236.75675675675674000000 178.24324324324323000000
235.54054054054052000000 221.75675675675674000000
193.37837837837836000000 221.48648648648648000000
194.72972972972970000000 178.78378378378378000000
153.91891891891890000000 178.91891891891890000000
151.89189189189187000000 221.62162162162160000000
112.97297297297297000000 221.89189189189187000000
114.86486486486486000000 179.88513513513507000000
78.37837837837837000000 181.75675675675674000000
76.35135135135135000000 222.16216216216216000000
42.70270270270270000000 222.16216216216216000000
44.86486486486486000000 182.70270270270268000000
41.13456790123457600000 263.00679012345670000000
74.69135802469137000000 263.94444444444434000000
74.74444444444443000000 305.28518518518524000000
40.93456790123459000000 303.58024691358025000000
111.72839506172840000000 264.81481481481484000000
150.47037037037040000000 265.05555555555543000000
149.87654320987656000000 308.39506172839510000000
110.93148148148151000000 306.79012345679010000000
192.19567901234566000000 265.94629629629620000000
235.06172839506175000000 266.79012345679010000000
235.06172839506175000000 310.98765432098764000000
191.65185185185180000000 309.90000000000000000000
192.02222222222218000000 353.99753086419753000000
234.56790123456790000000 355.40555555555550000000
235.06172839506175000000 397.92160493827157000000
192.78641975308636000000 395.80246913580250000000
111.94876543209878000000 349.20617283950610000000
150.86419753086420000000 352.02222222222220000000
151.85185185185185000000 393.20987654320990000000
112.48950617283953000000 389.84999999999997000000
41.62530864197533000000 343.50061728395053000000
75.67901234567901000000 346.54320987654324000000
76.91358024691358000000 386.17283950617286000000
42.80987654320990000000 381.74876543209870000000
