# list of hand selected 2D points
86.57407407407406000000 134.07407407407408000000
113.88888888888889000000 126.57407407407406000000
110.92592592592592000000 154.16666666666666000000
83.33333333333333000000 160.27777777777777000000
143.06851851851840000000 119.37962962962963000000
174.16666666666666000000 111.94444444444444000000
172.50000000000000000000 139.62962962962962000000
141.54444444444434000000 145.92592592592592000000
206.94444444444443000000 105.27777777777777000000
239.62962962962962000000 98.33333333333333000000
239.90740740740740000000 125.74074074074073000000
206.85185185185185000000 132.03703703703704000000
206.45925925925917000000 162.37037037037024000000
241.94444444444443000000 156.01851851851850000000
243.05555555555554000000 187.96296296296296000000
206.45185185185176000000 194.90740740740740000000
138.51851851851850000000 176.24999999999972000000
171.20370370370370000000 169.64999999999992000000
170.83333333333331000000 201.85185185185185000000
137.50000000000000000000 207.68518518518516000000
79.37962962962963000000 189.69999999999993000000
107.59259259259258000000 183.06851851851840000000
105.27777777777777000000 214.07407407407405000000
76.16666666666669000000 219.62222222222218000000
73.05555555555556000000 253.88888888888889000000
102.59259259259258000000 248.24074074074073000000
100.74074074074073000000 283.14814814814815000000
71.11851851851851000000 287.33703703703710000000
135.81632653061223000000 242.95918367346937000000
169.79591836734693000000 236.22448979591834000000
169.69387755102040000000 272.85714285714283000000
135.00000000000000000000 277.85714285714283000000
207.24489795918365000000 230.71428571428570000000
245.10204081632650000000 223.97959183673467000000
246.93877551020407000000 260.91836734693874000000
208.46938775510202000000 266.22448979591840000000
209.69999999999990000000 307.04897959183660000000
249.33367346938778000000 301.23877551020390000000
252.34693877551018000000 341.93877551020404000000
211.19285714285692000000 346.53061224489795000000
134.27432432432430000000 315.97162162162147000000
170.40540540540540000000 311.62162162162160000000
170.81081081081080000000 351.89189189189190000000
133.78378378378378000000 355.00000000000000000000
69.05405405405405000000 324.32432432432430000000
100.00000000000000000000 320.67567567567570000000
98.91891891891892000000 358.10810810810807000000
68.51351351351352000000 360.67567567567570000000
