# list of hand selected 2D points
171.49253731343282000000 99.74850746268659000000
210.44776119402985000000 101.34328358208955000000
204.17910447761193000000 141.49253731343282000000
164.02985074626866000000 138.80597014925374000000
252.28805970149250000000 104.07686567164183000000
294.77611940298505000000 107.31343283582089000000
290.00000000000000000000 147.91044776119404000000
246.71641791044775000000 144.17910447761193000000
338.50746268656720000000 111.64179104477611000000
381.64179104477610000000 115.52238805970148000000
378.50746268656720000000 156.56716417910448000000
334.47761194029850000000 151.79104477611940000000
330.04925373134324000000 195.76865671641778000000
374.32835820895520000000 200.24626865671630000000
370.74626865671640000000 245.22388059701493000000
325.82089552238807000000 240.59701492537312000000
240.54701492537310000000 187.36194029850740000000
284.32835820895520000000 191.49253731343282000000
279.70149253731340000000 235.97014925373134000000
235.17164179104466000000 231.04477611940297000000
157.01492537313433000000 180.59328358208938000000
197.46268656716418000000 183.28358208955223000000
191.79104477611940000000 227.31343283582090000000
150.74626865671640000000 222.83582089552237000000
145.67164179104478000000 267.36119402985065000000
186.22089552238813000000 271.98955223880590000000
181.64179104477610000000 316.41791044776120000000
140.39552238805960000000 310.99477611940296000000
229.55223880597015000000 277.11268656716410000000
274.17910447761193000000 281.64179104477610000000
270.29850746268660000000 327.31343283582090000000
225.37313432835820000000 321.94029850746267000000
320.79477611940290000000 286.16417910447740000000
365.97014925373134000000 291.19402985074623000000
361.34328358208955000000 336.26865671641790000000
315.82089552238807000000 331.94029850746267000000
311.04477611940297000000 377.61194029850750000000
356.41791044776120000000 381.79104477611940000000
351.94029850746267000000 425.37313432835820000000
306.31567164179090000000 421.14402985074620000000
220.89552238805970000000 367.31343283582090000000
265.97014925373134000000 372.53731343283580000000
261.64179104477610000000 416.11940298507460000000
216.86567164179104000000 409.85074626865670000000
136.71641791044775000000 354.22835820895517000000
177.16417910447760000000 360.59701492537310000000
174.62686567164178000000 403.58208955223880000000
133.73134328358208000000 395.82089552238807000000
