# Hand selected points
SETS
256.62162162162160000000 100.54054054054053000000 292.97297297297297000000 178.78378378378378000000 225.00000000000000000000 171.35135135135135000000
302.59259259259260000000 138.64197530864197000000 321.48148148148150000000 103.58024691358025000000 340.74074074074076000000 140.86419753086420000000
360.56067415730314000000 121.57303370786516000000 373.59550561797750000000 102.24719101123596000000 384.26966292134830000000 123.70786516853931000000
425.16853932584270000000 118.65168539325842000000 314.60674157303370000000 192.80898876404493000000 401.01123595505620000000 186.96629213483146000000
411.91011235955057000000 217.07865168539325000000 322.58426966292130000000 306.74157303370790000000 231.68539325842696000000 207.07865168539325000000
249.21348314606740000000 257.41573033707860000000 276.40449438202245000000 292.35955056179773000000 234.15730337078650000000 375.95505617977530000000
248.87640449438200000000 376.74157303370780000000 265.73033707865170000000 353.25842696629210000000 289.88764044943820000000 386.06741573033710000000
266.17977528089887000000 329.66292134831457000000 306.06741573033710000000 315.95505617977530000000 317.30337078651684000000 394.49438202247190000000
323.70786516853930000000 403.82022471910113000000 347.64044943820220000000 372.24719101123594000000 391.23595505617976000000 417.86516853932585000000
405.39325842696627000000 397.97752808988764000000 332.02247191011236000000 342.80898876404495000000 395.95505617977530000000 277.30337078651684000000
