# GENERATOR DetectDescribeRegression
# Elapsed time in milliseconds

BoofSURF-Fast
                              N       Mean      P05      P50      P95      MAX
  bikes/                        6  113.776  88.6646  108.534  128.135  156.022
  boat/                         6  104.786  91.4274  96.2229  114.334  118.999
  graf/                         6  103.659  96.6379  103.047  107.526  109.859
  leuven/                       6  86.5453  73.6921   83.333  93.6183   101.85
  ubc/                          6  95.1488  82.3036  96.2871  100.115  101.317
  trees/                        6  138.515  117.159  135.999  145.104   154.52
  wall/                         6  128.809  122.747  124.047  126.027  151.696
  bark/                         6  76.3113  73.2982  73.6279  79.2791  79.9625

BoofSURF-Fast_Color
                              N       Mean      P05      P50      P95      MAX
  bikes/                        6  172.473  126.437  154.223  194.589  240.825
  boat/                         6   104.04   91.695  95.8215  113.548  120.319
  graf/                         6   201.74  186.027  202.091  210.751  213.199
  leuven/                       6  157.978  124.326    149.6  176.377  198.915
  ubc/                          6  183.045  150.022  186.238   196.33  198.981
  trees/                        6  277.407  225.258  272.791  298.935  307.082
  wall/                         6  258.039  246.016  247.115  253.956  305.327
  bark/                         6  147.563  139.624  141.314  154.746  157.383

BoofSURF-Stable
                              N       Mean      P05      P50      P95      MAX
  bikes/                        6  216.441  155.418  210.527  235.667  299.041
  boat/                         6  247.674  205.571  218.271  280.292  302.748
  graf/                         6  258.847  237.908  260.393  269.763  272.875
  leuven/                       6  195.416  149.965  184.338   221.38  248.379
  ubc/                          6  235.369  185.752  240.668   254.12  258.477
  trees/                        6  354.867  278.739  348.307  383.301  398.925
  wall/                         6  338.654  321.453  326.558  332.263  397.859
  bark/                         6  191.931  181.268  182.037  201.995  206.319

BoofSURF-Stable_Color
                              N       Mean      P05      P50      P95      MAX
  bikes/                        6   308.75  188.391  272.533  361.404  465.393
  boat/                         6   246.01  204.783  217.276  277.979  300.271
  graf/                         6  400.634  366.469  403.544  418.617   422.47
  leuven/                       6  298.465  223.105  280.281  341.925  387.282
  ubc/                          6  359.479  274.107  368.616  392.304  400.488
  trees/                        6  555.116  435.411  543.656  597.736  625.335
  wall/                         6  526.776  497.441  504.325  518.893  625.637
  bark/                         6  295.838  278.182  280.373  311.386  318.444

BoofSIFT
                              N       Mean      P05      P50      P95      MAX
  bikes/                        6  268.625  244.167  250.854  260.928  352.349
  boat/                         6  256.693  248.585  255.917  264.322  265.743
  graf/                         6  166.709  157.486  166.648  168.717  173.282
  leuven/                       6    186.9  182.501  185.836  189.684  191.989
  ubc/                          6  221.239  199.512  224.927  227.299  227.755
  trees/                        6  310.949  283.009  313.146  319.217  321.277
  wall/                         6  333.201  323.926  327.953  330.545  361.804
  bark/                         6   198.17  190.779  196.778  200.875  209.177


Summary:
                              N       Mean      P05      P50      P95      MAX
  BoofSURF-Fast                48  105.944  73.6279  101.317  145.104  156.022
  BoofSURF-Fast_Color          48  187.786  95.8215  186.027  289.592  307.082
  BoofSURF-Stable              48    254.9  167.031  246.659  373.442  398.925
  BoofSURF-Stable_Color        48  373.883  210.528  361.404  585.933  625.637
  BoofSIFT                     48  242.811  166.648  227.755  329.543  361.804
