# list of hand selected 2D points
SETS
155.39325842696630000000 338.53932584269660000000 158.76404494382020000000 272.80898876404495000000 229.66292134831460000000 267.75280898876406000000 229.21348314606740000000 332.13483146067415000000
302.35955056179773000000 325.61797752808985000000 298.87640449438203000000 261.68539325842700000000 367.30337078651684000000 256.62921348314603000000 373.14606741573033000000 319.21348314606740000000
442.92134831460675000000 313.03370786516854000000 433.82022471910113000000 250.78651685393257000000 499.32584269662920000000 245.50561797752810000000 512.02247191011240000000 306.96629213483146000000
579.66292134831460000000 300.89887640449440000000 564.49438202247190000000 240.00000000000000000000 626.96629213483140000000 235.16853932584270000000 645.05617977528080000000 295.16853932584270000000
147.03703703703704000000 491.23456790123460000000 150.74074074074073000000 410.61728395061730000000 229.01234567901236000000 403.82716049382720000000 229.01234567901236000000 482.34567901234570000000
309.01234567901236000000 473.70370370370375000000 305.80246913580250000000 396.04938271604940000000 380.37037037037040000000 388.39506172839510000000 387.90123456790127000000 464.81481481481484000000
464.69135802469140000000 455.92592592592590000000 453.58024691358025000000 380.49382716049380000000 525.80246913580250000000 373.82716049382720000000 540.61728395061730000000 447.77777777777777000000
613.82716049382710000000 439.50617283950620000000 595.80246913580250000000 366.79012345679010000000 664.56790123456790000000 359.75308641975310000000 686.41975308641970000000 431.48148148148150000000
141.11111111111111000000 599.38271604938280000000 141.79775280898875000000 579.10112359550560000000 228.87640449438200000000 569.32584269662910000000 228.98876404494382000000 599.66292134831460000000
314.94382022471910000000 599.77528089887640000000 313.37078651685390000000 558.87640449438200000000 397.19101123595505000000 548.65168539325840000000 402.02247191011236000000 599.77528089887640000000
486.51685393258424000000 599.88764044943820000000 478.08988764044943000000 539.21348314606730000000 557.19101123595500000000 529.55056179775280000000 571.12359550561790000000 599.77528089887640000000
653.70786516853930000000 599.77528089887640000000 634.15730337078650000000 519.66292134831460000000 709.21348314606730000000 510.56179775280896000000 734.95798319327730000000 597.05882352941170000000 719.66386554621850000000 599.24369747899160000000
