# GENERATOR FitPolylineRegression
# Elapsed time in milliseconds

SplitMerge_Global
                              N       Mean      P05      P50      P95      MAX
  border01                      7  4.38053  .899241  1.36715  8.32205  14.9969
  border02                      4   2.3939  1.90513  2.15773   2.3218  3.19092
  concave                       8  2.79009  1.14494  2.19237  2.83634  7.81803
  quadrilaterals01              7  2.21987  1.49783   2.1705  2.65251  2.90626
  set01                         9  .638517  .272687   .34717  1.08514  1.87672
  set02                         9  .608743  .415968  .522026  .831293  .883816
  set03                         9  .829737  .630608  .765549  .903447  1.47521
  set04                        10  .143687  .097642  .135526  .184944  .188746

SplitMerge_Local
                              N       Mean      P05      P50      P95      MAX
  border01                      7  17.9905  2.53672  21.5065  22.6644  26.6477
  border02                      4  13.3063  9.74999  10.5258  13.7132  19.2364
  concave                       8  7.74707  4.87665  6.89838  10.6824  10.9552
  quadrilaterals01              7  2.43765  1.58336  2.39609  2.93971  3.01201
  set01                         9  4.81558  3.69562  4.25711  6.48596  7.50936
  set02                         9   2.5837  1.72853  2.60553  3.27534  3.74994
  set03                         9  1.91536  1.35277  1.94821  2.35437  2.36221
  set04                        10  .523806  .381237  .514414  .622586  .622697

SplitMergeOld_Global
                              N       Mean      P05      P50      P95      MAX
  border01                      7  12.2825  1.80592  4.38054  18.6108  47.8987
  border02                      4  4.63633  3.29765  4.45972  5.03913  5.74883
  concave                       8  9.30838  1.73442  4.91804  13.7048  27.3514
  quadrilaterals01              7  7.21793  2.40536  3.85869  9.28316  24.2337
  set01                         9  9.43584  .928389  2.63824  24.8944  36.0636
  set02                         9   6.0151   .49193   1.4443   14.132   32.291
  set03                         9  3.14008  .671155  1.73498   5.6349   7.9615
  set04                        10  1.01853  .663935  .868059  1.49422  1.56142

SplitMergeOld_Local
                              N       Mean      P05      P50      P95      MAX
  border01                      7  90.8919  14.6836  114.437  127.795  139.296
  border02                      4  59.2284   35.006  54.8462  68.8819  78.1795
  concave                       8  22.8979  13.4146  15.5689   37.599  40.0084
  quadrilaterals01              7  47.8741  5.70143  15.0153  45.2464  216.169
  set01                         9  238.462   77.866  155.232  394.192  557.657
  set02                         9  33.9462   12.625  25.2903  48.5486  84.3325
  set03                         9  37.6239  18.9902  38.5124  53.9397  62.0544
  set04                        10  11.6745  7.40549  10.1789  13.1822  21.3434

Summary:
                              N       Mean      P05      P50      P95      MAX
  SplitMerge_Global            63  1.55919  .125755  .872402  2.90626  14.9969
  SplitMerge_Local             63   5.5122  .503005  2.93971    20.13  26.6477
  SplitMergeOld_Global         63  6.46063  .663935  2.63824  24.8944  47.8987
  SplitMergeOld_Local          63    68.23   7.9396   35.006  216.169  557.657
