# Tensor estimated by TzuYen Wong's matlab code
2.162582449403392 3.027078499424774 0.020123035841765
-4.007004482879665 -2.519475659007278 -0.013906632234418
-0.015514832166555 -0.008740334335312 -0.000046165144937

0.980693274218313 3.011413559376413 0.015772721727247
3.003779424778442 3.580477336565478 0.044041398475594
0.003440795837181 -0.004719836307867 0.000043775672878

37.563559264304899 78.218687664191975 1.572895711043417
170.257933781578117 393.414024441590868 -0.965605091959030
2.669806739493111 5.968052258106274 0.026711962670221

