# list of hand selected 2D points
262.90076335877860000000 413.28244274809157000000
271.98473282442745000000 406.41221374045796000000
281.06870229007630000000 399.23664122137400000000
289.46564885496180000000 393.05343511450377000000
267.17557251908390000000 424.73282442748086000000
276.25954198473280000000 417.70992366412210000000
284.80916030534350000000 410.53435114503810000000
293.58778625954193000000 404.04580152671750000000
271.52671755725186000000 435.49618320610680000000
280.38167938931290000000 428.54961832061065000000
288.93129770992360000000 421.22137404580150000000
297.32824427480915000000 414.42748091603050000000
275.34351145038164000000 446.87022900763355000000
284.19847328244270000000 439.38931297709917000000
292.51908396946560000000 432.06106870229000000000
300.76335877862590000000 425.03816793893120000000
279.31297709923660000000 457.40458015267170000000
287.86259541984730000000 449.84732824427476000000
296.41221374045796000000 442.36641221374043000000
304.58015267175570000000 435.34351145038164000000
283.43511450381675000000 468.77862595419845000000
292.06106870229010000000 460.45801526717554000000
300.22900763358774000000 453.20610687022895000000
308.01526717557250000000 446.10687022900760000000
