# list of hand selected 2D points
680.00000000000000000000 258.98148148148147000000
693.05555555555550000000 258.88888888888886000000
706.85185185185180000000 258.70370370370370000000
720.09259259259250000000 258.88888888888886000000
679.53703703703700000000 270.55555555555554000000
692.87037037037030000000 270.55555555555554000000
706.11111111111110000000 270.64814814814815000000
720.00000000000000000000 270.92592592592590000000
679.16666666666660000000 282.22222222222223000000
692.22222222222220000000 282.12962962962960000000
705.64814814814820000000 282.40740740740740000000
719.25925925925920000000 282.59259259259255000000
678.98888888888870000000 293.83888888888885000000
692.12962962962960000000 293.88888888888886000000
705.18518518518510000000 293.98148148148147000000
718.79629629629630000000 294.53703703703700000000
678.70370370370370000000 305.27777777777777000000
691.66666666666660000000 305.55555555555554000000
704.90740740740740000000 305.92592592592590000000
718.24074074074060000000 305.92592592592590000000
678.14814814814820000000 316.57407407407410000000
690.92592592592590000000 317.03703703703700000000
704.35185185185180000000 317.68518518518516000000
718.05555555555550000000 317.96296296296293000000
