# list of hand selected 2D points
388.14814814814810000000 249.99999999999997000000
398.79629629629625000000 249.99999999999997000000
409.62962962962960000000 249.62962962962962000000
419.90740740740740000000 249.44444444444443000000
387.96296296296293000000 260.92592592592590000000
398.98148148148147000000 260.64814814814815000000
409.53703703703700000000 260.46296296296293000000
420.55555555555554000000 260.27777777777777000000
388.51851851851850000000 271.57407407407410000000
399.07407407407410000000 271.20370370370370000000
410.09259259259255000000 271.11111111111110000000
420.64814814814810000000 270.55555555555554000000
388.98148148148147000000 281.85185185185185000000
399.44444444444440000000 281.66666666666663000000
410.09259259259255000000 281.48148148148147000000
420.83333333333330000000 281.11111111111110000000
389.07407407407410000000 292.68518518518516000000
399.72222222222220000000 292.31481481481480000000
410.27777777777777000000 292.31481481481480000000
421.01851851851850000000 291.94444444444440000000
389.35185185185185000000 303.24074074074070000000
400.00000000000000000000 302.87037037037030000000
410.55555555555554000000 302.22222222222223000000
421.11111111111110000000 302.12962962962960000000
