# list of hand selected 2D points
107.16417910447761000000 163.28358208955223000000
120.89552238805970000000 163.88059701492537000000
135.22388059701493000000 164.02985074626866000000
148.50746268656715000000 164.02985074626866000000
107.91044776119402000000 175.82089552238804000000
122.08955223880596000000 176.26865671641790000000
135.67164179104478000000 176.56716417910448000000
148.95522388059700000000 177.01492537313433000000
108.95522388059702000000 188.95522388059700000000
122.83582089552239000000 189.10447761194030000000
136.56716417910448000000 189.10447761194030000000
149.70149253731344000000 189.25373134328360000000
109.95149253731341000000 201.79029850746264000000
124.02985074626865000000 201.94029850746267000000
137.16417910447760000000 201.79104477611940000000
150.44776119402985000000 201.79104477611940000000
110.99402985074627000000 214.07910447761190000000
124.77611940298507000000 214.02985074626866000000
138.05970149253730000000 214.17910447761193000000
151.04477611940297000000 214.02985074626866000000
111.79104477611940000000 226.86567164179104000000
125.47313432835820000000 226.26791044776115000000
138.80597014925374000000 225.97014925373134000000
152.08955223880596000000 225.82089552238804000000
