# list of hand selected 2D points
386.25000000000000000000 71.52777777777777000000
397.63888888888886000000 71.52777777777777000000
409.37500000000000000000 71.59722222222221000000
420.62500000000000000000 71.59722222222221000000
386.04166666666663000000 83.88888888888889000000
397.77777777777777000000 83.88888888888889000000
409.09722222222223000000 83.95833333333333000000
420.62500000000000000000 83.95833333333333000000
386.18055555555554000000 95.83333333333333000000
397.63888888888886000000 95.76388888888889000000
408.95833333333330000000 95.90277777777777000000
420.00000000000000000000 96.04166666666666000000
386.31944444444446000000 107.50000000000000000000
397.50000000000000000000 107.50000000000000000000
409.02777777777777000000 107.84722222222221000000
420.06944444444446000000 107.98611111111111000000
386.59722222222223000000 119.16666666666666000000
397.56944444444446000000 119.30555555555556000000
408.88888888888886000000 119.09722222222221000000
419.79166666666663000000 119.37500000000000000000
386.45833333333330000000 130.41666666666666000000
397.63888888888886000000 130.48611111111111000000
408.47222222222223000000 130.48611111111111000000
419.44444444444446000000 130.41666666666666000000
