# list of hand selected 2D points
585.49618320610680000000 188.54961832061068000000
595.03816793893120000000 190.53435114503816000000
605.19083969465650000000 193.12977099236640000000
615.41984732824430000000 195.87786259541983000000
584.19847328244270000000 199.69465648854958000000
594.12213740458010000000 202.36641221374043000000
603.89312977099230000000 205.11450381679387000000
614.19847328244270000000 207.93893129770990000000
583.28244274809150000000 211.52671755725189000000
592.51908396946560000000 214.19847328244273000000
602.51908396946560000000 217.17557251908394000000
612.44274809160300000000 220.15267175572518000000
581.90839694656480000000 222.21374045801525000000
591.45038167938920000000 225.49618320610685000000
600.91603053435110000000 228.24427480916030000000
611.06870229007630000000 231.37404580152670000000
581.06870229007630000000 233.66412213740455000000
590.22900763358770000000 236.41221374045800000000
600.07633587786260000000 239.46564885496180000000
609.77099236641220000000 242.74809160305340000000
579.84732824427480000000 244.19847328244273000000
589.08396946564880000000 247.40458015267174000000
598.47328244274800000000 250.61068702290075000000
608.16793893129760000000 254.12213740458012000000
