# list of hand selected 2D points
390.22900763358774000000 487.02290076335873000000
401.06870229007630000000 487.02290076335873000000
412.67175572519080000000 487.48091603053430000000
423.89312977099235000000 487.93893129770987000000
389.77366412213735000000 498.93396946564880000000
401.14503816793890000000 499.16030534351137000000
412.21374045801520000000 499.08396946564880000000
423.74045801526710000000 499.61832061068696000000
389.38931297709917000000 510.68702290076330000000
400.68702290076334000000 511.06870229007626000000
412.36641221374043000000 511.45038167938924000000
423.43511450381675000000 511.75572519083966000000
389.23664122137400000000 522.82442748091600000000
400.45801526717554000000 523.05343511450370000000
411.98473282442745000000 523.35877862595420000000
423.12977099236640000000 523.89312977099230000000
389.08396946564880000000 534.96183206106870000000
399.92366412213740000000 535.11450381679380000000
411.83206106870230000000 535.57251908396940000000
423.12977099236640000000 536.03053435114500000000
388.24427480916030000000 547.17557251908390000000
399.92366412213740000000 547.55725190839690000000
411.45038167938930000000 547.86259541984730000000
422.90076335877860000000 548.32061068702280000000
