# File: various/compressed Algorithm = FH-SURF  skip 8 tolerance = 5.0
# (time tick) ( F ) ( F all inside) (precision) (recall) (recall all inside) (tracks)
0008  0.545  0.547  0.796  0.414  0.417 269
0016  0.505  0.527  0.787  0.371  0.396 244
0024  0.462  0.511  0.737  0.337  0.391 236
0032  0.428  0.515  0.736  0.302  0.396 212
0040  0.357  0.464  0.655  0.246  0.360 194
0048  0.312  0.438  0.560  0.217  0.360 200
0056  0.283  0.421  0.541  0.191  0.345 183
0064  0.239  0.374  0.488  0.159  0.304 168
0072  0.218  0.353  0.436  0.145  0.296 172
0080  0.202  0.334  0.439  0.132  0.270 155
0088  0.193  0.317  0.411  0.126  0.258 158
0096  0.160  0.269  0.346  0.104  0.220 156
0104  0.163  0.282  0.350  0.106  0.236 157
0112  0.112  0.196  0.253  0.072  0.160 146
