# File: various/compressed Algorithm = FH-SURF  skip 4 tolerance = 5.0
# (time tick) ( F ) ( F all inside) (precision) (recall) (recall all inside) (tracks)
0004  0.575  0.575  0.846  0.435  0.436 266
0008  0.545  0.547  0.796  0.414  0.417 269
0012  0.554  0.562  0.802  0.424  0.432 273
0016  0.505  0.527  0.787  0.371  0.396 244
0020  0.499  0.532  0.776  0.368  0.405 245
0024  0.462  0.512  0.737  0.337  0.392 236
0028  0.447  0.516  0.723  0.323  0.401 231
0032  0.428  0.514  0.736  0.302  0.394 212
0036  0.360  0.446  0.611  0.255  0.351 216
0040  0.357  0.465  0.655  0.246  0.361 194
0044  0.321  0.439  0.634  0.215  0.335 175
0048  0.312  0.438  0.560  0.217  0.360 200
0052  0.296  0.431  0.544  0.203  0.357 193
0056  0.283  0.421  0.541  0.191  0.345 183
0060  0.271  0.411  0.531  0.182  0.336 177
0064  0.239  0.374  0.488  0.159  0.304 168
0068  0.235  0.380  0.485  0.155  0.313 165
0072  0.218  0.353  0.436  0.145  0.296 172
0076  0.223  0.365  0.458  0.147  0.303 166
0080  0.202  0.335  0.439  0.132  0.271 155
0084  0.197  0.320  0.391  0.132  0.271 174
0088  0.193  0.318  0.411  0.126  0.259 158
0092  0.194  0.323  0.428  0.126  0.259 152
0096  0.160  0.269  0.346  0.104  0.220 156
0100  0.153  0.262  0.338  0.099  0.214 151
0104  0.163  0.282  0.350  0.106  0.236 157
0108  0.149  0.245  0.329  0.097  0.196 152
0112  0.112  0.196  0.253  0.072  0.160 146
0116  0.118  0.198  0.273  0.075  0.156 143
