# File: various/lighting Algorithm = FH-SURF  skip 1 tolerance = 5.0
# (time tick) ( F ) ( F all inside) (precision) (recall) (recall all inside) (tracks)
0001  0.915  0.915  0.991  0.850  0.850 447
0002  0.917  0.917  0.996  0.850  0.850 445
0003  0.900  0.900  0.986  0.827  0.827 437
0004  0.886  0.886  0.988  0.802  0.802 423
0005  0.894  0.894  0.995  0.812  0.812 425
0006  0.884  0.884  0.984  0.802  0.802 425
0007  0.888  0.888  0.991  0.804  0.804 423
0008  0.891  0.891  0.993  0.808  0.808 424
0009  0.876  0.876  0.986  0.789  0.789 417
0010  0.875  0.875  0.986  0.787  0.787 416
0011  0.868  0.868  0.971  0.785  0.785 421
0012  0.869  0.869  0.983  0.779  0.779 413
0013  0.879  0.879  0.979  0.798  0.798 425
0014  0.886  0.886  0.986  0.804  0.804 425
0015  0.874  0.874  0.979  0.789  0.789 420
0016  0.870  0.870  0.974  0.787  0.787 421
0017  0.876  0.876  0.974  0.797  0.797 426
0018  0.876  0.876  0.974  0.797  0.797 426
0019  0.875  0.875  0.983  0.789  0.789 418
0020  0.860  0.860  0.983  0.764  0.764 405
0021  0.870  0.870  0.976  0.785  0.785 419
0022  0.871  0.871  0.978  0.785  0.785 418
0023  0.885  0.885  0.979  0.808  0.808 430
0024  0.881  0.881  0.986  0.797  0.797 421
0025  0.881  0.881  0.986  0.797  0.797 421
0026  0.891  0.891  0.988  0.812  0.812 428
0027  0.872  0.872  0.985  0.781  0.781 413
0028  0.877  0.877  0.981  0.793  0.793 421
0029  0.879  0.879  0.986  0.793  0.793 419
0030  0.889  0.889  0.991  0.806  0.806 424
0031  0.871  0.871  0.978  0.785  0.785 418
0032  0.869  0.869  0.976  0.783  0.783 418
0033  0.873  0.873  0.976  0.789  0.789 421
0034  0.867  0.867  0.974  0.781  0.781 418
0035  0.888  0.888  0.986  0.808  0.808 427
0036  0.883  0.883  0.983  0.800  0.800 424
0037  0.883  0.883  0.981  0.802  0.802 426
0038  0.878  0.878  0.981  0.795  0.795 422
0039  0.867  0.867  0.983  0.775  0.775 411
0040  0.878  0.878  0.986  0.791  0.791 418
0041  0.885  0.885  0.981  0.806  0.806 428
0042  0.862  0.862  0.976  0.772  0.772 412
0043  0.878  0.878  0.981  0.795  0.795 422
0044  0.877  0.877  0.983  0.791  0.791 419
0045  0.873  0.873  0.983  0.785  0.785 416
0046  0.875  0.875  0.983  0.789  0.789 418
0047  0.881  0.881  0.979  0.800  0.800 426
0048  0.880  0.880  0.986  0.795  0.795 420
0049  0.882  0.882  0.988  0.797  0.797 420
0050  0.864  0.864  0.974  0.777  0.777 416
0051  0.861  0.861  0.980  0.768  0.768 408
0052  0.867  0.867  0.993  0.770  0.770 404
0053  0.858  0.858  0.983  0.762  0.762 404
0054  0.866  0.866  0.981  0.775  0.775 412
0055  0.865  0.865  0.976  0.777  0.777 415
0056  0.895  0.895  0.993  0.814  0.814 427
0057  0.875  0.875  0.986  0.787  0.787 416
0058  0.858  0.858  0.978  0.764  0.764 407
0059  0.861  0.861  0.971  0.774  0.774 415
0060  0.872  0.872  0.974  0.789  0.789 422
0061  0.866  0.866  0.978  0.777  0.777 414
0062  0.874  0.874  0.986  0.785  0.785 415
0063  0.847  0.847  0.980  0.747  0.747 397
0064  0.854  0.854  0.978  0.758  0.758 404
0065  0.890  0.890  0.988  0.810  0.810 427
0066  0.860  0.860  0.988  0.762  0.762 402
0067  0.872  0.872  0.981  0.785  0.785 417
0068  0.868  0.868  0.974  0.783  0.783 419
0069  0.871  0.871  0.969  0.791  0.791 425
0070  0.856  0.856  0.971  0.766  0.766 411
0071  0.857  0.857  0.980  0.762  0.762 405
0072  0.853  0.853  0.975  0.758  0.758 405
0073  0.859  0.859  0.988  0.760  0.760 401
0074  0.852  0.852  0.982  0.752  0.752 399
0075  0.867  0.867  0.981  0.777  0.777 413
0076  0.868  0.868  0.978  0.779  0.779 415
0077  0.877  0.877  0.983  0.791  0.791 419
0078  0.858  0.858  0.969  0.770  0.770 414
0079  0.851  0.851  0.973  0.756  0.756 405
0080  0.880  0.880  0.988  0.793  0.793 418
0081  0.863  0.863  0.985  0.768  0.768 406
0082  0.867  0.867  0.981  0.777  0.777 413
0083  0.867  0.867  0.985  0.774  0.774 409
0084  0.870  0.870  0.988  0.777  0.777 410
0085  0.857  0.857  0.969  0.768  0.768 413
0086  0.884  0.884  0.984  0.802  0.802 425
0087  0.868  0.868  0.983  0.777  0.777 412
0088  0.865  0.865  0.969  0.781  0.781 420
0089  0.850  0.850  0.968  0.758  0.758 408
0090  0.876  0.876  0.981  0.791  0.791 420
0091  0.870  0.870  0.969  0.789  0.789 424
0092  0.863  0.863  0.978  0.772  0.772 411
0093  0.859  0.859  0.971  0.770  0.770 413
0094  0.861  0.861  0.971  0.774  0.774 415
0095  0.870  0.870  0.981  0.781  0.781 415
0096  0.865  0.865  0.971  0.779  0.779 418
0097  0.855  0.855  0.980  0.758  0.758 403
0098  0.873  0.873  0.986  0.783  0.783 414
0099  0.844  0.844  0.975  0.745  0.745 398
0100  0.870  0.870  0.978  0.783  0.783 417
0101  0.865  0.865  0.971  0.779  0.779 418
0102  0.858  0.858  0.976  0.766  0.766 409
0103  0.870  0.870  0.985  0.779  0.779 412
0104  0.874  0.874  0.981  0.789  0.789 419
0105  0.879  0.879  0.983  0.795  0.795 421
0106  0.853  0.853  0.971  0.760  0.760 408
0107  0.848  0.848  0.973  0.752  0.752 403
0108  0.840  0.840  0.972  0.739  0.739 396
0109  0.855  0.855  0.973  0.762  0.762 408
0110  0.854  0.854  0.985  0.754  0.754 399
0111  0.863  0.863  0.978  0.772  0.772 411
0112  0.847  0.847  0.975  0.749  0.749 400
0113  0.835  0.835  0.970  0.733  0.733 394
0114  0.845  0.845  0.970  0.749  0.749 402
0115  0.852  0.852  0.975  0.756  0.756 404
0116  0.854  0.854  0.980  0.756  0.756 402
0117  0.861  0.861  0.976  0.770  0.770 411
0118  0.841  0.841  0.972  0.741  0.741 397
0119  0.835  0.835  0.960  0.739  0.739 401
0120  0.834  0.834  0.965  0.735  0.735 397
0121  0.843  0.843  0.965  0.749  0.749 404
0122  0.826  0.826  0.967  0.722  0.722 389
0123  0.846  0.846  0.975  0.747  0.747 399
0124  0.827  0.827  0.969  0.722  0.722 388
0125  0.822  0.822  0.961  0.718  0.718 389
0126  0.826  0.826  0.967  0.722  0.722 389
0127  0.824  0.824  0.959  0.722  0.722 392
0128  0.818  0.818  0.954  0.716  0.716 391
0129  0.839  0.839  0.979  0.733  0.733 390
0130  0.832  0.832  0.972  0.727  0.727 390
0131  0.808  0.808  0.953  0.701  0.701 383
0132  0.808  0.808  0.958  0.699  0.699 380
0133  0.819  0.819  0.966  0.710  0.710 383
0134  0.813  0.813  0.971  0.699  0.699 375
0135  0.802  0.802  0.962  0.687  0.687 372
0136  0.810  0.810  0.976  0.693  0.693 370
0137  0.791  0.791  0.959  0.674  0.674 366
0138  0.795  0.795  0.962  0.678  0.678 367
0139  0.794  0.794  0.967  0.674  0.674 363
0140  0.817  0.817  0.961  0.710  0.710 385
0141  0.808  0.808  0.963  0.697  0.697 377
0142  0.811  0.811  0.956  0.704  0.704 384
0143  0.809  0.809  0.968  0.695  0.695 374
0144  0.802  0.802  0.967  0.685  0.685 369
0145  0.795  0.795  0.970  0.674  0.674 362
0146  0.792  0.792  0.954  0.678  0.678 370
0147  0.815  0.815  0.966  0.704  0.704 380
0148  0.791  0.791  0.956  0.674  0.674 367
0149  0.799  0.799  0.950  0.689  0.689 378
0150  0.803  0.803  0.950  0.695  0.695 381
0151  0.809  0.809  0.970  0.693  0.693 372
0152  0.809  0.809  0.960  0.699  0.699 379
0153  0.795  0.795  0.967  0.676  0.676 364
0154  0.793  0.793  0.949  0.681  0.681 374
0155  0.810  0.810  0.961  0.701  0.701 380
0156  0.778  0.778  0.950  0.658  0.658 361
0157  0.791  0.791  0.959  0.674  0.674 366
0158  0.801  0.801  0.975  0.679  0.679 363
0159  0.785  0.785  0.958  0.664  0.664 361
0160  0.790  0.790  0.961  0.670  0.670 363
0161  0.799  0.799  0.962  0.683  0.683 370
0162  0.803  0.803  0.962  0.689  0.689 373
0163  0.782  0.782  0.958  0.660  0.660 359
0164  0.777  0.777  0.953  0.656  0.656 359
0165  0.775  0.775  0.966  0.647  0.647 349
0166  0.782  0.782  0.958  0.660  0.660 359
0167  0.770  0.770  0.942  0.651  0.651 360
0168  0.777  0.777  0.953  0.656  0.656 359
0169  0.766  0.766  0.960  0.637  0.637 346
0170  0.789  0.789  0.967  0.666  0.666 359
0171  0.772  0.772  0.952  0.649  0.649 355
0172  0.765  0.765  0.949  0.641  0.641 352
0173  0.752  0.752  0.948  0.624  0.624 343
0174  0.776  0.776  0.947  0.656  0.656 361
0175  0.767  0.767  0.954  0.641  0.641 350
0176  0.780  0.780  0.948  0.662  0.662 364
0177  0.763  0.763  0.951  0.637  0.637 349
0178  0.761  0.761  0.948  0.635  0.635 349
0179  0.785  0.785  0.943  0.672  0.672 371
0180  0.769  0.769  0.960  0.641  0.641 348
0181  0.772  0.772  0.942  0.655  0.655 362
0182  0.766  0.766  0.926  0.653  0.653 367
0183  0.775  0.775  0.935  0.662  0.662 369
0184  0.748  0.748  0.934  0.624  0.624 348
0185  0.759  0.759  0.948  0.633  0.633 348
0186  0.782  0.782  0.956  0.662  0.662 361
0187  0.753  0.753  0.937  0.630  0.630 350
0188  0.765  0.765  0.949  0.641  0.641 352
0189  0.753  0.753  0.942  0.628  0.628 347
0190  0.770  0.770  0.963  0.641  0.641 347
0191  0.735  0.735  0.940  0.603  0.603 334
0192  0.743  0.743  0.955  0.608  0.608 332
0193  0.739  0.739  0.946  0.607  0.607 334
0194  0.754  0.754  0.945  0.628  0.628 346
0195  0.733  0.733  0.940  0.601  0.601 333
0196  0.746  0.746  0.942  0.618  0.618 342
0197  0.736  0.736  0.932  0.608  0.608 340
0198  0.731  0.731  0.924  0.605  0.605 341
0199  0.725  0.725  0.934  0.593  0.593 331
0200  0.735  0.735  0.930  0.608  0.608 341
0201  0.747  0.747  0.939  0.620  0.620 344
0202  0.752  0.752  0.948  0.624  0.624 343
0203  0.725  0.725  0.928  0.595  0.595 334
0204  0.727  0.727  0.926  0.599  0.599 337
0205  0.745  0.745  0.926  0.624  0.624 351
0206  0.749  0.749  0.947  0.620  0.620 341
0207  0.747  0.747  0.939  0.620  0.620 344
0208  0.730  0.730  0.929  0.601  0.601 337
0209  0.710  0.710  0.931  0.574  0.574 321
0210  0.730  0.730  0.934  0.599  0.599 334
0211  0.717  0.717  0.899  0.597  0.597 346
0212  0.712  0.712  0.900  0.589  0.589 341
0213  0.730  0.730  0.934  0.599  0.599 334
0214  0.716  0.716  0.914  0.589  0.589 336
0215  0.720  0.720  0.919  0.591  0.591 335
0216  0.721  0.721  0.920  0.593  0.593 336
0217  0.726  0.726  0.931  0.595  0.595 333
0218  0.703  0.703  0.917  0.570  0.570 324
0219  0.714  0.714  0.924  0.582  0.582 328
0220  0.694  0.694  0.926  0.555  0.555 312
0221  0.702  0.702  0.919  0.568  0.568 322
0222  0.707  0.707  0.915  0.576  0.576 328
0223  0.678  0.678  0.918  0.537  0.537 305
0224  0.726  0.726  0.923  0.599  0.599 338
0225  0.709  0.709  0.907  0.582  0.582 334
0226  0.735  0.735  0.940  0.603  0.603 334
0227  0.720  0.720  0.930  0.587  0.587 329
0228  0.678  0.678  0.907  0.541  0.541 311
0229  0.688  0.688  0.917  0.551  0.551 313
0230  0.698  0.698  0.913  0.564  0.564 322
0231  0.693  0.693  0.904  0.562  0.562 324
0232  0.692  0.692  0.904  0.560  0.560 323
0233  0.710  0.710  0.920  0.578  0.578 327
0234  0.691  0.691  0.917  0.555  0.555 315
0235  0.705  0.705  0.945  0.562  0.562 310
0236  0.675  0.675  0.901  0.539  0.539 312
0237  0.694  0.694  0.926  0.555  0.555 312
0238  0.694  0.694  0.915  0.559  0.559 318
0239  0.703  0.703  0.933  0.564  0.564 315
0240  0.687  0.687  0.909  0.553  0.553 317
