# File: various/urban Algorithm = FH-SURF  skip 1 tolerance = 5.0
# (time tick) ( F ) ( F all inside) (precision) (recall) (recall all inside) (tracks)
0001  0.854  0.854  0.964  0.767  0.767 389
0002  0.813  0.813  0.951  0.710  0.710 365
0003  0.781  0.781  0.922  0.677  0.677 359
0004  0.771  0.771  0.938  0.654  0.654 341
0005  0.766  0.766  0.927  0.652  0.652 344
0006  0.781  0.781  0.948  0.665  0.665 343
0007  0.789  0.789  0.941  0.679  0.679 353
0008  0.774  0.774  0.919  0.669  0.669 356
0009  0.807  0.807  0.943  0.706  0.706 366
0010  0.822  0.822  0.954  0.722  0.722 370
0011  0.800  0.800  0.942  0.695  0.695 361
0012  0.797  0.797  0.922  0.701  0.701 372
0013  0.789  0.792  0.926  0.687  0.691 363
0014  0.798  0.803  0.939  0.693  0.702 361
0015  0.769  0.779  0.928  0.656  0.672 346
0016  0.762  0.775  0.929  0.646  0.665 340
0017  0.741  0.759  0.913  0.624  0.649 334
0018  0.728  0.750  0.903  0.609  0.641 330
0019  0.727  0.754  0.911  0.605  0.643 325
0020  0.737  0.774  0.937  0.607  0.660 317
0021  0.718  0.757  0.926  0.587  0.641 310
0022  0.694  0.739  0.922  0.556  0.617 295
0023  0.691  0.741  0.925  0.552  0.618 292
0024  0.690  0.747  0.916  0.554  0.630 296
0025  0.651  0.710  0.890  0.513  0.591 282
0026  0.640  0.702  0.900  0.497  0.576 270
0027  0.591  0.654  0.853  0.452  0.530 259
0028  0.579  0.648  0.862  0.436  0.520 247
0029  0.580  0.653  0.859  0.438  0.527 249
0030  0.571  0.651  0.860  0.427  0.524 243
0031  0.545  0.628  0.852  0.401  0.497 230
0032  0.529  0.619  0.840  0.387  0.490 225
0033  0.516  0.608  0.832  0.374  0.479 220
0034  0.484  0.580  0.809  0.346  0.452 209
0035  0.465  0.559  0.756  0.335  0.443 217
0036  0.471  0.573  0.769  0.339  0.457 216
0037  0.464  0.581  0.775  0.331  0.464 209
0038  0.464  0.586  0.765  0.333  0.475 213
0039  0.409  0.528  0.705  0.288  0.422 200
0040  0.428  0.559  0.742  0.301  0.448 198
0041  0.435  0.567  0.746  0.307  0.457 201
0042  0.432  0.563  0.732  0.307  0.457 205
0043  0.424  0.554  0.744  0.297  0.442 195
0044  0.462  0.603  0.788  0.327  0.488 203
0045  0.465  0.595  0.769  0.333  0.485 212
0046  0.516  0.633  0.811  0.378  0.518 228
0047  0.515  0.620  0.808  0.378  0.503 229
0048  0.537  0.636  0.839  0.395  0.512 230
0049  0.541  0.632  0.809  0.407  0.518 246
0050  0.571  0.671  0.835  0.434  0.561 254
0051  0.574  0.667  0.842  0.436  0.552 253
0052  0.618  0.705  0.892  0.472  0.582 259
0053  0.633  0.716  0.892  0.491  0.598 269
0054  0.631  0.709  0.898  0.487  0.585 265
0055  0.649  0.727  0.908  0.505  0.607 272
0056  0.655  0.729  0.906  0.513  0.610 277
0057  0.696  0.767  0.919  0.560  0.659 298
0058  0.680  0.743  0.917  0.540  0.625 288
0059  0.728  0.788  0.960  0.587  0.668 299
0060  0.725  0.777  0.913  0.601  0.677 322
0061  0.745  0.790  0.919  0.626  0.692 333
0062  0.787  0.831  0.940  0.677  0.744 352
0063  0.775  0.814  0.942  0.658  0.716 342
0064  0.792  0.818  0.933  0.687  0.729 360
0065  0.791  0.809  0.938  0.683  0.710 356
0066  0.814  0.812  0.953  0.710  0.707 364
0067  0.761  0.743  0.922  0.648  0.622 344
0068  0.779  0.781  0.942  0.665  0.668 345
0069  0.768  0.786  0.943  0.648  0.674 336
0070  0.772  0.793  0.936  0.656  0.688 343
0071  0.742  0.782  0.929  0.618  0.676 325
0072  0.750  0.791  0.928  0.630  0.689 332
0073  0.716  0.763  0.911  0.589  0.656 316
0074  0.725  0.764  0.913  0.601  0.656 322
0075  0.684  0.716  0.883  0.558  0.601 309
0076  0.721  0.780  0.921  0.593  0.677 315
0077  0.686  0.725  0.906  0.552  0.605 298
0078  0.694  0.734  0.916  0.558  0.612 298
0079  0.730  0.750  0.930  0.601  0.629 316
0080  0.733  0.727  0.945  0.599  0.591 310
0081  0.708  0.735  0.921  0.575  0.612 305
0082  0.664  0.701  0.884  0.532  0.581 294
0083  0.659  0.703  0.907  0.517  0.574 279
0084  0.642  0.697  0.913  0.495  0.564 265
0085  0.619  0.675  0.912  0.468  0.536 251
0086  0.615  0.673  0.905  0.466  0.536 252
0087  0.570  0.634  0.880  0.421  0.495 234
0088  0.550  0.601  0.831  0.411  0.471 242
0089  0.563  0.641  0.875  0.415  0.505 232
0090  0.540  0.605  0.847  0.397  0.471 229
0091  0.510  0.586  0.829  0.368  0.454 217
0092  0.511  0.590  0.844  0.366  0.454 212
0093  0.520  0.612  0.840  0.376  0.481 219
0094  0.530  0.624  0.844  0.387  0.495 224
0095  0.516  0.612  0.832  0.374  0.485 220
0096  0.526  0.632  0.842  0.382  0.505 222
0097  0.521  0.625  0.837  0.378  0.498 221
0098  0.515  0.638  0.808  0.378  0.528 229
0099  0.536  0.662  0.853  0.391  0.541 224
0100  0.541  0.676  0.831  0.401  0.569 236
0101  0.542  0.671  0.848  0.399  0.556 230
0102  0.528  0.664  0.833  0.387  0.552 227
0103  0.509  0.655  0.826  0.368  0.543 218
0104  0.521  0.674  0.817  0.382  0.574 229
0105  0.549  0.711  0.871  0.401  0.600 225
0106  0.528  0.690  0.823  0.389  0.595 231
0107  0.520  0.688  0.819  0.380  0.594 227
0108  0.521  0.694  0.827  0.380  0.598 225
0109  0.523  0.694  0.838  0.380  0.593 222
0110  0.501  0.678  0.833  0.358  0.572 210
0111  0.540  0.729  0.865  0.393  0.630 222
0112  0.534  0.709  0.845  0.391  0.611 226
0113  0.583  0.752  0.863  0.440  0.667 249
0114  0.607  0.767  0.876  0.464  0.681 259
0115  0.620  0.769  0.902  0.472  0.670 256
0116  0.618  0.762  0.902  0.470  0.659 255
0117  0.659  0.804  0.907  0.517  0.722 279
0118  0.680  0.824  0.929  0.536  0.741 282
0119  0.699  0.817  0.923  0.562  0.733 298
0120  0.730  0.836  0.930  0.601  0.759 316
0121  0.757  0.838  0.934  0.636  0.759 333
0122  0.773  0.845  0.936  0.658  0.770 344
0123  0.771  0.834  0.931  0.658  0.756 346
0124  0.776  0.825  0.936  0.663  0.737 346
0125  0.801  0.844  0.950  0.693  0.759 357
0126  0.815  0.833  0.939  0.720  0.748 375
0127  0.822  0.841  0.959  0.720  0.748 367
0128  0.807  0.820  0.943  0.706  0.726 366
0129  0.821  0.850  0.949  0.724  0.770 373
0130  0.775  0.786  0.929  0.665  0.681 350
0131  0.788  0.808  0.935  0.681  0.711 356
0132  0.760  0.804  0.932  0.642  0.707 337
0133  0.718  0.769  0.909  0.593  0.667 319
0134  0.701  0.743  0.923  0.564  0.622 299
0135  0.711  0.771  0.936  0.573  0.656 299
0136  0.695  0.767  0.925  0.556  0.656 294
0137  0.673  0.762  0.909  0.534  0.656 287
0138  0.642  0.715  0.900  0.499  0.593 271
0139  0.602  0.693  0.892  0.454  0.567 249
0140  0.619  0.700  0.889  0.474  0.578 261
0141  0.579  0.676  0.872  0.434  0.552 243
0142  0.597  0.698  0.880  0.452  0.578 251
0143  0.519  0.623  0.836  0.376  0.496 220
0144  0.501  0.599  0.826  0.360  0.470 213
0145  0.466  0.585  0.783  0.331  0.467 207
0146  0.460  0.582  0.783  0.325  0.463 203
0147  0.443  0.586  0.798  0.307  0.463 188
0148  0.432  0.586  0.741  0.305  0.485 201
0149  0.397  0.541  0.720  0.274  0.433 186
0150  0.395  0.532  0.719  0.272  0.422 185
0151  0.364  0.500  0.702  0.245  0.389 171
0152  0.353  0.493  0.672  0.239  0.390 174
0153  0.369  0.501  0.695  0.252  0.392 177
0154  0.363  0.525  0.684  0.247  0.426 177
