# File: various/compressed Algorithm = FH-SURF  skip 1 tolerance = 5.0
# (time tick) ( F ) ( F all inside) (precision) (recall) (recall all inside) (tracks)
0001  0.625  0.625  0.858  0.491  0.491 296
0002  0.654  0.654  0.893  0.516  0.516 299
0003  0.568  0.569  0.838  0.429  0.430 265
0004  0.575  0.575  0.846  0.435  0.436 266
0005  0.557  0.560  0.814  0.424  0.427 269
0006  0.576  0.579  0.824  0.443  0.446 278
0007  0.580  0.583  0.869  0.435  0.439 259
0008  0.545  0.547  0.796  0.414  0.417 269
0009  0.569  0.572  0.830  0.433  0.437 270
0010  0.556  0.559  0.822  0.420  0.424 264
0011  0.549  0.555  0.841  0.408  0.414 251
0012  0.554  0.562  0.802  0.424  0.432 273
0013  0.541  0.550  0.786  0.412  0.423 271
0014  0.530  0.548  0.798  0.397  0.418 257
0015  0.512  0.535  0.799  0.377  0.402 244
0016  0.505  0.527  0.787  0.371  0.396 244
0017  0.517  0.541  0.781  0.387  0.414 256
0018  0.497  0.525  0.783  0.364  0.395 240
0019  0.460  0.490  0.753  0.331  0.363 227
0020  0.499  0.532  0.776  0.368  0.405 245
0021  0.459  0.495  0.750  0.331  0.369 228
0022  0.469  0.508  0.736  0.344  0.388 242
0023  0.452  0.494  0.743  0.325  0.370 226
0024  0.462  0.512  0.737  0.337  0.392 236
0025  0.432  0.491  0.717  0.309  0.373 223
0026  0.452  0.515  0.715  0.331  0.402 239
0027  0.411  0.471  0.671  0.296  0.363 228
0028  0.447  0.516  0.723  0.323  0.401 231
0029  0.424  0.496  0.704  0.304  0.383 223
0030  0.428  0.504  0.736  0.302  0.384 212
0031  0.427  0.505  0.720  0.304  0.389 218
0032  0.428  0.514  0.736  0.302  0.394 212
0033  0.412  0.498  0.699  0.292  0.386 216
0034  0.412  0.500  0.699  0.292  0.390 216
0035  0.375  0.463  0.651  0.263  0.360 209
0036  0.360  0.446  0.611  0.255  0.351 216
0037  0.364  0.460  0.649  0.253  0.357 202
0038  0.369  0.470  0.638  0.259  0.372 210
0039  0.366  0.471  0.647  0.255  0.370 204
0040  0.357  0.465  0.655  0.246  0.361 194
0041  0.407  0.530  0.705  0.286  0.425 210
0042  0.368  0.486  0.632  0.259  0.395 212
0043  0.311  0.417  0.563  0.215  0.331 197
0044  0.321  0.439  0.634  0.215  0.335 175
0045  0.317  0.434  0.574  0.219  0.349 197
0046  0.324  0.452  0.624  0.219  0.354 181
0047  0.328  0.462  0.625  0.222  0.366 184
0048  0.312  0.438  0.560  0.217  0.360 200
0049  0.323  0.462  0.606  0.221  0.373 188
0050  0.318  0.455  0.585  0.219  0.372 193
0051  0.300  0.437  0.574  0.203  0.352 183
0052  0.296  0.431  0.544  0.203  0.357 193
0053  0.294  0.435  0.580  0.197  0.348 176
0054  0.309  0.456  0.590  0.209  0.371 183
0055  0.310  0.463  0.603  0.209  0.375 179
0056  0.283  0.421  0.541  0.191  0.345 183
0057  0.258  0.390  0.517  0.172  0.313 172
0058  0.286  0.434  0.563  0.191  0.354 176
0059  0.265  0.404  0.535  0.176  0.325 170
0060  0.271  0.411  0.531  0.182  0.336 177
0061  0.282  0.426  0.535  0.191  0.354 185
0062  0.273  0.415  0.534  0.184  0.339 178
0063  0.242  0.373  0.494  0.161  0.300 168
0064  0.239  0.374  0.488  0.159  0.304 168
0065  0.239  0.371  0.452  0.162  0.315 186
0066  0.219  0.345  0.427  0.147  0.289 178
0067  0.256  0.409  0.500  0.172  0.346 178
0068  0.235  0.380  0.485  0.155  0.313 165
0069  0.224  0.360  0.436  0.151  0.307 179
0070  0.203  0.330  0.407  0.135  0.278 172
0071  0.213  0.348  0.435  0.141  0.290 168
0072  0.218  0.354  0.436  0.145  0.298 172
0073  0.206  0.336  0.413  0.137  0.283 172
0074  0.223  0.357  0.424  0.151  0.308 184
0075  0.198  0.325  0.402  0.132  0.272 169
0076  0.223  0.365  0.458  0.147  0.304 166
0077  0.228  0.374  0.467  0.151  0.312 167
0078  0.202  0.331  0.413  0.133  0.276 167
0079  0.209  0.347  0.458  0.135  0.280 153
0080  0.202  0.336  0.439  0.132  0.272 155
0081  0.202  0.332  0.416  0.133  0.276 166
0082  0.197  0.327  0.429  0.128  0.264 154
0083  0.209  0.343  0.433  0.137  0.284 164
0084  0.197  0.321  0.391  0.132  0.272 174
0085  0.182  0.296  0.360  0.122  0.252 175
0086  0.204  0.335  0.417  0.135  0.280 168
0087  0.203  0.337  0.442  0.132  0.272 154
0088  0.193  0.319  0.411  0.126  0.260 158
0089  0.207  0.336  0.404  0.139  0.288 178
0090  0.175  0.290  0.376  0.114  0.236 157
0091  0.177  0.291  0.370  0.116  0.240 162
0092  0.194  0.323  0.428  0.126  0.260 152
0093  0.183  0.303  0.390  0.120  0.248 159
0094  0.179  0.296  0.392  0.116  0.238 153
0095  0.176  0.292  0.361  0.116  0.245 166
0096  0.160  0.270  0.346  0.104  0.221 156
0097  0.168  0.284  0.356  0.110  0.236 160
0098  0.177  0.298  0.373  0.116  0.248 161
0099  0.185  0.314  0.403  0.120  0.257 154
0100  0.153  0.263  0.338  0.099  0.215 151
0101  0.144  0.241  0.299  0.095  0.203 164
0102  0.139  0.242  0.313  0.089  0.197 147
0103  0.157  0.275  0.356  0.101  0.224 146
0104  0.163  0.283  0.350  0.106  0.237 157
0105  0.143  0.246  0.314  0.093  0.202 153
0106  0.141  0.243  0.338  0.089  0.189 136
0107  0.140  0.235  0.307  0.091  0.190 153
0108  0.149  0.246  0.329  0.097  0.196 152
0109  0.135  0.226  0.296  0.087  0.183 152
0110  0.123  0.203  0.277  0.079  0.161 148
0111  0.135  0.229  0.304  0.087  0.183 148
0112  0.112  0.197  0.253  0.072  0.161 146
0113  0.112  0.196  0.262  0.072  0.156 141
0114  0.115  0.192  0.262  0.074  0.152 145
0115  0.125  0.213  0.273  0.081  0.174 154
0116  0.118  0.199  0.273  0.075  0.156 143
0117  0.123  0.212  0.294  0.077  0.165 136
