# File: various/lighting Algorithm = FH-SURF  skip 8 tolerance = 5.0
# (time tick) ( F ) ( F all inside) (precision) (recall) (recall all inside) (tracks)
0008  0.891  0.891  0.993  0.808  0.808 424
0016  0.870  0.870  0.974  0.787  0.787 421
0024  0.881  0.881  0.986  0.797  0.797 421
0032  0.869  0.869  0.976  0.783  0.783 418
0040  0.878  0.878  0.986  0.791  0.791 418
0048  0.880  0.880  0.986  0.795  0.795 420
0056  0.895  0.895  0.993  0.814  0.814 427
0064  0.854  0.854  0.978  0.758  0.758 404
0072  0.853  0.853  0.975  0.758  0.758 405
0080  0.880  0.880  0.988  0.793  0.793 418
0088  0.865  0.865  0.969  0.781  0.781 420
0096  0.865  0.865  0.971  0.779  0.779 418
0104  0.874  0.874  0.981  0.789  0.789 419
0112  0.847  0.847  0.975  0.749  0.749 400
0120  0.834  0.834  0.965  0.735  0.735 397
0128  0.818  0.818  0.954  0.716  0.716 391
0136  0.810  0.810  0.976  0.693  0.693 370
0144  0.802  0.802  0.967  0.685  0.685 369
0152  0.809  0.809  0.960  0.699  0.699 379
0160  0.790  0.790  0.961  0.670  0.670 363
0168  0.777  0.777  0.953  0.656  0.656 359
0176  0.780  0.780  0.948  0.662  0.662 364
0184  0.748  0.748  0.934  0.624  0.624 348
0192  0.743  0.743  0.955  0.608  0.608 332
0200  0.735  0.735  0.930  0.608  0.608 341
0208  0.730  0.730  0.929  0.601  0.601 337
0216  0.721  0.721  0.920  0.593  0.593 336
0224  0.726  0.726  0.923  0.599  0.599 338
0232  0.692  0.692  0.904  0.560  0.560 323
0240  0.687  0.687  0.909  0.553  0.553 317
