# File: various/urban Algorithm = FH-SURF  skip 4 tolerance = 5.0
# (time tick) ( F ) ( F all inside) (precision) (recall) (recall all inside) (tracks)
0004  0.771  0.771  0.938  0.654  0.654 341
0008  0.774  0.774  0.919  0.669  0.669 356
0012  0.797  0.797  0.922  0.701  0.701 372
0016  0.762  0.775  0.929  0.646  0.665 340
0020  0.737  0.774  0.937  0.607  0.660 317
0024  0.690  0.747  0.916  0.554  0.630 296
0028  0.579  0.648  0.862  0.436  0.520 247
0032  0.529  0.619  0.840  0.387  0.490 225
0036  0.471  0.573  0.769  0.339  0.457 216
0040  0.428  0.559  0.742  0.301  0.448 198
0044  0.462  0.603  0.788  0.327  0.488 203
0048  0.537  0.636  0.839  0.395  0.512 230
0052  0.618  0.705  0.892  0.472  0.582 259
0056  0.655  0.729  0.906  0.513  0.610 277
0060  0.725  0.777  0.913  0.601  0.677 322
0064  0.792  0.818  0.933  0.687  0.729 360
0068  0.779  0.781  0.942  0.665  0.668 345
0072  0.750  0.791  0.928  0.630  0.689 332
0076  0.721  0.777  0.921  0.593  0.672 315
0080  0.733  0.727  0.945  0.599  0.590 310
0084  0.642  0.694  0.913  0.495  0.560 265
0088  0.550  0.601  0.831  0.411  0.471 242
0092  0.511  0.588  0.844  0.366  0.451 212
0096  0.526  0.632  0.842  0.382  0.505 222
0100  0.541  0.673  0.831  0.401  0.566 236
0104  0.521  0.674  0.817  0.382  0.574 229
0108  0.521  0.694  0.827  0.380  0.598 225
0112  0.534  0.709  0.845  0.391  0.611 226
0116  0.618  0.762  0.902  0.470  0.659 255
0120  0.730  0.836  0.930  0.601  0.759 316
0124  0.776  0.825  0.936  0.663  0.737 346
0128  0.807  0.820  0.943  0.706  0.726 366
0132  0.760  0.804  0.932  0.642  0.707 337
0136  0.695  0.767  0.925  0.556  0.656 294
0140  0.619  0.700  0.889  0.474  0.578 261
0144  0.501  0.599  0.826  0.360  0.470 213
0148  0.432  0.586  0.741  0.305  0.485 201
0152  0.353  0.493  0.672  0.239  0.390 174
