# File: various/lighting Algorithm = FH-SURF  skip 4 tolerance = 5.0
# (time tick) ( F ) ( F all inside) (precision) (recall) (recall all inside) (tracks)
0004  0.886  0.886  0.988  0.802  0.802 423
0008  0.891  0.891  0.993  0.808  0.808 424
0012  0.869  0.869  0.983  0.779  0.779 413
0016  0.870  0.870  0.974  0.787  0.787 421
0020  0.860  0.860  0.983  0.764  0.764 405
0024  0.881  0.881  0.986  0.797  0.797 421
0028  0.877  0.877  0.981  0.793  0.793 421
0032  0.869  0.869  0.976  0.783  0.783 418
0036  0.883  0.883  0.983  0.800  0.800 424
0040  0.878  0.878  0.986  0.791  0.791 418
0044  0.877  0.877  0.983  0.791  0.791 419
0048  0.880  0.880  0.986  0.795  0.795 420
0052  0.867  0.867  0.993  0.770  0.770 404
0056  0.895  0.895  0.993  0.814  0.814 427
0060  0.872  0.872  0.974  0.789  0.789 422
0064  0.854  0.854  0.978  0.758  0.758 404
0068  0.868  0.868  0.974  0.783  0.783 419
0072  0.853  0.853  0.975  0.758  0.758 405
0076  0.868  0.868  0.978  0.779  0.779 415
0080  0.880  0.880  0.988  0.793  0.793 418
0084  0.870  0.870  0.988  0.777  0.777 410
0088  0.865  0.865  0.969  0.781  0.781 420
0092  0.863  0.863  0.978  0.772  0.772 411
0096  0.865  0.865  0.971  0.779  0.779 418
0100  0.870  0.870  0.978  0.783  0.783 417
0104  0.874  0.874  0.981  0.789  0.789 419
0108  0.840  0.840  0.972  0.739  0.739 396
0112  0.847  0.847  0.975  0.749  0.749 400
0116  0.854  0.854  0.980  0.756  0.756 402
0120  0.834  0.834  0.965  0.735  0.735 397
0124  0.827  0.827  0.969  0.722  0.722 388
0128  0.818  0.818  0.954  0.716  0.716 391
0132  0.808  0.808  0.958  0.699  0.699 380
0136  0.810  0.810  0.976  0.693  0.693 370
0140  0.817  0.817  0.961  0.710  0.710 385
0144  0.802  0.802  0.967  0.685  0.685 369
0148  0.791  0.791  0.956  0.674  0.674 367
0152  0.809  0.809  0.960  0.699  0.699 379
0156  0.778  0.778  0.950  0.658  0.658 361
0160  0.790  0.790  0.961  0.670  0.670 363
0164  0.777  0.777  0.953  0.656  0.656 359
0168  0.777  0.777  0.953  0.656  0.656 359
0172  0.765  0.765  0.949  0.641  0.641 352
0176  0.780  0.780  0.948  0.662  0.662 364
0180  0.769  0.769  0.960  0.641  0.641 348
0184  0.748  0.748  0.934  0.624  0.624 348
0188  0.765  0.765  0.949  0.641  0.641 352
0192  0.743  0.743  0.955  0.608  0.608 332
0196  0.746  0.746  0.942  0.618  0.618 342
0200  0.735  0.735  0.930  0.608  0.608 341
0204  0.727  0.727  0.926  0.599  0.599 337
0208  0.730  0.730  0.929  0.601  0.601 337
0212  0.712  0.712  0.900  0.589  0.589 341
0216  0.721  0.721  0.920  0.593  0.593 336
0220  0.694  0.694  0.926  0.555  0.555 312
0224  0.726  0.726  0.923  0.599  0.599 338
0228  0.678  0.678  0.907  0.541  0.541 311
0232  0.692  0.692  0.904  0.560  0.560 323
0236  0.675  0.675  0.901  0.539  0.539 312
0240  0.687  0.687  0.909  0.553  0.553 317
