# File: various/urban Algorithm = FH-SURF  skip 8 tolerance = 5.0
# (time tick) ( F ) ( F all inside) (precision) (recall) (recall all inside) (tracks)
0008  0.774  0.774  0.919  0.669  0.669 356
0016  0.762  0.775  0.929  0.646  0.665 340
0024  0.690  0.747  0.916  0.554  0.630 296
0032  0.529  0.619  0.840  0.387  0.490 225
0040  0.428  0.559  0.742  0.301  0.448 198
0048  0.537  0.636  0.839  0.395  0.512 230
0056  0.655  0.729  0.906  0.513  0.610 277
0064  0.792  0.818  0.933  0.687  0.729 360
0072  0.750  0.791  0.928  0.630  0.689 332
0080  0.733  0.727  0.945  0.599  0.590 310
0088  0.550  0.601  0.831  0.411  0.471 242
0096  0.526  0.632  0.842  0.382  0.505 222
0104  0.521  0.674  0.817  0.382  0.574 229
0112  0.534  0.709  0.845  0.391  0.611 226
0120  0.730  0.836  0.930  0.601  0.759 316
0128  0.807  0.820  0.943  0.706  0.726 366
0136  0.695  0.767  0.925  0.556  0.656 294
0144  0.501  0.599  0.826  0.360  0.470 213
0152  0.353  0.493  0.672  0.239  0.390 174
