# list of hand selected 2D points
1118.95838207266270000000 1096.85837244752700000000
920.05829544644100000000 1174.78998533616350000000
708.36346640566690000000 1257.37423183009200000000
992.91430803839560000000 1032.03872699198520000000
782.48837907179210000000 1108.17273144221370000000
1065.87606230319780000000 887.17263519085610000000
858.62238352202040000000 958.01955599870760000000
633.39262035676140000000 1033.09614372046050000000
932.64155451529810000000 811.03863074062770000000
708.46920807851440000000 878.71330136305300000000
1006.66072550857580000000 663.00028875407250000000
785.66062925721830000000 723.27304227716990000000
550.91411553568060000000 788.83287944264440000000
868.13913407829900000000 573.11986683366390000000
631.27778689981060000000 633.39262035676140000000
944.27313852852740000000 422.96669139015785000000
714.81370844936680000000 473.72269435697683000000
458.91886015832130000000 529.76578096617280000000
796.23479654197220000000 312.99535162871683000000
548.79928207872980000000 363.75135459553576000000
