# list of hand selected 2D points
2126.66666666666700000000 3729.00000000000050000000
1415.33333333333350000000 3395.33333333333350000000
872.66666666666670000000 3135.00000000000050000000
1738.00000000000020000000 3230.33333333333350000000
1096.33333333333350000000 2970.00000000000000000000
2159.66666666666700000000 3036.00000000000000000000
1378.66666666666670000000 2757.33333333333350000000
784.66666666666670000000 2555.66666666666700000000
1738.00000000000020000000 2500.66666666666700000000
1026.66666666666670000000 2306.33333333333350000000
2189.00000000000000000000 2167.00000000000000000000
1334.66666666666670000000 1994.66666666666670000000
704.00000000000000000000 1873.66666666666670000000
1727.00000000000020000000 1587.66666666666670000000
949.66666666666670000000 1507.00000000000000000000
2258.66666666666700000000 1059.66666666666670000000
1287.00000000000000000000 1048.66666666666670000000
601.33333333333340000000 1048.66666666666670000000
1723.33333333333350000000 447.33333333333337000000
872.66666666666670000000 546.33333333333340000000
