# list of hand selected 2D points
1567.27272727272730000000 1986.36363636363630000000
1393.63636363636350000000 2012.72727272727250000000
1215.45454545454530000000 2039.99999999999980000000
1476.66666666666670000000 1912.66666666666670000000
1301.33333333333330000000 1937.33333333333330000000
1560.00000000000000000000 1812.00000000000000000000
1386.00000000000000000000 1832.66666666666670000000
1205.00000000000000000000 1857.00000000000000000000
1471.00000000000000000000 1731.00000000000000000000
1291.00000000000000000000 1754.00000000000000000000
1556.00000000000000000000 1627.00000000000000000000
1377.00000000000000000000 1646.00000000000000000000
1191.00000000000000000000 1666.00000000000000000000
1463.00000000000000000000 1541.00000000000000000000
1280.00000000000000000000 1559.00000000000000000000
1551.00000000000000000000 1436.00000000000000000000
1369.00000000000000000000 1451.00000000000000000000
1177.00000000000000000000 1467.00000000000000000000
1457.00000000000000000000 1344.00000000000000000000
1267.00000000000000000000 1356.00000000000000000000
