# list of hand selected 2D points
2370.00000000000000000000 3510.00000000000050000000
1595.00000000000020000000 3590.00000000000050000000
770.00000000000010000000 3670.00000000000050000000
2010.00000000000020000000 3205.00000000000050000000
1175.00000000000000000000 3275.00000000000050000000
2430.00000000000000000000 2795.00000000000050000000
1600.00000000000020000000 2855.00000000000050000000
715.00000000000010000000 2920.00000000000050000000
2035.00000000000020000000 2430.00000000000000000000
1150.00000000000000000000 2475.00000000000000000000
2500.00000000000000000000 1980.00000000000020000000
1605.00000000000020000000 2025.00000000000020000000
645.00000000000000000000 2045.00000000000020000000
2070.00000000000000000000 1535.00000000000020000000
1120.00000000000000000000 1560.00000000000020000000
2550.00000000000000000000 1060.00000000000000000000
1605.00000000000020000000 1065.00000000000000000000
580.00000000000000000000 1055.00000000000000000000
2115.00000000000000000000 540.00000000000000000000
1095.00000000000000000000 515.00000000000000000000
