# list of hand selected 2D points
2133.33333333333350000000 3053.33333333333350000000
1513.33333333333350000000 3070.00000000000000000000
880.00000000000000000000 3086.66666666666700000000
1850.00000000000000000000 2853.33333333333350000000
1180.00000000000000000000 2873.33333333333350000000
2230.00000000000000000000 2606.66666666666700000000
1530.00000000000000000000 2626.66666666666700000000
813.33333333333340000000 2646.66666666666700000000
1910.00000000000000000000 2346.66666666666700000000
1156.66666666666670000000 2370.00000000000000000000
2356.66666666666700000000 2046.66666666666670000000
1543.33333333333350000000 2053.33333333333350000000
723.33333333333340000000 2063.33333333333350000000
2000.00000000000000000000 1696.66666666666670000000
1123.33333333333350000000 1703.33333333333350000000
2516.66666666666700000000 1270.00000000000000000000
1586.66666666666670000000 1276.66666666666670000000
603.33333333333340000000 1283.33333333333350000000
2126.66666666666700000000 790.00000000000000000000
1073.33333333333350000000 770.00000000000000000000
