# list of hand selected 2D points
1943.33333333333350000000 3285.33333333333350000000
1338.33333333333350000000 3443.00000000000050000000
608.66666666666670000000 3633.66666666666700000000
1675.66666666666670000000 3054.33333333333350000000
993.66666666666670000000 3193.66666666666700000000
1983.66666666666670000000 2687.66666666666700000000
1342.00000000000000000000 2794.00000000000000000000
583.00000000000000000000 2929.66666666666700000000
1705.00000000000020000000 2394.33333333333350000000
986.33333333333340000000 2486.00000000000000000000
2042.33333333333350000000 2020.33333333333350000000
1364.00000000000000000000 2075.33333333333350000000
553.66666666666670000000 2130.33333333333350000000
1730.66666666666670000000 1675.66666666666670000000
979.00000000000010000000 1686.66666666666670000000
2086.33333333333350000000 1294.33333333333350000000
1386.00000000000000000000 1276.00000000000000000000
528.00000000000000000000 1239.33333333333350000000
1771.00000000000020000000 869.00000000000010000000
975.33333333333340000000 792.00000000000010000000
