# File: carpet/move_out Algorithm = FH-BRIEF  skip 8 tolerance = 5.0
# (time tick) ( F ) ( F all inside) (precision) (recall) (recall all inside) (tracks)
0008  0.802  0.802  0.958  0.690  0.690 408
0016  0.677  0.677  0.935  0.531  0.531 322
0024  0.590  0.590  0.905  0.437  0.437 274
0032  0.558  0.558  0.895  0.406  0.406 257
0040  0.516  0.516  0.850  0.370  0.370 247
0048  0.498  0.498  0.858  0.351  0.351 232
0056  0.462  0.462  0.838  0.319  0.319 216
0064  0.408  0.408  0.788  0.275  0.275 198
0072  0.357  0.357  0.728  0.236  0.236 184
0080  0.328  0.328  0.689  0.215  0.215 177
0088  0.310  0.310  0.693  0.199  0.199 163
0096  0.301  0.301  0.671  0.194  0.194 164
0104  0.290  0.290  0.650  0.187  0.187 163
0112  0.289  0.289  0.680  0.183  0.183 153
0120  0.239  0.239  0.566  0.152  0.152 152
0128  0.226  0.226  0.567  0.141  0.141 141
0136  0.167  0.167  0.491  0.101  0.101 116
0144  0.151  0.151  0.472  0.090  0.090 108
0152  0.124  0.124  0.389  0.074  0.074 108
0160  0.107  0.107  0.343  0.063  0.063 105
0168  0.109  0.109  0.330  0.065  0.065 112
0176  0.084  0.084  0.283  0.049  0.049 99
0184  0.066  0.066  0.222  0.039  0.039 99
0192  0.067  0.067  0.244  0.039  0.039 90
0200  0.060  0.060  0.198  0.035  0.035 101
0208  0.051  0.051  0.175  0.030  0.030 97
0216  0.057  0.057  0.181  0.034  0.034 105
0224  0.065  0.065  0.206  0.039  0.039 107
