# File: carpet/rotate Algorithm = FH-BRIEF  skip 4 tolerance = 5.0
# (time tick) ( F ) ( F all inside) (precision) (recall) (recall all inside) (tracks)
0004  0.881  0.881  0.991  0.793  0.793 470
0008  0.850  0.857  0.987  0.747  0.758 445
0012  0.810  0.823  0.971  0.694  0.715 420
0016  0.767  0.786  0.957  0.639  0.667 393
0020  0.734  0.757  0.941  0.602  0.633 376
0024  0.705  0.732  0.928  0.568  0.604 360
0028  0.676  0.707  0.911  0.537  0.578 347
0032  0.636  0.670  0.877  0.498  0.542 334
0036  0.630  0.667  0.889  0.488  0.534 323
0040  0.609  0.650  0.855  0.473  0.525 325
0044  0.569  0.623  0.846  0.429  0.493 298
0048  0.538  0.592  0.830  0.398  0.461 282
0052  0.487  0.543  0.779  0.354  0.417 267
0056  0.488  0.553  0.802  0.350  0.422 257
0060  0.486  0.555  0.801  0.349  0.424 256
0064  0.483  0.554  0.794  0.347  0.425 257
0068  0.465  0.534  0.789  0.330  0.404 246
0072  0.464  0.536  0.763  0.333  0.413 257
0076  0.485  0.560  0.795  0.349  0.432 258
0080  0.485  0.559  0.789  0.350  0.432 261
0084  0.546  0.621  0.846  0.403  0.490 280
0088  0.568  0.645  0.840  0.429  0.524 300
0092  0.623  0.712  0.879  0.483  0.598 323
0096  0.644  0.728  0.882  0.507  0.620 338
0100  0.686  0.785  0.910  0.551  0.690 356
0104  0.705  0.809  0.928  0.568  0.717 360
0108  0.707  0.814  0.909  0.578  0.737 374
0112  0.688  0.794  0.915  0.551  0.701 354
0116  0.653  0.756  0.891  0.515  0.657 340
0120  0.646  0.755  0.902  0.503  0.650 328
0124  0.606  0.709  0.880  0.463  0.593 309
0128  0.571  0.665  0.849  0.430  0.547 298
0132  0.542  0.625  0.826  0.403  0.502 287
0136  0.529  0.617  0.832  0.388  0.491 274
0140  0.508  0.600  0.821  0.367  0.473 263
0144  0.492  0.579  0.789  0.357  0.457 266
0148  0.452  0.525  0.754  0.323  0.403 252
0152  0.460  0.533  0.789  0.325  0.403 242
0156  0.483  0.563  0.788  0.349  0.438 260
0160  0.491  0.571  0.830  0.349  0.436 247
0164  0.496  0.575  0.820  0.355  0.443 255
0168  0.535  0.623  0.837  0.393  0.496 276
0172  0.578  0.672  0.867  0.434  0.548 294
0176  0.614  0.711  0.887  0.469  0.593 311
0180  0.661  0.748  0.916  0.517  0.632 332
0184  0.694  0.757  0.936  0.551  0.635 346
0188  0.726  0.795  0.953  0.587  0.681 362
0192  0.782  0.829  0.967  0.656  0.726 399
0196  0.822  0.868  0.972  0.713  0.785 431
