# File: carpet/skew Algorithm = FH-BRIEF  skip 1 tolerance = 5.0
# (time tick) ( F ) ( F all inside) (precision) (recall) (recall all inside) (tracks)
0001  0.902  0.902  0.986  0.831  0.831 555
0002  0.889  0.889  0.985  0.810  0.810 541
0003  0.882  0.882  0.976  0.804  0.804 542
0004  0.883  0.883  0.981  0.802  0.802 538
0005  0.864  0.864  0.977  0.775  0.775 522
0006  0.868  0.868  0.975  0.783  0.783 528
0007  0.870  0.870  0.983  0.781  0.781 523
0008  0.867  0.867  0.979  0.778  0.778 523
0009  0.868  0.868  0.983  0.777  0.778 520
0010  0.852  0.853  0.975  0.757  0.758 511
0011  0.853  0.854  0.982  0.754  0.756 505
0012  0.838  0.842  0.986  0.729  0.735 487
0013  0.832  0.837  0.992  0.717  0.724 476
0014  0.831  0.836  0.981  0.720  0.728 483
0015  0.819  0.824  0.987  0.699  0.708 466
0016  0.801  0.809  0.980  0.678  0.689 455
0017  0.788  0.796  0.959  0.669  0.680 459
0018  0.795  0.805  0.967  0.675  0.689 459
0019  0.788  0.799  0.969  0.664  0.680 451
0020  0.777  0.789  0.966  0.650  0.667 443
0021  0.774  0.787  0.957  0.649  0.668 446
0022  0.757  0.772  0.956  0.626  0.647 431
0023  0.753  0.774  0.958  0.620  0.650 426
0024  0.743  0.768  0.948  0.611  0.645 424
0025  0.737  0.769  0.954  0.600  0.644 414
0026  0.718  0.752  0.952  0.576  0.621 398
0027  0.709  0.744  0.929  0.573  0.621 406
0028  0.704  0.747  0.946  0.561  0.617 390
0029  0.713  0.760  0.961  0.567  0.628 388
0030  0.685  0.733  0.949  0.536  0.597 372
0031  0.665  0.716  0.924  0.520  0.585 370
0032  0.663  0.717  0.934  0.514  0.582 362
0033  0.655  0.714  0.935  0.505  0.577 355
0034  0.644  0.708  0.906  0.500  0.581 363
0035  0.626  0.695  0.905  0.479  0.565 348
0036  0.644  0.716  0.916  0.497  0.587 357
0037  0.610  0.680  0.923  0.456  0.539 325
0038  0.629  0.705  0.929  0.476  0.568 337
0039  0.609  0.688  0.907  0.459  0.554 333
0040  0.607  0.690  0.914  0.454  0.554 327
0041  0.572  0.653  0.872  0.426  0.522 321
0042  0.556  0.641  0.884  0.406  0.503 302
0043  0.542  0.629  0.869  0.394  0.493 298
0044  0.559  0.651  0.863  0.413  0.522 315
0045  0.556  0.647  0.860  0.410  0.519 314
0046  0.539  0.634  0.855  0.394  0.504 303
0047  0.537  0.635  0.851  0.392  0.507 303
0048  0.551  0.658  0.880  0.401  0.525 300
0049  0.527  0.635  0.846  0.383  0.508 298
0050  0.533  0.645  0.853  0.388  0.518 299
0051  0.525  0.638  0.834  0.383  0.516 302
0052  0.530  0.647  0.847  0.386  0.524 300
0053  0.518  0.637  0.845  0.374  0.511 291
0054  0.534  0.657  0.843  0.391  0.539 305
0055  0.526  0.650  0.832  0.384  0.534 304
0056  0.528  0.656  0.841  0.384  0.538 301
0057  0.524  0.658  0.853  0.378  0.535 292
0058  0.514  0.648  0.838  0.371  0.528 291
0059  0.524  0.663  0.850  0.378  0.544 293
0060  0.510  0.648  0.811  0.372  0.540 302
0061  0.497  0.641  0.789  0.363  0.540 303
0062  0.484  0.629  0.800  0.347  0.518 285
0063  0.498  0.652  0.801  0.362  0.550 297
0064  0.465  0.620  0.779  0.331  0.515 280
0065  0.454  0.611  0.771  0.322  0.506 275
0066  0.463  0.627  0.778  0.330  0.525 279
0067  0.465  0.637  0.797  0.328  0.531 271
0068  0.462  0.637  0.804  0.324  0.527 265
0069  0.458  0.634  0.791  0.322  0.529 268
0070  0.450  0.637  0.793  0.315  0.532 261
0071  0.432  0.620  0.749  0.304  0.529 267
0072  0.429  0.634  0.755  0.299  0.547 261
0073  0.411  0.615  0.734  0.286  0.530 256
0074  0.406  0.613  0.728  0.281  0.529 254
0075  0.379  0.583  0.701  0.260  0.499 244
0076  0.373  0.586  0.705  0.254  0.502 237
0077  0.386  0.618  0.738  0.261  0.531 233
0078  0.368  0.593  0.701  0.249  0.514 234
0079  0.371  0.600  0.687  0.254  0.532 243
0080  0.362  0.598  0.719  0.242  0.511 221
0081  0.356  0.587  0.690  0.240  0.511 229
0082  0.340  0.564  0.667  0.228  0.489 225
0083  0.337  0.559  0.637  0.229  0.498 237
0084  0.334  0.565  0.673  0.222  0.487 217
0085  0.330  0.561  0.653  0.220  0.492 222
0086  0.314  0.540  0.640  0.208  0.468 214
0087  0.305  0.527  0.604  0.204  0.467 222
0088  0.300  0.523  0.606  0.199  0.460 216
0089  0.302  0.537  0.627  0.199  0.470 209
0090  0.300  0.531  0.606  0.199  0.473 216
0091  0.279  0.504  0.582  0.184  0.445 208
0092  0.269  0.500  0.600  0.173  0.429 190
0093  0.260  0.489  0.588  0.167  0.418 187
0094  0.256  0.482  0.581  0.164  0.412 186
0095  0.253  0.477  0.566  0.163  0.412 189
0096  0.255  0.480  0.556  0.166  0.422 196
0097  0.263  0.500  0.580  0.170  0.439 193
0098  0.236  0.460  0.563  0.149  0.389 174
0099  0.249  0.482  0.546  0.161  0.431 194
0100  0.225  0.444  0.514  0.144  0.391 185
0101  0.229  0.453  0.513  0.147  0.406 189
0102  0.203  0.412  0.478  0.129  0.362 178
0103  0.216  0.434  0.489  0.138  0.391 186
0104  0.200  0.408  0.462  0.128  0.365 182
0105  0.202  0.415  0.464  0.129  0.374 183
0106  0.210  0.441  0.512  0.132  0.387 170
0107  0.187  0.397  0.467  0.117  0.345 165
0108  0.194  0.405  0.458  0.123  0.363 177
0109  0.188  0.397  0.451  0.119  0.355 173
0110  0.190  0.405  0.459  0.120  0.362 172
0111  0.175  0.375  0.420  0.111  0.340 174
0112  0.171  0.373  0.432  0.106  0.329 162
0113  0.168  0.363  0.402  0.106  0.330 174
0114  0.158  0.348  0.389  0.099  0.314 167
0115  0.140  0.315  0.358  0.087  0.281 159
0116  0.148  0.330  0.361  0.093  0.303 169
0117  0.152  0.341  0.371  0.096  0.317 170
0118  0.147  0.339  0.377  0.091  0.308 159
0119  0.148  0.343  0.370  0.093  0.319 165
0120  0.140  0.336  0.370  0.087  0.308 154
0121  0.114  0.279  0.311  0.070  0.253 148
0122  0.109  0.265  0.289  0.067  0.244 152
0123  0.099  0.242  0.263  0.061  0.225 152
0124  0.121  0.297  0.320  0.074  0.277 153
0125  0.110  0.269  0.285  0.068  0.254 158
0126  0.109  0.272  0.295  0.067  0.253 149
0127  0.104  0.258  0.275  0.064  0.243 153
0128  0.106  0.266  0.285  0.065  0.250 151
0129  0.106  0.261  0.274  0.065  0.250 157
0130  0.099  0.251  0.270  0.061  0.234 148
0131  0.094  0.238  0.253  0.058  0.225 150
0132  0.094  0.239  0.255  0.058  0.225 149
0133  0.105  0.271  0.296  0.064  0.250 142
0134  0.084  0.214  0.225  0.052  0.204 151
0135  0.083  0.217  0.241  0.050  0.198 137
0136  0.083  0.218  0.243  0.050  0.198 136
0137  0.071  0.188  0.211  0.043  0.170 133
0138  0.068  0.179  0.196  0.041  0.165 138
0139  0.076  0.206  0.234  0.046  0.184 128
0140  0.081  0.221  0.248  0.049  0.199 129
0141  0.082  0.216  0.228  0.050  0.206 145
0142  0.073  0.199  0.216  0.044  0.185 134
0143  0.071  0.197  0.217  0.043  0.181 129
0144  0.063  0.172  0.184  0.038  0.162 136
0145  0.065  0.178  0.187  0.040  0.170 139
0146  0.058  0.164  0.178  0.035  0.151 129
0147  0.070  0.201  0.231  0.041  0.178 117
0148  0.064  0.183  0.205  0.038  0.166 122
0149  0.049  0.142  0.164  0.029  0.126 116
0150  0.043  0.122  0.133  0.026  0.113 128
0151  0.063  0.181  0.192  0.038  0.170 130
0152  0.051  0.146  0.156  0.030  0.137 128
0153  0.062  0.182  0.202  0.036  0.166 119
0154  0.054  0.157  0.171  0.032  0.146 123
0155  0.041  0.117  0.124  0.024  0.111 129
0156  0.046  0.136  0.150  0.027  0.125 120
0157  0.044  0.129  0.143  0.026  0.118 119
0158  0.041  0.117  0.124  0.024  0.111 129
0159  0.046  0.135  0.146  0.027  0.126 123
0160  0.041  0.119  0.126  0.024  0.113 127
0161  0.033  0.100  0.107  0.020  0.093 121
0162  0.036  0.111  0.124  0.021  0.101 113
0163  0.049  0.148  0.160  0.029  0.138 119
0164  0.039  0.120  0.135  0.023  0.109 111
0165  0.031  0.096  0.106  0.018  0.088 113
0166  0.033  0.099  0.102  0.020  0.096 127
0167  0.023  0.071  0.078  0.014  0.066 116
0168  0.020  0.060  0.060  0.012  0.059 133
0169  0.024  0.077  0.090  0.014  0.067 100
0170  0.030  0.091  0.092  0.018  0.090 131
0171  0.023  0.071  0.076  0.014  0.067 118
0172  0.026  0.079  0.084  0.015  0.075 119
0173  0.018  0.053  0.054  0.011  0.052 129
0174  0.023  0.073  0.080  0.014  0.068 112
0175  0.018  0.055  0.058  0.011  0.053 121
0176  0.018  0.054  0.056  0.011  0.053 126
0177  0.018  0.057  0.062  0.011  0.053 113
0178  0.016  0.050  0.055  0.009  0.045 110
0179  0.013  0.041  0.044  0.008  0.038 114
0180  0.013  0.041  0.043  0.008  0.039 116
0181  0.021  0.064  0.067  0.012  0.062 120
0182  0.020  0.063  0.064  0.012  0.062 125
0183  0.016  0.050  0.055  0.009  0.047 109
0184  0.016  0.050  0.054  0.009  0.047 112
0185  0.010  0.034  0.038  0.006  0.031 104
0186  0.010  0.034  0.038  0.006  0.031 105
0187  0.021  0.069  0.078  0.012  0.062 103
0188  0.010  0.033  0.035  0.006  0.031 113
0189  0.010  0.033  0.034  0.006  0.031 116
0190  0.010  0.034  0.037  0.006  0.031 108
0191  0.010  0.032  0.033  0.006  0.031 121
0192  0.010  0.032  0.033  0.006  0.031 122
0193  0.013  0.040  0.041  0.008  0.039 123
0194  0.008  0.025  0.027  0.005  0.023 112
0195  0.010  0.033  0.035  0.006  0.032 115
0196  0.010  0.032  0.032  0.006  0.033 126
0197  0.005  0.016  0.016  0.003  0.016 123
0198  0.008  0.025  0.025  0.005  0.025 119
0199  0.008  0.024  0.024  0.005  0.025 127
0200  0.005  0.018  0.019  0.003  0.017 104
0201  0.008  0.025  0.026  0.005  0.025 117
0202  0.005  0.017  0.017  0.003  0.017 115
0203  0.010  0.033  0.033  0.006  0.034 123
0204  0.008  0.024  0.023  0.005  0.025 128
0205  0.008  0.026  0.026  0.005  0.025 114
0206  0.005  0.016  0.016  0.003  0.017 128
0207  0.003  0.008  0.009  0.002  0.008 117
0208  0.008  0.025  0.024  0.005  0.025 125
0209  0.005  0.017  0.017  0.003  0.017 121
