# File: carpet/move_out Algorithm = FH-BRIEF  skip 4 tolerance = 5.0
# (time tick) ( F ) ( F all inside) (precision) (recall) (recall all inside) (tracks)
0004  0.848  0.848  0.973  0.751  0.751 438
0008  0.802  0.802  0.958  0.690  0.690 408
0012  0.741  0.741  0.935  0.614  0.614 372
0016  0.677  0.677  0.935  0.531  0.531 322
0020  0.627  0.627  0.907  0.480  0.480 300
0024  0.590  0.590  0.905  0.437  0.437 274
0028  0.560  0.560  0.879  0.411  0.411 265
0032  0.558  0.558  0.895  0.406  0.406 257
0036  0.547  0.547  0.882  0.397  0.397 255
0040  0.516  0.516  0.850  0.370  0.370 247
0044  0.514  0.514  0.866  0.365  0.365 239
0048  0.498  0.498  0.858  0.351  0.351 232
0052  0.497  0.497  0.872  0.347  0.347 226
0056  0.462  0.462  0.838  0.319  0.319 216
0060  0.435  0.435  0.816  0.296  0.296 206
0064  0.408  0.408  0.788  0.275  0.275 198
0068  0.414  0.414  0.806  0.279  0.279 196
0072  0.357  0.357  0.728  0.236  0.236 184
0076  0.340  0.340  0.724  0.222  0.222 174
0080  0.328  0.328  0.689  0.215  0.215 177
0084  0.323  0.323  0.700  0.210  0.210 170
0088  0.310  0.310  0.693  0.199  0.199 163
0092  0.297  0.297  0.671  0.190  0.190 161
0096  0.301  0.301  0.671  0.194  0.194 164
0100  0.299  0.299  0.677  0.192  0.192 161
0104  0.290  0.290  0.650  0.187  0.187 163
0108  0.285  0.285  0.656  0.182  0.182 157
0112  0.289  0.289  0.680  0.183  0.183 153
0116  0.291  0.291  0.658  0.187  0.187 161
0120  0.239  0.239  0.566  0.152  0.152 152
0124  0.220  0.220  0.575  0.136  0.136 134
0128  0.226  0.226  0.567  0.141  0.141 141
0132  0.185  0.185  0.508  0.113  0.113 126
0136  0.167  0.167  0.491  0.101  0.101 116
0140  0.175  0.175  0.508  0.106  0.106 118
0144  0.151  0.151  0.472  0.090  0.090 108
0148  0.151  0.151  0.472  0.090  0.090 108
0152  0.124  0.124  0.389  0.074  0.074 108
0156  0.118  0.118  0.357  0.071  0.071 112
0160  0.107  0.107  0.343  0.063  0.063 105
0164  0.108  0.108  0.306  0.065  0.065 121
0168  0.109  0.109  0.330  0.065  0.065 112
0172  0.086  0.086  0.279  0.051  0.051 104
0176  0.084  0.084  0.283  0.049  0.049 99
0180  0.076  0.076  0.275  0.044  0.044 91
0184  0.066  0.066  0.222  0.039  0.039 99
0188  0.067  0.067  0.242  0.039  0.039 91
0192  0.067  0.067  0.244  0.039  0.039 90
0196  0.063  0.063  0.202  0.037  0.037 104
0200  0.060  0.060  0.198  0.035  0.035 101
0204  0.051  0.051  0.177  0.030  0.030 96
0208  0.051  0.051  0.175  0.030  0.030 97
0212  0.057  0.057  0.183  0.034  0.034 104
0216  0.057  0.057  0.181  0.034  0.034 105
0220  0.063  0.063  0.214  0.037  0.037 98
0224  0.065  0.065  0.206  0.039  0.039 107
0228  0.054  0.054  0.180  0.032  0.032 100
