# File: carpet/rotate Algorithm = FH-BRIEF  skip 1 tolerance = 5.0
# (time tick) ( F ) ( F all inside) (precision) (recall) (recall all inside) (tracks)
0001  0.915  0.915  0.998  0.845  0.845 498
0002  0.894  0.894  0.992  0.815  0.815 483
0003  0.893  0.893  1.000  0.806  0.806 474
0004  0.881  0.881  0.991  0.793  0.793 470
0005  0.869  0.869  0.987  0.776  0.776 462
0006  0.875  0.877  0.991  0.782  0.786 464
0007  0.872  0.876  0.993  0.777  0.784 460
0008  0.850  0.857  0.987  0.747  0.758 445
0009  0.854  0.863  0.987  0.753  0.766 449
0010  0.834  0.847  0.984  0.724  0.743 433
0011  0.802  0.815  0.969  0.684  0.704 415
0012  0.810  0.824  0.971  0.694  0.716 420
0013  0.798  0.813  0.957  0.684  0.707 420
0014  0.755  0.771  0.939  0.631  0.654 395
0015  0.766  0.783  0.954  0.639  0.664 394
0016  0.767  0.787  0.957  0.639  0.668 393
0017  0.748  0.768  0.948  0.617  0.646 383
0018  0.759  0.781  0.956  0.629  0.661 387
0019  0.721  0.743  0.947  0.582  0.612 361
0020  0.734  0.758  0.941  0.602  0.634 376
0021  0.722  0.745  0.955  0.580  0.611 357
0022  0.720  0.745  0.935  0.585  0.620 368
0023  0.703  0.730  0.930  0.565  0.601 357
0024  0.705  0.732  0.928  0.568  0.605 360
0025  0.680  0.709  0.937  0.534  0.570 335
0026  0.686  0.716  0.922  0.546  0.585 348
0027  0.671  0.703  0.912  0.531  0.571 342
0028  0.676  0.708  0.911  0.537  0.579 347
0029  0.650  0.683  0.896  0.510  0.551 335
0030  0.657  0.690  0.897  0.519  0.561 340
0031  0.644  0.679  0.910  0.498  0.542 322
0032  0.636  0.670  0.877  0.498  0.543 334
0033  0.628  0.662  0.863  0.493  0.537 336
0034  0.644  0.681  0.899  0.502  0.547 328
0035  0.646  0.684  0.895  0.505  0.553 332
0036  0.630  0.668  0.889  0.488  0.535 323
0037  0.615  0.654  0.896  0.468  0.515 307
0038  0.607  0.646  0.883  0.463  0.509 308
0039  0.600  0.639  0.855  0.463  0.509 318
0040  0.609  0.650  0.855  0.473  0.524 325
0041  0.592  0.637  0.858  0.452  0.507 310
0042  0.582  0.632  0.866  0.439  0.497 298
0043  0.568  0.617  0.853  0.425  0.483 293
0044  0.569  0.622  0.846  0.429  0.492 298
0045  0.555  0.608  0.844  0.413  0.475 288
0046  0.531  0.584  0.844  0.388  0.446 270
0047  0.538  0.591  0.825  0.400  0.461 285
0048  0.538  0.592  0.830  0.398  0.460 282
0049  0.526  0.586  0.834  0.384  0.452 271
0050  0.526  0.584  0.817  0.388  0.454 279
0051  0.533  0.592  0.845  0.389  0.456 271
0052  0.487  0.545  0.782  0.354  0.418 266
0053  0.508  0.570  0.816  0.369  0.438 266
0054  0.525  0.591  0.811  0.388  0.464 281
0055  0.479  0.542  0.781  0.345  0.415 260
0056  0.488  0.554  0.802  0.350  0.423 257
0057  0.473  0.540  0.770  0.342  0.416 261
0058  0.465  0.533  0.789  0.330  0.402 246
0059  0.496  0.566  0.786  0.362  0.442 271
0060  0.486  0.556  0.801  0.349  0.425 256
0061  0.485  0.554  0.786  0.350  0.428 262
0062  0.480  0.553  0.798  0.344  0.423 253
0063  0.481  0.554  0.810  0.342  0.421 248
0064  0.483  0.555  0.794  0.347  0.427 257
0065  0.474  0.543  0.793  0.338  0.413 251
0066  0.489  0.560  0.799  0.352  0.431 259
0067  0.467  0.535  0.781  0.333  0.407 251
0068  0.465  0.535  0.789  0.330  0.405 246
0069  0.464  0.535  0.771  0.332  0.410 253
0070  0.455  0.525  0.758  0.325  0.402 252
0071  0.461  0.533  0.784  0.327  0.404 245
0072  0.464  0.536  0.763  0.333  0.413 257
0073  0.459  0.532  0.783  0.325  0.403 244
0074  0.460  0.535  0.769  0.328  0.410 251
0075  0.477  0.552  0.788  0.342  0.425 255
0076  0.485  0.560  0.795  0.349  0.432 258
0077  0.492  0.570  0.784  0.359  0.448 269
0078  0.485  0.558  0.786  0.350  0.433 262
0079  0.523  0.603  0.827  0.383  0.474 272
0080  0.485  0.559  0.789  0.350  0.433 261
0081  0.499  0.577  0.821  0.359  0.445 257
0082  0.503  0.578  0.814  0.364  0.448 263
0083  0.516  0.590  0.813  0.378  0.463 273
0084  0.546  0.622  0.846  0.403  0.491 280
0085  0.538  0.617  0.847  0.395  0.486 274
0086  0.560  0.641  0.859  0.415  0.511 284
0087  0.571  0.657  0.854  0.429  0.534 295
0088  0.568  0.646  0.840  0.429  0.525 300
0089  0.564  0.644  0.844  0.423  0.521 295
0090  0.586  0.676  0.875  0.440  0.551 296
0091  0.597  0.685  0.878  0.452  0.562 303
0092  0.623  0.713  0.879  0.483  0.600 323
0093  0.614  0.703  0.887  0.469  0.582 311
0094  0.626  0.715  0.877  0.486  0.603 326
0095  0.645  0.739  0.902  0.502  0.625 327
0096  0.644  0.729  0.882  0.507  0.621 338
0097  0.680  0.784  0.919  0.539  0.683 345
0098  0.681  0.775  0.919  0.541  0.670 346
0099  0.662  0.761  0.893  0.526  0.664 346
0100  0.686  0.786  0.910  0.551  0.692 356
0101  0.713  0.820  0.939  0.575  0.728 360
0102  0.703  0.810  0.928  0.566  0.718 359
0103  0.716  0.824  0.955  0.573  0.725 353
0104  0.705  0.810  0.928  0.568  0.718 360
0105  0.685  0.790  0.915  0.548  0.694 352
0106  0.691  0.796  0.916  0.554  0.704 356
0107  0.712  0.819  0.926  0.578  0.734 367
0108  0.707  0.816  0.909  0.578  0.741 374
0109  0.693  0.805  0.911  0.560  0.721 361
0110  0.704  0.823  0.948  0.560  0.728 347
0111  0.687  0.799  0.920  0.548  0.707 350
0112  0.688  0.796  0.915  0.551  0.704 354
0113  0.679  0.794  0.906  0.543  0.706 352
0114  0.665  0.778  0.904  0.526  0.682 342
0115  0.677  0.792  0.921  0.536  0.694 342
0116  0.653  0.759  0.891  0.515  0.661 340
0117  0.654  0.754  0.889  0.517  0.654 342
0118  0.645  0.751  0.877  0.510  0.656 342
0119  0.651  0.759  0.903  0.509  0.654 331
0120  0.646  0.757  0.902  0.503  0.652 328
0121  0.624  0.728  0.892  0.480  0.614 316
0122  0.597  0.698  0.852  0.459  0.591 317
0123  0.601  0.703  0.868  0.459  0.591 311
0124  0.606  0.710  0.880  0.463  0.595 309
0125  0.585  0.686  0.851  0.446  0.574 308
0126  0.588  0.689  0.857  0.447  0.576 307
0127  0.599  0.704  0.881  0.454  0.586 303
0128  0.571  0.668  0.849  0.430  0.551 298
0129  0.575  0.673  0.872  0.429  0.548 289
0130  0.555  0.644  0.852  0.412  0.518 284
0131  0.535  0.619  0.829  0.395  0.494 280
0132  0.542  0.627  0.826  0.403  0.506 287
0133  0.555  0.648  0.836  0.415  0.529 292
0134  0.538  0.630  0.830  0.398  0.508 282
0135  0.534  0.624  0.834  0.393  0.499 277
0136  0.529  0.620  0.832  0.388  0.494 274
0137  0.511  0.601  0.837  0.367  0.468 258
0138  0.512  0.596  0.812  0.374  0.471 271
0139  0.488  0.576  0.788  0.354  0.454 264
0140  0.508  0.602  0.821  0.367  0.475 263
0141  0.485  0.570  0.770  0.354  0.452 270
0142  0.481  0.560  0.802  0.344  0.431 252
0143  0.481  0.568  0.810  0.342  0.438 248
0144  0.492  0.580  0.789  0.357  0.459 266
0145  0.460  0.543  0.758  0.330  0.424 256
0146  0.501  0.586  0.819  0.361  0.456 259
0147  0.490  0.583  0.823  0.349  0.452 249
0148  0.452  0.525  0.754  0.323  0.402 252
0149  0.456  0.537  0.772  0.323  0.412 246
0150  0.457  0.539  0.773  0.325  0.414 247
0151  0.456  0.538  0.767  0.325  0.414 249
0152  0.460  0.535  0.789  0.325  0.405 242
0153  0.485  0.568  0.795  0.349  0.442 258
0154  0.478  0.559  0.812  0.338  0.426 245
0155  0.469  0.550  0.790  0.333  0.421 248
0156  0.483  0.565  0.788  0.349  0.440 260
0157  0.463  0.548  0.760  0.333  0.428 258
0158  0.490  0.576  0.789  0.355  0.454 265
0159  0.479  0.558  0.792  0.344  0.431 255
0160  0.491  0.573  0.830  0.349  0.438 247
0161  0.479  0.560  0.784  0.345  0.435 259
0162  0.473  0.563  0.795  0.337  0.435 249
0163  0.505  0.596  0.826  0.364  0.466 259
0164  0.496  0.577  0.820  0.355  0.445 255
0165  0.501  0.584  0.796  0.366  0.461 270
0166  0.513  0.589  0.801  0.378  0.466 277
0167  0.551  0.641  0.868  0.403  0.508 273
0168  0.535  0.625  0.837  0.393  0.499 276
0169  0.550  0.638  0.851  0.406  0.511 281
0170  0.553  0.642  0.852  0.410  0.515 283
0171  0.563  0.641  0.846  0.422  0.515 293
0172  0.578  0.672  0.867  0.434  0.548 294
0173  0.588  0.680  0.870  0.444  0.558 300
0174  0.606  0.698  0.872  0.464  0.581 313
0175  0.612  0.705  0.869  0.473  0.593 320
0176  0.614  0.711  0.887  0.469  0.593 311
0177  0.608  0.693  0.881  0.464  0.572 310
0178  0.624  0.714  0.903  0.476  0.591 310
0179  0.651  0.746  0.914  0.505  0.631 325
0180  0.661  0.748  0.916  0.517  0.633 332
0181  0.643  0.720  0.889  0.503  0.605 333
0182  0.670  0.745  0.910  0.531  0.631 343
0183  0.684  0.760  0.930  0.541  0.642 342
0184  0.694  0.757  0.936  0.551  0.635 346
0185  0.716  0.786  0.934  0.580  0.678 365
0186  0.705  0.776  0.938  0.565  0.661 354
0187  0.732  0.795  0.939  0.600  0.689 376
0188  0.726  0.795  0.953  0.587  0.682 362
0189  0.737  0.795  0.942  0.605  0.687 378
0190  0.739  0.799  0.947  0.605  0.692 376
0191  0.755  0.818  0.961  0.622  0.713 381
0192  0.781  0.829  0.967  0.655  0.725 398
0193  0.784  0.841  0.980  0.653  0.736 392
0194  0.826  0.881  0.977  0.716  0.802 431
0195  0.813  0.862  0.972  0.699  0.774 423
0196  0.822  0.868  0.972  0.713  0.784 431
0197  0.836  0.869  0.973  0.733  0.786 443
0198  0.841  0.876  0.986  0.733  0.788 437
0199  0.846  0.879  0.980  0.745  0.798 447
