# File: carpet/move_in Algorithm = FH-BRIEF  skip 4 tolerance = 5.0
# (time tick) ( F ) ( F all inside) (precision) (recall) (recall all inside) (tracks)
0004  0.862  0.862  0.987  0.766  0.766 527
0008  0.853  0.854  0.986  0.751  0.752 517
0012  0.843  0.850  0.984  0.738  0.748 509
0016  0.837  0.851  0.980  0.730  0.752 506
0020  0.798  0.819  0.977  0.675  0.706 469
0024  0.809  0.834  0.981  0.688  0.725 476
0028  0.786  0.814  0.980  0.655  0.695 454
0032  0.776  0.808  0.973  0.645  0.691 450
0036  0.774  0.808  0.986  0.636  0.685 438
0040  0.743  0.781  0.969  0.602  0.654 422
0044  0.727  0.768  0.961  0.585  0.639 413
0048  0.672  0.713  0.932  0.526  0.577 383
0052  0.648  0.694  0.916  0.501  0.559 371
0056  0.656  0.711  0.937  0.505  0.573 366
0060  0.630  0.696  0.899  0.485  0.567 366
0064  0.612  0.686  0.920  0.458  0.547 338
0068  0.597  0.679  0.902  0.446  0.544 336
0072  0.588  0.678  0.902  0.436  0.544 328
0076  0.562  0.658  0.868  0.415  0.530 325
0080  0.552  0.652  0.881  0.402  0.518 310
0084  0.534  0.638  0.852  0.389  0.510 310
0088  0.538  0.654  0.838  0.396  0.536 321
0092  0.525  0.651  0.844  0.381  0.530 307
0096  0.534  0.673  0.865  0.386  0.550 303
0100  0.508  0.657  0.843  0.364  0.538 293
0104  0.500  0.650  0.814  0.361  0.541 301
0108  0.495  0.670  0.853  0.349  0.552 278
0112  0.448  0.618  0.786  0.314  0.510 271
0116  0.428  0.605  0.770  0.296  0.498 261
0120  0.406  0.596  0.770  0.275  0.486 243
0124  0.375  0.570  0.699  0.256  0.482 249
0128  0.354  0.561  0.726  0.234  0.457 219
0132  0.331  0.544  0.700  0.216  0.445 210
0136  0.297  0.508  0.649  0.193  0.417 202
0140  0.310  0.537  0.668  0.202  0.449 205
0144  0.302  0.526  0.655  0.196  0.439 203
0148  0.283  0.502  0.613  0.184  0.425 204
0152  0.284  0.520  0.625  0.184  0.445 200
0156  0.276  0.530  0.647  0.175  0.449 184
0160  0.277  0.544  0.624  0.178  0.482 194
0164  0.269  0.554  0.634  0.171  0.492 183
0168  0.259  0.537  0.599  0.165  0.487 187
0172  0.234  0.508  0.589  0.146  0.446 168
0176  0.231  0.523  0.599  0.143  0.464 162
0180  0.216  0.507  0.535  0.135  0.482 172
0184  0.183  0.448  0.478  0.113  0.421 161
0188  0.166  0.408  0.427  0.103  0.391 164
0192  0.138  0.358  0.383  0.084  0.337 149
0196  0.124  0.340  0.362  0.075  0.321 141
0200  0.131  0.370  0.370  0.080  0.370 146
0204  0.130  0.376  0.355  0.080  0.400 152
0208  0.134  0.406  0.387  0.081  0.426 142
0212  0.123  0.385  0.368  0.074  0.403 136
0216  0.109  0.370  0.352  0.065  0.389 125
0220  0.118  0.390  0.348  0.071  0.444 138
0224  0.102  0.358  0.323  0.060  0.402 127
0228  0.089  0.321  0.279  0.053  0.379 129
0232  0.073  0.287  0.261  0.043  0.319 111
0236  0.071  0.283  0.252  0.041  0.322 111
0240  0.051  0.212  0.190  0.029  0.238 105
