# File: carpet/move_out Algorithm = FH-BRIEF  skip 1 tolerance = 5.0
# (time tick) ( F ) ( F all inside) (precision) (recall) (recall all inside) (tracks)
0001  0.869  0.869  0.984  0.778  0.778 448
0002  0.850  0.850  0.971  0.757  0.757 442
0003  0.847  0.847  0.977  0.748  0.748 434
0004  0.848  0.848  0.973  0.751  0.751 438
0005  0.816  0.816  0.962  0.709  0.709 418
0006  0.820  0.820  0.971  0.709  0.709 414
0007  0.812  0.812  0.966  0.700  0.700 411
0008  0.802  0.802  0.958  0.690  0.690 408
0009  0.790  0.790  0.955  0.674  0.674 400
0010  0.780  0.780  0.943  0.665  0.665 400
0011  0.780  0.780  0.954  0.660  0.660 392
0012  0.741  0.741  0.935  0.614  0.614 372
0013  0.747  0.747  0.948  0.616  0.616 368
0014  0.737  0.737  0.955  0.600  0.600 356
0015  0.711  0.711  0.939  0.571  0.571 345
0016  0.677  0.677  0.935  0.531  0.531 322
0017  0.676  0.676  0.926  0.533  0.533 326
0018  0.640  0.640  0.893  0.499  0.499 317
0019  0.641  0.641  0.921  0.492  0.492 303
0020  0.627  0.627  0.907  0.480  0.480 300
0021  0.620  0.620  0.877  0.480  0.480 310
0022  0.627  0.627  0.909  0.478  0.478 298
0023  0.618  0.618  0.899  0.471  0.471 297
0024  0.590  0.590  0.905  0.437  0.437 274
0025  0.580  0.580  0.875  0.434  0.434 281
0026  0.585  0.585  0.883  0.437  0.437 281
0027  0.587  0.587  0.898  0.436  0.436 275
0028  0.560  0.560  0.879  0.411  0.411 265
0029  0.583  0.583  0.904  0.430  0.430 270
0030  0.550  0.550  0.880  0.400  0.400 258
0031  0.545  0.545  0.853  0.400  0.400 266
0032  0.558  0.558  0.895  0.406  0.406 257
0033  0.541  0.541  0.864  0.393  0.393 258
0034  0.538  0.538  0.845  0.395  0.395 265
0035  0.533  0.533  0.875  0.383  0.383 248
0036  0.547  0.547  0.882  0.397  0.397 255
0037  0.529  0.529  0.864  0.381  0.381 250
0038  0.518  0.518  0.854  0.372  0.372 247
0039  0.495  0.495  0.840  0.351  0.351 237
0040  0.516  0.516  0.850  0.370  0.370 247
0041  0.519  0.519  0.858  0.372  0.372 246
0042  0.522  0.522  0.865  0.374  0.374 245
0043  0.510  0.510  0.855  0.363  0.363 241
0044  0.514  0.514  0.866  0.365  0.365 239
0045  0.519  0.519  0.878  0.369  0.369 238
0046  0.493  0.493  0.849  0.347  0.347 232
0047  0.504  0.504  0.853  0.358  0.358 238
0048  0.498  0.498  0.858  0.351  0.351 232
0049  0.496  0.496  0.879  0.346  0.346 223
0050  0.489  0.489  0.865  0.340  0.340 223
0051  0.475  0.475  0.839  0.332  0.332 224
0052  0.497  0.497  0.872  0.347  0.347 226
0053  0.456  0.456  0.859  0.310  0.310 205
0054  0.479  0.479  0.874  0.330  0.330 214
0055  0.450  0.450  0.795  0.314  0.314 224
0056  0.462  0.462  0.838  0.319  0.319 216
0057  0.450  0.450  0.815  0.310  0.310 216
0058  0.465  0.465  0.870  0.317  0.317 207
0059  0.443  0.443  0.823  0.303  0.303 209
0060  0.435  0.435  0.816  0.296  0.296 206
0061  0.452  0.452  0.830  0.310  0.310 212
0062  0.408  0.408  0.792  0.275  0.275 197
0063  0.415  0.415  0.826  0.277  0.277 190
0064  0.408  0.408  0.788  0.275  0.275 198
0065  0.405  0.405  0.779  0.273  0.273 199
0066  0.402  0.402  0.774  0.272  0.272 199
0067  0.413  0.413  0.813  0.277  0.277 193
0068  0.414  0.414  0.806  0.279  0.279 196
0069  0.396  0.396  0.785  0.265  0.265 191
0070  0.390  0.390  0.807  0.257  0.257 181
0071  0.378  0.378  0.753  0.252  0.252 190
0072  0.357  0.357  0.728  0.236  0.236 184
0073  0.387  0.387  0.781  0.257  0.257 187
0074  0.387  0.387  0.777  0.257  0.257 188
0075  0.375  0.375  0.758  0.249  0.249 186
0076  0.340  0.340  0.724  0.222  0.222 174
0077  0.362  0.362  0.758  0.238  0.238 178
0078  0.347  0.347  0.733  0.228  0.228 176
0079  0.320  0.320  0.694  0.208  0.208 170
0080  0.328  0.328  0.689  0.215  0.215 177
0081  0.325  0.325  0.717  0.210  0.210 166
0082  0.322  0.322  0.674  0.212  0.212 178
0083  0.305  0.305  0.671  0.198  0.198 167
0084  0.323  0.323  0.700  0.210  0.210 170
0085  0.307  0.307  0.712  0.196  0.196 156
0086  0.344  0.344  0.705  0.228  0.228 183
0087  0.318  0.318  0.732  0.203  0.203 157
0088  0.310  0.310  0.693  0.199  0.199 163
0089  0.290  0.290  0.650  0.187  0.187 163
0090  0.289  0.289  0.656  0.185  0.185 160
0091  0.296  0.296  0.663  0.190  0.190 163
0092  0.297  0.297  0.671  0.190  0.190 161
0093  0.296  0.296  0.663  0.190  0.190 163
0094  0.305  0.305  0.685  0.196  0.196 162
0095  0.319  0.319  0.669  0.210  0.210 178
0096  0.301  0.301  0.671  0.194  0.194 164
0097  0.301  0.301  0.675  0.194  0.194 163
0098  0.290  0.290  0.650  0.187  0.187 163
0099  0.300  0.300  0.686  0.192  0.192 159
0100  0.299  0.299  0.677  0.192  0.192 161
0101  0.298  0.298  0.679  0.190  0.190 159
0102  0.289  0.289  0.660  0.185  0.185 159
0103  0.281  0.281  0.638  0.180  0.180 160
0104  0.290  0.290  0.650  0.187  0.187 163
0105  0.307  0.307  0.691  0.198  0.198 162
0106  0.279  0.279  0.667  0.176  0.176 150
0107  0.293  0.293  0.656  0.189  0.189 163
0108  0.285  0.285  0.656  0.182  0.182 157
0109  0.280  0.280  0.680  0.176  0.176 147
0110  0.294  0.294  0.669  0.189  0.189 160
0111  0.261  0.261  0.614  0.166  0.166 153
0112  0.289  0.289  0.680  0.183  0.183 153
0113  0.274  0.274  0.658  0.173  0.173 149
0114  0.288  0.288  0.667  0.183  0.183 156
0115  0.293  0.293  0.700  0.185  0.185 150
0116  0.291  0.291  0.658  0.187  0.187 161
0117  0.270  0.270  0.638  0.171  0.171 152
0118  0.243  0.243  0.588  0.153  0.153 148
0119  0.267  0.267  0.660  0.168  0.168 144
0120  0.239  0.239  0.566  0.152  0.152 152
0121  0.246  0.246  0.599  0.155  0.155 147
0122  0.243  0.243  0.614  0.152  0.152 140
0123  0.258  0.258  0.634  0.162  0.162 145
0124  0.220  0.220  0.575  0.136  0.136 134
0125  0.193  0.193  0.496  0.120  0.120 137
0126  0.216  0.216  0.591  0.132  0.132 127
0127  0.215  0.215  0.577  0.132  0.132 130
0128  0.226  0.226  0.567  0.141  0.141 141
0129  0.179  0.179  0.460  0.111  0.111 137
0130  0.184  0.184  0.504  0.113  0.113 127
0131  0.187  0.187  0.504  0.115  0.115 129
0132  0.185  0.185  0.508  0.113  0.113 126
0133  0.171  0.171  0.480  0.104  0.104 123
0134  0.178  0.178  0.508  0.108  0.108 120
0135  0.160  0.160  0.462  0.097  0.097 119
0136  0.167  0.167  0.491  0.101  0.101 116
0137  0.159  0.159  0.447  0.097  0.097 123
0138  0.164  0.164  0.475  0.099  0.099 118
0139  0.148  0.148  0.425  0.090  0.090 120
0140  0.175  0.175  0.508  0.106  0.106 118
0141  0.158  0.158  0.470  0.095  0.095 115
0142  0.139  0.139  0.435  0.083  0.083 108
0143  0.147  0.147  0.435  0.088  0.088 115
0144  0.151  0.151  0.472  0.090  0.090 108
0145  0.147  0.147  0.450  0.088  0.088 111
0146  0.150  0.150  0.447  0.090  0.090 114
0147  0.150  0.150  0.455  0.090  0.090 112
0148  0.151  0.151  0.472  0.090  0.090 108
0149  0.143  0.143  0.457  0.085  0.085 105
0150  0.143  0.143  0.408  0.086  0.086 120
0151  0.130  0.130  0.407  0.078  0.078 108
0152  0.124  0.124  0.389  0.074  0.074 108
0153  0.130  0.130  0.363  0.079  0.079 124
0154  0.124  0.124  0.347  0.076  0.076 124
0155  0.127  0.127  0.391  0.076  0.076 110
0156  0.118  0.118  0.357  0.071  0.071 112
0157  0.117  0.117  0.351  0.071  0.071 114
0158  0.126  0.126  0.412  0.074  0.074 102
0159  0.104  0.104  0.333  0.062  0.062 105
0160  0.107  0.107  0.343  0.063  0.063 105
0161  0.116  0.116  0.368  0.069  0.069 106
0162  0.097  0.097  0.295  0.058  0.058 112
0163  0.103  0.103  0.313  0.062  0.062 112
0164  0.108  0.108  0.306  0.065  0.065 121
0165  0.107  0.107  0.336  0.063  0.063 107
0166  0.097  0.097  0.289  0.058  0.058 114
0167  0.104  0.104  0.327  0.062  0.062 107
0168  0.109  0.109  0.330  0.065  0.065 112
0169  0.084  0.084  0.275  0.049  0.049 102
0170  0.105  0.105  0.308  0.063  0.063 117
0171  0.095  0.095  0.305  0.056  0.056 105
0172  0.086  0.086  0.279  0.051  0.051 104
0173  0.093  0.093  0.313  0.055  0.055 99
0174  0.084  0.084  0.283  0.049  0.049 99
0175  0.080  0.080  0.255  0.048  0.048 106
0176  0.084  0.084  0.283  0.049  0.049 99
0177  0.077  0.077  0.234  0.046  0.046 111
0178  0.074  0.074  0.238  0.044  0.044 105
0179  0.072  0.072  0.240  0.042  0.042 100
0180  0.076  0.076  0.275  0.044  0.044 91
0181  0.066  0.066  0.218  0.039  0.039 101
0182  0.072  0.072  0.247  0.042  0.042 97
0183  0.066  0.066  0.218  0.039  0.039 101
0184  0.066  0.066  0.222  0.039  0.039 99
0185  0.064  0.064  0.233  0.037  0.037 90
0186  0.063  0.063  0.219  0.037  0.037 96
0187  0.057  0.057  0.194  0.034  0.034 98
0188  0.067  0.067  0.242  0.039  0.039 91
0189  0.063  0.063  0.216  0.037  0.037 97
0190  0.069  0.069  0.242  0.041  0.041 95
0191  0.063  0.063  0.212  0.037  0.037 99
0192  0.067  0.067  0.244  0.039  0.039 90
0193  0.064  0.064  0.228  0.037  0.037 92
0194  0.061  0.061  0.227  0.035  0.035 88
0195  0.060  0.060  0.200  0.035  0.035 100
0196  0.063  0.063  0.202  0.037  0.037 104
0197  0.064  0.064  0.223  0.037  0.037 94
0198  0.058  0.058  0.211  0.034  0.034 90
0199  0.061  0.061  0.217  0.035  0.035 92
0200  0.060  0.060  0.198  0.035  0.035 101
0201  0.058  0.058  0.209  0.034  0.034 91
0202  0.054  0.054  0.180  0.032  0.032 100
0203  0.070  0.070  0.253  0.041  0.041 91
0204  0.051  0.051  0.177  0.030  0.030 96
0205  0.060  0.060  0.208  0.035  0.035 96
0206  0.045  0.045  0.158  0.026  0.026 95
0207  0.054  0.054  0.184  0.032  0.032 98
0208  0.051  0.051  0.175  0.030  0.030 97
0209  0.057  0.057  0.190  0.034  0.034 100
0210  0.054  0.054  0.176  0.032  0.032 102
0211  0.073  0.073  0.267  0.042  0.042 90
0212  0.057  0.057  0.183  0.034  0.034 104
0213  0.057  0.057  0.183  0.034  0.034 104
0214  0.062  0.062  0.183  0.037  0.037 115
0215  0.060  0.060  0.198  0.035  0.035 101
0216  0.057  0.057  0.181  0.034  0.034 105
0217  0.054  0.054  0.184  0.032  0.032 98
0218  0.054  0.054  0.175  0.032  0.032 103
0219  0.055  0.055  0.200  0.032  0.032 90
0220  0.063  0.063  0.214  0.037  0.037 98
0221  0.054  0.054  0.180  0.032  0.032 100
0222  0.067  0.067  0.234  0.039  0.039 94
0223  0.054  0.054  0.178  0.032  0.032 101
0224  0.065  0.065  0.206  0.039  0.039 107
0225  0.045  0.045  0.146  0.026  0.026 103
0226  0.054  0.054  0.184  0.032  0.032 98
0227  0.056  0.056  0.178  0.034  0.034 107
0228  0.054  0.054  0.180  0.032  0.032 100
0229  0.060  0.060  0.198  0.035  0.035 101
0230  0.056  0.056  0.178  0.034  0.034 107
