# File: carpet/move_in Algorithm = FH-BRIEF  skip 8 tolerance = 5.0
# (time tick) ( F ) ( F all inside) (precision) (recall) (recall all inside) (tracks)
0008  0.853  0.854  0.986  0.751  0.752 517
0016  0.837  0.851  0.980  0.730  0.752 506
0024  0.809  0.834  0.981  0.688  0.725 476
0032  0.776  0.808  0.973  0.645  0.691 450
0040  0.743  0.781  0.969  0.602  0.654 422
0048  0.672  0.713  0.932  0.526  0.577 383
0056  0.656  0.711  0.937  0.505  0.573 366
0064  0.612  0.686  0.920  0.458  0.547 338
0072  0.588  0.678  0.902  0.436  0.544 328
0080  0.552  0.652  0.881  0.402  0.518 310
0088  0.538  0.654  0.838  0.396  0.536 321
0096  0.534  0.673  0.865  0.386  0.550 303
0104  0.500  0.650  0.814  0.361  0.541 301
0112  0.448  0.618  0.786  0.314  0.510 271
0120  0.406  0.596  0.770  0.275  0.486 243
0128  0.354  0.560  0.726  0.234  0.456 219
0136  0.297  0.507  0.649  0.193  0.416 202
0144  0.302  0.526  0.655  0.196  0.439 203
0152  0.284  0.520  0.625  0.184  0.445 200
0160  0.277  0.544  0.624  0.178  0.482 194
0168  0.259  0.537  0.599  0.165  0.487 187
0176  0.231  0.523  0.599  0.143  0.464 162
0184  0.183  0.448  0.478  0.113  0.421 161
0192  0.138  0.358  0.383  0.084  0.337 149
0200  0.131  0.370  0.370  0.080  0.370 146
0208  0.134  0.404  0.387  0.081  0.423 142
0216  0.109  0.370  0.352  0.065  0.389 125
0224  0.102  0.358  0.323  0.060  0.402 127
0232  0.073  0.287  0.261  0.043  0.319 111
0240  0.051  0.213  0.192  0.029  0.238 104
