# File: carpet/move_in Algorithm = FH-BRIEF  skip 1 tolerance = 5.0
# (time tick) ( F ) ( F all inside) (precision) (recall) (recall all inside) (tracks)
0001  0.897  0.897  0.995  0.817  0.817 558
0002  0.875  0.875  0.993  0.782  0.782 535
0003  0.877  0.877  0.993  0.785  0.785 537
0004  0.862  0.862  0.987  0.766  0.766 527
0005  0.867  0.867  0.991  0.770  0.770 528
0006  0.871  0.872  0.991  0.778  0.779 533
0007  0.858  0.858  0.994  0.754  0.755 515
0008  0.853  0.854  0.986  0.751  0.752 517
0009  0.854  0.856  0.992  0.750  0.753 513
0010  0.865  0.868  0.994  0.766  0.770 523
0011  0.848  0.852  0.994  0.739  0.745 505
0012  0.843  0.850  0.984  0.738  0.748 509
0013  0.837  0.845  0.992  0.725  0.735 496
0014  0.845  0.853  0.990  0.736  0.749 505
0015  0.830  0.841  0.984  0.717  0.735 495
0016  0.837  0.851  0.980  0.730  0.752 506
0017  0.818  0.832  0.990  0.697  0.718 478
0018  0.819  0.835  0.992  0.698  0.721 478
0019  0.809  0.828  0.979  0.689  0.718 478
0020  0.798  0.819  0.977  0.675  0.706 469
0021  0.801  0.825  0.981  0.677  0.712 469
0022  0.791  0.816  0.972  0.667  0.703 466
0023  0.784  0.809  0.980  0.654  0.689 453
0024  0.809  0.834  0.981  0.688  0.725 476
0025  0.796  0.822  0.981  0.670  0.708 464
0026  0.786  0.814  0.976  0.658  0.698 458
0027  0.773  0.800  0.973  0.641  0.680 447
0028  0.786  0.814  0.980  0.655  0.695 454
0029  0.771  0.801  0.963  0.644  0.686 454
0030  0.773  0.804  0.975  0.641  0.684 446
0031  0.770  0.802  0.977  0.635  0.680 441
0032  0.776  0.808  0.973  0.645  0.691 450
0033  0.770  0.801  0.954  0.645  0.691 459
0034  0.763  0.795  0.977  0.626  0.670 435
0035  0.754  0.786  0.979  0.613  0.657 425
0036  0.774  0.808  0.986  0.636  0.685 438
0037  0.763  0.800  0.975  0.627  0.678 437
0038  0.751  0.789  0.963  0.616  0.668 434
0039  0.761  0.800  0.970  0.626  0.680 438
0040  0.743  0.781  0.969  0.602  0.654 422
0041  0.734  0.772  0.964  0.592  0.644 417
0042  0.733  0.775  0.976  0.588  0.643 409
0043  0.710  0.750  0.948  0.567  0.620 406
0044  0.727  0.768  0.961  0.585  0.639 413
0045  0.718  0.759  0.958  0.574  0.628 407
0046  0.709  0.749  0.946  0.567  0.620 407
0047  0.689  0.729  0.937  0.545  0.597 395
0048  0.672  0.713  0.932  0.526  0.577 383
0049  0.667  0.708  0.936  0.518  0.569 376
0050  0.657  0.700  0.916  0.513  0.567 380
0051  0.653  0.698  0.913  0.508  0.566 378
0052  0.648  0.694  0.916  0.501  0.559 371
0053  0.653  0.706  0.929  0.504  0.569 368
0054  0.657  0.709  0.916  0.513  0.578 380
0055  0.651  0.704  0.924  0.502  0.569 369
0056  0.656  0.711  0.937  0.505  0.573 366
0057  0.632  0.686  0.904  0.486  0.553 365
0058  0.625  0.685  0.908  0.477  0.550 357
0059  0.635  0.700  0.919  0.485  0.565 358
0060  0.630  0.696  0.899  0.485  0.567 366
0061  0.628  0.693  0.894  0.485  0.566 368
0062  0.604  0.672  0.896  0.455  0.537 345
0063  0.624  0.694  0.922  0.471  0.557 347
0064  0.612  0.686  0.920  0.458  0.547 338
0065  0.602  0.681  0.908  0.451  0.545 337
0066  0.610  0.685  0.897  0.462  0.555 350
0067  0.604  0.686  0.921  0.449  0.546 331
0068  0.597  0.679  0.902  0.446  0.544 336
0069  0.595  0.676  0.891  0.446  0.545 340
0070  0.578  0.661  0.887  0.429  0.527 328
0071  0.573  0.659  0.876  0.426  0.529 330
0072  0.588  0.678  0.902  0.436  0.544 328
0073  0.580  0.668  0.870  0.434  0.542 339
0074  0.588  0.687  0.916  0.433  0.550 321
0075  0.578  0.677  0.887  0.429  0.547 328
0076  0.562  0.658  0.868  0.415  0.530 325
0077  0.570  0.671  0.896  0.418  0.537 317
0078  0.559  0.659  0.896  0.406  0.522 308
0079  0.564  0.666  0.892  0.412  0.531 314
0080  0.552  0.652  0.881  0.402  0.518 310
0081  0.565  0.668  0.884  0.415  0.537 319
0082  0.577  0.682  0.900  0.424  0.550 320
0083  0.546  0.652  0.887  0.395  0.515 302
0084  0.534  0.638  0.852  0.389  0.511 310
0085  0.549  0.657  0.859  0.404  0.532 319
0086  0.556  0.670  0.866  0.409  0.546 321
0087  0.530  0.643  0.840  0.387  0.521 313
0088  0.538  0.654  0.838  0.396  0.536 321
0089  0.552  0.675  0.875  0.404  0.549 313
0090  0.537  0.659  0.855  0.392  0.536 311
0091  0.549  0.676  0.872  0.401  0.552 312
0092  0.525  0.651  0.844  0.381  0.530 307
0093  0.531  0.661  0.864  0.383  0.535 301
0094  0.530  0.661  0.861  0.383  0.536 302
0095  0.530  0.663  0.861  0.383  0.539 302
0096  0.534  0.673  0.865  0.386  0.550 303
0097  0.524  0.665  0.859  0.377  0.542 298
0098  0.517  0.662  0.843  0.373  0.545 300
0099  0.519  0.669  0.849  0.374  0.552 299
0100  0.508  0.658  0.843  0.364  0.539 293
0101  0.505  0.654  0.831  0.362  0.539 296
0102  0.506  0.659  0.856  0.359  0.535 285
0103  0.494  0.642  0.830  0.352  0.524 288
0104  0.500  0.650  0.814  0.361  0.541 301
0105  0.506  0.665  0.840  0.362  0.550 293
0106  0.492  0.651  0.835  0.349  0.534 284
0107  0.496  0.662  0.833  0.353  0.549 288
0108  0.495  0.670  0.853  0.349  0.552 278
0109  0.489  0.660  0.830  0.346  0.548 283
0110  0.469  0.636  0.804  0.331  0.526 280
0111  0.467  0.637  0.789  0.331  0.534 285
0112  0.448  0.618  0.786  0.314  0.510 271
0113  0.456  0.628  0.784  0.321  0.524 278
0114  0.444  0.620  0.771  0.312  0.518 275
0115  0.428  0.597  0.735  0.302  0.502 279
0116  0.428  0.605  0.770  0.296  0.498 261
0117  0.415  0.597  0.766  0.284  0.489 252
0118  0.416  0.598  0.753  0.287  0.496 259
0119  0.394  0.571  0.729  0.270  0.469 251
0120  0.406  0.596  0.770  0.275  0.486 243
0121  0.382  0.569  0.738  0.258  0.463 237
0122  0.397  0.594  0.750  0.270  0.492 244
0123  0.372  0.569  0.726  0.250  0.467 234
0124  0.375  0.570  0.699  0.256  0.482 249
0125  0.358  0.559  0.729  0.237  0.454 221
0126  0.352  0.549  0.685  0.237  0.457 235
0127  0.357  0.564  0.725  0.237  0.461 222
0128  0.354  0.561  0.726  0.234  0.457 219
0129  0.337  0.536  0.696  0.222  0.436 217
0130  0.341  0.543  0.684  0.227  0.450 225
0131  0.335  0.547  0.710  0.219  0.445 210
0132  0.331  0.544  0.700  0.216  0.445 210
0133  0.318  0.524  0.664  0.209  0.433 214
0134  0.324  0.537  0.668  0.214  0.449 217
0135  0.324  0.548  0.686  0.212  0.456 210
0136  0.297  0.508  0.649  0.193  0.417 202
0137  0.322  0.550  0.684  0.211  0.460 209
0138  0.307  0.526  0.643  0.202  0.445 213
0139  0.316  0.542  0.662  0.208  0.459 213
0140  0.310  0.537  0.668  0.202  0.449 205
0141  0.304  0.529  0.663  0.197  0.439 202
0142  0.300  0.520  0.639  0.196  0.438 208
0143  0.313  0.544  0.668  0.205  0.459 208
0144  0.302  0.526  0.655  0.196  0.439 203
0145  0.303  0.529  0.654  0.197  0.444 205
0146  0.291  0.510  0.617  0.190  0.434 209
0147  0.293  0.518  0.639  0.190  0.436 202
0148  0.283  0.502  0.613  0.184  0.425 204
0149  0.282  0.500  0.598  0.184  0.430 209
0150  0.284  0.510  0.622  0.184  0.433 201
0151  0.285  0.520  0.631  0.184  0.442 198
0152  0.284  0.520  0.625  0.184  0.445 200
0153  0.261  0.486  0.604  0.166  0.406 187
0154  0.277  0.521  0.645  0.177  0.436 186
0155  0.287  0.541  0.648  0.184  0.465 193
0156  0.276  0.530  0.647  0.175  0.449 184
0157  0.269  0.515  0.609  0.172  0.447 192
0158  0.284  0.552  0.642  0.183  0.484 193
0159  0.292  0.575  0.685  0.186  0.496 184
0160  0.277  0.544  0.624  0.178  0.482 194
0161  0.250  0.497  0.562  0.161  0.445 194
0162  0.265  0.531  0.605  0.169  0.473 190
0163  0.273  0.554  0.634  0.174  0.492 186
0164  0.269  0.554  0.634  0.171  0.492 183
0165  0.263  0.537  0.593  0.169  0.491 194
0166  0.257  0.537  0.621  0.162  0.472 177
0167  0.251  0.524  0.600  0.159  0.466 180
0168  0.259  0.537  0.599  0.165  0.487 187
0169  0.249  0.530  0.613  0.156  0.467 173
0170  0.247  0.526  0.596  0.156  0.471 178
0171  0.238  0.509  0.573  0.150  0.457 178
0172  0.234  0.508  0.589  0.146  0.446 168
0173  0.245  0.526  0.587  0.155  0.477 179
0174  0.240  0.530  0.593  0.150  0.479 172
0175  0.237  0.518  0.557  0.150  0.483 183
0176  0.231  0.523  0.599  0.143  0.464 162
0177  0.225  0.516  0.572  0.140  0.470 166
0178  0.229  0.523  0.554  0.144  0.495 177
0179  0.209  0.485  0.511  0.131  0.461 174
0180  0.216  0.507  0.535  0.135  0.482 172
0181  0.218  0.517  0.554  0.135  0.484 166
0182  0.194  0.470  0.519  0.119  0.429 156
0183  0.198  0.484  0.525  0.122  0.449 158
0184  0.183  0.448  0.478  0.113  0.421 161
0185  0.173  0.427  0.465  0.106  0.396 155
0186  0.184  0.456  0.490  0.113  0.425 157
0187  0.169  0.415  0.436  0.105  0.397 163
0188  0.166  0.409  0.427  0.103  0.393 164
0189  0.165  0.417  0.445  0.102  0.392 155
0190  0.152  0.387  0.417  0.093  0.360 151
0191  0.141  0.361  0.376  0.087  0.347 157
0192  0.138  0.358  0.383  0.084  0.337 149
0193  0.148  0.390  0.421  0.090  0.363 145
0194  0.128  0.342  0.363  0.078  0.323 146
0195  0.128  0.349  0.382  0.077  0.321 136
0196  0.124  0.340  0.362  0.075  0.321 141
0197  0.125  0.351  0.381  0.075  0.325 134
0198  0.128  0.362  0.385  0.077  0.342 135
0199  0.134  0.375  0.382  0.081  0.369 144
0200  0.131  0.370  0.370  0.080  0.370 146
0201  0.134  0.385  0.387  0.081  0.382 142
0202  0.113  0.332  0.338  0.068  0.326 136
0203  0.126  0.381  0.386  0.075  0.375 132
0204  0.130  0.376  0.355  0.080  0.400 152
0205  0.135  0.397  0.376  0.082  0.421 149
0206  0.126  0.385  0.383  0.075  0.386 133
0207  0.113  0.351  0.348  0.068  0.354 132
0208  0.134  0.406  0.387  0.081  0.426 142
0209  0.125  0.389  0.381  0.075  0.398 134
0210  0.117  0.378  0.379  0.069  0.376 124
0211  0.123  0.386  0.373  0.074  0.400 134
0212  0.123  0.385  0.368  0.074  0.403 136
0213  0.120  0.374  0.350  0.072  0.402 140
0214  0.125  0.402  0.370  0.075  0.440 138
0215  0.114  0.363  0.324  0.069  0.412 145
0216  0.109  0.370  0.352  0.065  0.389 125
0217  0.115  0.373  0.338  0.069  0.416 139
0218  0.123  0.412  0.379  0.074  0.450 132
0219  0.118  0.395  0.364  0.071  0.432 132
0220  0.118  0.390  0.348  0.071  0.444 138
0221  0.108  0.362  0.324  0.065  0.411 136
0222  0.120  0.407  0.363  0.072  0.462 135
0223  0.117  0.405  0.370  0.069  0.448 127
0224  0.102  0.358  0.323  0.060  0.402 127
0225  0.105  0.375  0.339  0.062  0.420 124
0226  0.107  0.384  0.344  0.063  0.434 125
0227  0.097  0.351  0.310  0.057  0.406 126
0228  0.089  0.321  0.279  0.053  0.379 129
0229  0.090  0.329  0.288  0.053  0.383 125
0230  0.069  0.250  0.215  0.041  0.298 130
0231  0.077  0.287  0.252  0.046  0.333 123
0232  0.073  0.287  0.261  0.043  0.319 111
0233  0.062  0.235  0.205  0.037  0.275 122
0234  0.070  0.269  0.237  0.041  0.311 118
0235  0.065  0.248  0.215  0.038  0.292 121
0236  0.071  0.283  0.252  0.041  0.322 111
0237  0.061  0.240  0.212  0.035  0.276 113
0238  0.054  0.222  0.206  0.031  0.241 102
0239  0.056  0.223  0.198  0.032  0.256 111
0240  0.051  0.213  0.192  0.029  0.238 104
