# File: carpet/rotate Algorithm = FH-BRIEF  skip 8 tolerance = 5.0
# (time tick) ( F ) ( F all inside) (precision) (recall) (recall all inside) (tracks)
0008  0.850  0.857  0.987  0.747  0.758 445
0016  0.767  0.786  0.957  0.639  0.667 393
0024  0.705  0.732  0.928  0.568  0.604 360
0032  0.636  0.670  0.877  0.498  0.542 334
0040  0.609  0.650  0.855  0.473  0.525 325
0048  0.538  0.592  0.830  0.398  0.461 282
0056  0.488  0.553  0.802  0.350  0.422 257
0064  0.483  0.554  0.794  0.347  0.425 257
0072  0.464  0.535  0.763  0.333  0.412 257
0080  0.485  0.558  0.789  0.350  0.431 261
0088  0.568  0.645  0.840  0.429  0.523 300
0096  0.644  0.727  0.882  0.507  0.619 338
0104  0.705  0.809  0.928  0.568  0.717 360
0112  0.688  0.794  0.915  0.551  0.702 354
0120  0.646  0.754  0.902  0.503  0.648 328
0128  0.571  0.664  0.849  0.430  0.545 298
0136  0.529  0.616  0.832  0.388  0.490 274
0144  0.492  0.578  0.789  0.357  0.456 266
0152  0.460  0.533  0.789  0.325  0.402 242
0160  0.491  0.570  0.830  0.349  0.435 247
0168  0.535  0.622  0.837  0.393  0.495 276
0176  0.614  0.710  0.887  0.469  0.591 311
0184  0.694  0.756  0.936  0.551  0.633 346
0192  0.782  0.830  0.967  0.656  0.727 399
