# File: carpet/skew Algorithm = FH-BRIEF  skip 8 tolerance = 5.0
# (time tick) ( F ) ( F all inside) (precision) (recall) (recall all inside) (tracks)
0008  0.867  0.867  0.979  0.778  0.778 523
0016  0.801  0.809  0.980  0.678  0.689 455
0024  0.743  0.768  0.948  0.611  0.645 424
0032  0.663  0.717  0.934  0.514  0.582 362
0040  0.607  0.689  0.914  0.454  0.553 327
0048  0.551  0.658  0.880  0.401  0.525 300
0056  0.528  0.656  0.841  0.384  0.538 301
0064  0.465  0.620  0.779  0.331  0.515 280
0072  0.429  0.633  0.755  0.299  0.546 261
0080  0.362  0.598  0.719  0.242  0.511 221
0088  0.300  0.523  0.606  0.199  0.460 216
0096  0.255  0.480  0.556  0.166  0.422 196
0104  0.200  0.406  0.462  0.128  0.362 182
0112  0.171  0.373  0.432  0.106  0.329 162
0120  0.140  0.335  0.370  0.087  0.306 154
0128  0.106  0.265  0.285  0.065  0.249 151
0136  0.083  0.216  0.243  0.050  0.194 136
0144  0.063  0.172  0.184  0.038  0.161 136
0152  0.051  0.146  0.156  0.030  0.137 128
0160  0.041  0.119  0.126  0.024  0.113 127
0168  0.020  0.060  0.060  0.012  0.059 133
0176  0.018  0.054  0.056  0.011  0.053 126
0184  0.016  0.050  0.054  0.009  0.046 112
0192  0.010  0.032  0.033  0.006  0.031 122
0200  0.005  0.018  0.019  0.003  0.017 104
0208  0.008  0.025  0.024  0.005  0.025 125
