# File: carpet/skew Algorithm = FH-BRIEF  skip 4 tolerance = 5.0
# (time tick) ( F ) ( F all inside) (precision) (recall) (recall all inside) (tracks)
0004  0.883  0.883  0.981  0.802  0.802 538
0008  0.867  0.867  0.979  0.778  0.778 523
0012  0.838  0.842  0.986  0.729  0.735 487
0016  0.801  0.809  0.980  0.678  0.689 455
0020  0.777  0.789  0.966  0.650  0.667 443
0024  0.743  0.768  0.948  0.611  0.645 424
0028  0.704  0.747  0.946  0.561  0.617 390
0032  0.663  0.717  0.934  0.514  0.582 362
0036  0.644  0.715  0.916  0.497  0.586 357
0040  0.607  0.689  0.914  0.454  0.553 327
0044  0.559  0.650  0.863  0.413  0.521 315
0048  0.551  0.658  0.880  0.401  0.525 300
0052  0.530  0.646  0.847  0.386  0.523 300
0056  0.528  0.656  0.841  0.384  0.538 301
0060  0.510  0.648  0.811  0.372  0.540 302
0064  0.465  0.620  0.779  0.331  0.515 280
0068  0.462  0.637  0.804  0.324  0.527 265
0072  0.429  0.633  0.755  0.299  0.546 261
0076  0.373  0.586  0.705  0.254  0.502 237
0080  0.362  0.598  0.719  0.242  0.511 221
0084  0.334  0.565  0.673  0.222  0.487 217
0088  0.300  0.523  0.606  0.199  0.460 216
0092  0.269  0.500  0.600  0.173  0.429 190
0096  0.255  0.480  0.556  0.166  0.422 196
0100  0.225  0.442  0.514  0.144  0.388 185
0104  0.200  0.407  0.462  0.128  0.364 182
0108  0.194  0.404  0.458  0.123  0.362 177
0112  0.171  0.373  0.432  0.106  0.329 162
0116  0.148  0.330  0.361  0.093  0.303 169
0120  0.140  0.336  0.370  0.087  0.308 154
0124  0.121  0.297  0.320  0.074  0.277 153
0128  0.106  0.266  0.285  0.065  0.250 151
0132  0.094  0.239  0.255  0.058  0.225 149
0136  0.083  0.218  0.243  0.050  0.198 136
0140  0.081  0.220  0.248  0.049  0.198 129
0144  0.063  0.172  0.184  0.038  0.162 136
0148  0.064  0.183  0.205  0.038  0.166 122
0152  0.051  0.146  0.156  0.030  0.137 128
0156  0.046  0.136  0.150  0.027  0.125 120
0160  0.041  0.119  0.126  0.024  0.113 127
0164  0.039  0.120  0.135  0.023  0.109 111
0168  0.020  0.060  0.060  0.012  0.059 133
0172  0.026  0.079  0.084  0.015  0.075 119
0176  0.018  0.054  0.056  0.011  0.053 126
0180  0.013  0.041  0.043  0.008  0.039 116
0184  0.016  0.050  0.054  0.009  0.047 112
0188  0.010  0.033  0.035  0.006  0.031 113
0192  0.010  0.032  0.033  0.006  0.031 122
0196  0.010  0.032  0.032  0.006  0.033 126
0200  0.005  0.018  0.019  0.003  0.017 104
0204  0.008  0.024  0.023  0.005  0.025 128
0208  0.008  0.025  0.024  0.005  0.025 125
