# list of hand selected 2D points
482.31481481481480000000 191.57407407407405000000
514.03141361256540000000 194.50261780104710000000
545.44738219895290000000 197.49397905759160000000
575.07853403141360000000 200.83769633507853000000
575.49973821989530000000 232.92015706806288000000
544.97382198952880000000 230.15706806282722000000
513.71727748691090000000 227.42748691099480000000
481.51125654450260000000 224.45026178010468000000
479.63115183246070000000 258.48403141361250000000
512.50602094240820000000 261.41125654450263000000
544.50261780104710000000 263.50785340314130000000
574.65968586387430000000 265.91623036649213000000
573.61020942408370000000 299.52408376963353000000
542.72251308900520000000 297.59162303664920000000
510.63062827225130000000 295.44502617801044000000
477.58691099476437000000 293.39607329842930000000
475.23089005235600000000 328.21753926701570000000
508.10575916230370000000 330.10706806282720000000
540.68062827225130000000 332.14659685863870000000
571.57303664921470000000 333.55549738219895000000
568.79581151832450000000 367.90575916230364000000
537.53926701570670000000 366.54450261780100000000
505.54973821989523000000 365.13089005235600000000
471.57068062827220000000 363.40314136125653000000
