# list of hand selected 2D points
375.55555555555554000000 157.36111111111111000000
402.84722222222223000000 149.79166666666666000000
432.43055555555554000000 141.87500000000000000000
462.43055555555554000000 133.81944444444443000000
466.11111111111110000000 165.20833333333334000000
434.44444444444446000000 172.50000000000000000000
404.51388888888886000000 180.00000000000000000000
375.76388888888886000000 187.15277777777777000000
376.87500000000000000000 217.84722222222223000000
405.62500000000000000000 211.45833333333331000000
436.73611111111110000000 205.13888888888889000000
468.81944444444446000000 198.12500000000000000000
471.80555555555554000000 232.91666666666666000000
438.05555555555554000000 238.88888888888889000000
406.73611111111110000000 244.65277777777777000000
376.87500000000000000000 250.00000000000000000000
377.39166666666670000000 283.49166666666670000000
407.43055555555554000000 279.30555555555554000000
440.42777777777780000000 274.35555555555555000000
473.78055555555557000000 269.26666666666670000000
475.55555555555554000000 306.87500000000000000000
440.76388888888886000000 310.83333333333330000000
408.05555555555554000000 314.68333333333334000000
377.22222222222223000000 317.67777777777775000000
