# list of hand selected 2D points
390.05235602094240000000 183.76963350785340000000
422.72251308900520000000 185.28795811518324000000
455.23560209424080000000 186.64921465968584000000
486.12565445026170000000 188.27225130890050000000
492.14659685863870000000 212.04188481675390000000
459.47643979057590000000 210.47120418848166000000
425.91623036649213000000 209.16230366492144000000
391.47303664921460000000 207.59397905759158000000
392.98193717277485000000 234.03612565445022000000
428.54109947643974000000 235.49031413612568000000
464.40000000000000000000 236.50000000000000000000
497.70000000000000000000 238.00000000000003000000
504.00000000000000000000 266.05000000000000000000
468.30000000000007000000 265.20000000000005000000
432.00000000000000000000 264.10000000000000000000
394.10000000000010000000 263.10000000000000000000
395.55000000000000000000 294.55000000000000000000
434.54999999999995000000 295.55000000000000000000
473.15000000000003000000 296.05000000000000000000
509.50000000000000000000 296.80000000000000000000
515.65000000000000000000 330.25000000000000000000
477.39999999999990000000 330.29999999999995000000
437.75000000000000000000 329.95000000000000000000
396.45000000000005000000 329.30000000000000000000
