# list of hand selected 2D points
444.93055555555554000000 185.00000000000000000000
475.97222222222223000000 181.31944444444443000000
508.68055555555554000000 177.50000000000000000000
542.35277777777750000000 173.40277777777777000000
543.81944444444450000000 209.51388888888889000000
508.47222222222223000000 211.87500000000000000000
475.52500000000000000000 215.15833333333330000000
443.40277777777777000000 217.56944444444443000000
441.61666666666660000000 252.05277777777775000000
473.68055555555554000000 250.35833333333335000000
508.05555555555554000000 248.21388888888887000000
543.47222222222220000000 246.38888888888889000000
542.61944444444440000000 285.08888888888885000000
506.24166666666670000000 285.66388888888883000000
471.70555555555550000000 286.38888888888886000000
438.63055555555553000000 287.18333333333334000000
435.90277777777777000000 323.05555555555554000000
468.68055555555554000000 323.47222222222223000000
504.02777777777777000000 324.09722222222223000000
540.13888888888890000000 324.37500000000000000000
537.89722222222210000000 364.20555555555550000000
500.60555555555555000000 363.03611111111110000000
465.83333333333330000000 361.11111111111110000000
432.22222222222223000000 359.44444444444446000000
