# list of hand selected 2D points
248.65671641791045000000 170.00000000000000000000
291.35000000000000000000 168.35000000000000000000
334.90000000000000000000 166.30000000000000000000
376.95000000000000000000 165.10000000000000000000
380.20000000000005000000 206.69999999999996000000
337.00000000000000000000 208.45000000000002000000
293.65000000000000000000 210.45000000000000000000
249.75000000000000000000 212.45000000000002000000
251.25000000000003000000 255.95000000000000000000
295.10000000000000000000 254.15000000000000000000
339.90000000000000000000 251.94999999999996000000
383.05000000000000000000 250.05000000000000000000
385.90000000000000000000 293.90000000000000000000
341.95000000000000000000 296.20000000000000000000
297.60000000000000000000 298.50000000000000000000
253.05000000000000000000 300.15000000000003000000
255.00000000000003000000 344.85000000000000000000
299.45000000000000000000 343.35000000000000000000
344.45000000000000000000 340.79999999999995000000
388.00000000000000000000 338.15000000000000000000
390.20000000000005000000 381.60000000000000000000
346.15000000000003000000 384.90000000000000000000
301.59999999999997000000 386.90000000000000000000
257.15000000000003000000 388.85000000000000000000
