# list of hand selected 2D points
272.03703703703700000000 129.72222222222220000000
313.99629629629630000000 127.17962962962962000000
357.59259259259255000000 124.81481481481481000000
400.33518518518520000000 123.39074074074072000000
402.03703703703700000000 165.09259259259258000000
359.62962962962960000000 166.85185185185185000000
317.50000000000000000000 168.51851851851850000000
275.50555555555553000000 170.64074074074070000000
279.53703703703700000000 210.64814814814812000000
319.90740740740740000000 208.89629629629630000000
361.57068062827220000000 207.43455497382197000000
402.66780104712040000000 206.28743455497377000000
282.85000000000000000000 248.95000000000000000000
322.84999999999997000000 247.55000000000000000000
363.00000000000000000000 246.30000000000000000000
403.65000000000003000000 244.50000000000003000000
403.50000000000000000000 281.35000000000000000000
364.60000000000000000000 282.50000000000000000000
325.45000000000000000000 283.55000000000007000000
286.80000000000000000000 284.59999999999997000000
290.40000000000003000000 318.50000000000000000000
327.70000000000000000000 317.70000000000000000000
365.60000000000000000000 316.65000000000003000000
403.60000000000000000000 315.55000000000000000000
