# list of hand selected 2D points
119.10112359550561000000 89.10112359550561000000
149.21348314606740000000 84.71910112359551000000
147.64044943820224000000 116.17977528089887000000
116.74157303370787000000 120.00000000000000000000
182.02247191011236000000 79.88764044943820000000
214.83146067415728000000 76.17977528089888000000
214.94382022471910000000 108.65168539325842000000
180.56179775280899000000 112.24719101123596000000
179.21348314606740000000 146.40449438202248000000
214.15730337078650000000 143.14606741573033000000
214.26966292134830000000 179.32584269662920000000
178.98876404494382000000 181.34831460674155000000
114.83146067415730000000 153.48314606741573000000
146.29213483146066000000 149.66292134831460000000
145.16853932584270000000 184.60674157303370000000
113.70786516853933000000 187.52808988764045000000
112.69662921348313000000 222.80898876404493000000
144.60674157303370000000 220.89887640449436000000
144.71910112359550000000 256.96629213483146000000
112.35955056179775000000 258.65168539325840000000
178.76404494382020000000 218.20224719101122000000
214.04494382022472000000 216.29213483146066000000
178.76404494382020000000 255.73033707865167000000
215.05617977528090000000 254.04494382022472000000
