# list of hand selected 2D points
249.40298507462686000000 153.73134328358208000000
272.83582089552240000000 145.37313432835822000000
271.49253731343280000000 175.22388059701493000000
247.31343283582090000000 182.98507462686567000000
299.01234567901236000000 135.67901234567900000000
326.17283950617286000000 126.41975308641976000000
325.67901234567904000000 158.14814814814815000000
297.16049382716050000000 166.91358024691360000000
296.29629629629630000000 199.87654320987656000000
324.93827160493830000000 192.09876543209880000000
324.56790123456790000000 228.02469135802470000000
294.81481481481484000000 234.56790123456790000000
244.81481481481484000000 213.95061728395063000000
269.25925925925930000000 207.40740740740742000000
267.65432098765433000000 240.49382716049385000000
242.96296296296296000000 246.17283950617286000000
240.98765432098767000000 279.50617283950620000000
265.55555555555554000000 275.55555555555554000000
264.32098765432100000000 311.11111111111114000000
238.76543209876544000000 313.70370370370370000000
293.58024691358025000000 270.86419753086420000000
323.45679012345680000000 266.04938271604940000000
322.71604938271605000000 304.69135802469140000000
291.85185185185185000000 308.27160493827160000000
