# list of hand selected 2D points
113.24324324324324000000 131.89189189189187000000
148.64864864864865000000 127.29729729729729000000
155.08196721311475000000 167.37704918032784000000
119.01639344262294000000 170.65573770491800000000
187.70491803278688000000 122.78688524590163000000
228.19672131147540000000 118.68852459016392000000
233.27868852459014000000 160.81967213114750000000
192.62295081967213000000 163.77049180327867000000
198.52459016393442000000 203.77049180327867000000
237.70491803278688000000 201.80327868852459000000
242.95081967213113000000 240.16393442622947000000
204.42622950819670000000 241.96721311475410000000
125.90163934426228000000 208.36065573770490000000
161.14754098360655000000 206.39344262295080000000
167.37704918032784000000 243.60655737704917000000
133.11475409836063000000 244.75409836065572000000
140.81967213114754000000 279.34426229508193000000
174.59016393442622000000 279.18032786885243000000
181.63934426229505000000 312.13114754098360000000
148.36065573770492000000 312.29508196721310000000
210.65573770491800000000 278.36065573770490000000
247.86885245901638000000 277.04918032786884000000
253.11475409836063000000 311.63934426229510000000
216.06557377049180000000 312.29508196721310000000
