# list of hand selected 2D points
350.61224489795916000000 185.51020408163265000000
385.10204081632650000000 187.55102040816325000000
383.06122448979590000000 221.93877551020407000000
347.44897959183670000000 219.48979591836732000000
420.61224489795916000000 190.00000000000000000000
455.20408163265300000000 192.65306122448980000000
454.18367346938770000000 227.04081632653060000000
418.06122448979590000000 224.48979591836732000000
416.32653061224490000000 260.51020408163265000000
451.53061224489795000000 262.85714285714283000000
449.69387755102036000000 299.18367346938770000000
413.36734693877550000000 296.42857142857140000000
379.69387755102036000000 257.95918367346940000000
344.69387755102036000000 255.20408163265304000000
341.02040816326530000000 290.20408163265300000000
377.34693877551020000000 293.46938775510205000000
337.65306122448976000000 327.44897959183670000000
373.06122448979590000000 330.40816326530610000000
370.10204081632650000000 366.32653061224490000000
334.08163265306120000000 363.06122448979590000000
409.89795918367344000000 333.26530612244900000000
446.12244897959180000000 336.02040816326530000000
443.16326530612240000000 372.14285714285710000000
406.42857142857140000000 369.69387755102036000000
