# list of hand selected 2D points
171.68673469387750000000 124.95204081632653000000
205.00408163265300000000 113.68367346938777000000
215.40816326530611000000 136.83673469387753000000
179.79591836734693000000 148.87755102040816000000
239.08163265306120000000 103.06122448979590000000
272.19285714285710000000 92.76122448979594000000
250.20408163265304000000 125.30612244897958000000
284.89795918367344000000 114.38775510204081000000
262.76122448979584000000 149.70408163265293000000
298.42551020408155000000 138.27142857142850000000
276.63265306122446000000 177.24489795918367000000
314.59183673469386000000 164.48979591836732000000
225.91836734693877000000 162.34693877551018000000
238.16326530612244000000 189.59183673469386000000
199.38775510204080000000 203.87755102040816000000
189.08163265306120000000 175.10204081632650000000
211.49253731343282000000 235.97014925373134000000
251.94029850746267000000 221.19402985074626000000
267.16417910447760000000 255.07462686567163000000
225.07462686567163000000 270.89552238805970000000
292.08955223880594000000 207.16417910447760000000
330.44776119402985000000 193.43283582089552000000
349.25373134328356000000 225.37313432835820000000
308.50746268656720000000 239.70149253731340000000
