# list of hand selected 2D points
174.36363636363637000000 144.00000000000000000000
209.87654320987656000000 150.86419753086420000000
204.93827160493828000000 184.69135802469137000000
167.65432098765433000000 177.77777777777777000000
245.43209876543210000000 157.65432098765433000000
279.87654320987656000000 164.56790123456790000000
276.91358024691357000000 197.40740740740742000000
241.11111111111111000000 190.98765432098767000000
237.16049382716050000000 226.79012345679013000000
273.08641975308643000000 232.96296296296296000000
270.12345679012344000000 269.50617283950620000000
232.71604938271605000000 263.95061728395063000000
161.72839506172840000000 213.95061728395063000000
199.25925925925927000000 220.61728395061730000000
194.93827160493828000000 258.02469135802470000000
155.67901234567900000000 251.72839506172840000000
150.61728395061730000000 291.23456790123460000000
189.50617283950618000000 297.03703703703707000000
185.55555555555557000000 336.41975308641975000000
145.30864197530866000000 331.23456790123460000000
229.01234567901236000000 302.34567901234567000000
266.54320987654324000000 307.53086419753090000000
263.33333333333337000000 345.80246913580250000000
224.93827160493828000000 341.60493827160496000000
