# list of hand selected 2D points
197.61194029850745000000 105.67164179104478000000
234.92537313432834000000 100.44776119402985000000
232.23880597014926000000 133.13432835820896000000
192.83582089552237000000 137.91044776119404000000
274.92537313432837000000 95.52238805970148000000
273.28358208955220000000 127.31343283582089000000
315.22388059701490000000 91.04477611940298000000
315.97014925373134000000 123.58208955223880000000
316.86567164179104000000 159.55223880597015000000
271.79104477611940000000 164.17910447761193000000
271.04477611940297000000 203.13432835820896000000
317.16417910447760000000 199.70149253731344000000
188.20895522388060000000 173.28358208955223000000
228.65671641791045000000 168.50746268656715000000
225.67164179104478000000 207.46268656716418000000
183.88059701492537000000 211.19402985074626000000
179.55223880597015000000 252.98507462686567000000
223.28358208955223000000 249.40298507462686000000
220.89552238805970000000 295.37313432835820000000
175.22388059701493000000 297.31343283582090000000
269.55223880597015000000 246.56716417910448000000
317.16417910447760000000 242.68656716417910000000
318.50746268656720000000 289.85074626865674000000
268.20895522388060000000 292.68656716417910000000
