# list of hand selected 2D points
190.44776119402985000000 151.64179104477610000000
234.62686567164178000000 152.08955223880596000000
232.98507462686567000000 196.71641791044775000000
187.16417910447760000000 196.26865671641790000000
280.59701492537310000000 152.08955223880596000000
326.11940298507460000000 153.28358208955223000000
325.82089552238807000000 198.20895522388060000000
279.10447761194030000000 197.46268656716418000000
325.07462686567163000000 245.07462686567163000000
324.47761194029850000000 291.94029850746267000000
277.01492537313430000000 291.19402985074623000000
278.20895522388060000000 243.88059701492537000000
231.04477611940297000000 243.28358208955223000000
230.14925373134326000000 290.14925373134326000000
184.17910447761193000000 288.95522388059703000000
185.82089552238804000000 242.38805970149252000000
183.58208955223880000000 335.97014925373134000000
229.40298507462686000000 337.61194029850750000000
229.10447761194030000000 383.28358208955220000000
183.88059701492537000000 381.64179104477610000000
276.41791044776120000000 338.50746268656720000000
323.73134328358210000000 339.40298507462690000000
322.98507462686564000000 385.37313432835820000000
276.11940298507460000000 385.07462686567163000000
