# list of hand selected 2D points
1291.47058823529400000000 354.70588235294116000000
1579.11764705882340000000 357.64705882352940000000
1866.17647058823510000000 362.94117647058820000000
2152.64705882352930000000 367.94117647058820000000
2438.82352941176440000000 374.11764705882350000000
2722.05882352941130000000 380.29411764705880000000
1285.40540540540540000000 637.02702702702700000000
1575.13513513513500000000 640.81081081081080000000
1863.51351351351330000000 644.86486486486480000000
2152.70270270270250000000 650.00000000000000000000
2439.72972972972960000000 655.13513513513510000000
2725.13513513513500000000 660.00000000000000000000
1277.94117647058800000000 924.70588235294110000000
1570.29411764705860000000 928.52941176470570000000
1860.29411764705860000000 932.05882352941170000000
2152.64705882352930000000 935.88235294117640000000
2441.76470588235270000000 940.58823529411760000000
2729.11764705882340000000 944.99999999999990000000
1272.00000000000000000000 1217.63636363636370000000
1565.45454545454550000000 1220.54545454545450000000
1858.36363636363630000000 1224.00000000000000000000
2152.00000000000000000000 1226.72727272727270000000
2443.09090909090900000000 1229.81818181818180000000
2732.54545454545450000000 1233.09090909090900000000
1264.36764705882320000000 1514.02941176470520000000
1560.29411764705860000000 1516.17647058823510000000
1855.29411764705860000000 1518.52941176470560000000
2151.17647058823500000000 1521.17647058823510000000
2444.70588235294100000000 1522.94117647058800000000
2735.58823529411760000000 1525.58823529411760000000
1258.22222222222220000000 1814.88888888888900000000
1556.22222222222220000000 1816.44444444444430000000
1854.00000000000000000000 1817.55555555555570000000
2150.88888888888870000000 1819.55555555555570000000
2447.55555555555570000000 1820.00000000000000000000
2739.55555555555570000000 1821.77777777777780000000
1252.14285714285700000000 2120.71428571428530000000
1552.85714285714270000000 2121.42857142857100000000
1852.14285714285690000000 2122.85714285714270000000
2151.07142857142840000000 2122.85714285714270000000
2449.67741935483850000000 2124.51612903225800000000
2743.87096774193560000000 2124.19354838709660000000
1245.71428571428560000000 2427.85714285714270000000
1548.92857142857130000000 2427.14285714285700000000
1850.35714285714270000000 2426.78571428571400000000
2152.50000000000000000000 2426.78571428571400000000
2452.49999999999950000000 2425.35714285714270000000
2748.92857142857100000000 2424.99999999999950000000
