# list of hand selected 2D points
587.03703703703710000000 223.20987654320987000000
924.40000000000000000000 297.40000000000000000000
1223.40000000000000000000 363.80000000000000000000
1491.40000000000000000000 424.40000000000000000000
1730.80000000000000000000 479.40000000000000000000
1946.20000000000000000000 529.60000000000000000000
582.97297297297290000000 538.64864864864860000000
925.13513513513510000000 595.13513513513510000000
1226.21621621621630000000 644.86486486486480000000
1497.36756756756770000000 690.83108108108130000000
1738.37837837837830000000 732.02702702702700000000
1955.67567567567560000000 769.45945945945940000000
578.91891891891880000000 862.97297297297290000000
924.59459459459460000000 900.54054054054050000000
1230.27027027027020000000 933.51351351351340000000
1503.51351351351350000000 963.24324324324320000000
1746.55675675675680000000 990.34054054054070000000
1965.40983606557370000000 1014.59016393442620000000
575.27272727272730000000 1196.90909090909100000000
925.09090909090910000000 1213.81818181818180000000
1233.35454545454560000000 1228.54090909090950000000
1509.18032786885240000000 1241.96721311475400000000
1754.56790123456800000000 1253.82716049382730000000
1974.69135802469150000000 1264.44444444444460000000
571.16290322580690000000 1537.74193548387100000000
926.00000000000000000000 1533.63636363636370000000
1237.45454545454550000000 1529.63636363636370000000
1516.00000000000000000000 1525.36818181818220000000
1763.27272727272730000000 1521.63636363636370000000
1985.63636363636370000000 1518.72727272727270000000
568.10810810810810000000 1888.64864864864850000000
927.56756756756750000000 1861.62162162162140000000
1242.43243243243230000000 1836.75675675675670000000
1523.31351351351370000000 1814.83513513513530000000
1772.43243243243230000000 1795.40540540540540000000
1996.02567567567530000000 1778.00810810810820000000
565.24590163934420000000 2248.19672131147540000000
928.36065573770490000000 2197.21311475409800000000
1247.21311475409830000000 2152.13114754098340000000
1530.98360655737700000000 2110.81967213114740000000
1781.95121951219500000000 2074.39024390243870000000
2007.56097560975580000000 2042.43902439024370000000
563.17073170731700000000 2613.90243902439000000000
930.48780487804870000000 2536.82926829268260000000
1252.43902439024370000000 2469.75609756097540000000
1538.78048780487780000000 2409.51219512195080000000
1791.70731707317050000000 2356.34146341463400000000
2019.02439024390220000000 2308.53658536585300000000
