# list of hand selected 2D points
1112.69117647058830000000 309.99999999999994000000
1428.52459016393440000000 311.96721311475410000000
1744.26229508196700000000 316.39344262295080000000
2060.81967213114740000000 319.18032786885243000000
2375.08196721311470000000 323.44262295081967000000
2688.36065573770470000000 328.36065573770490000000
1127.04918032786870000000 638.85245901639340000000
1435.97014925373130000000 641.64179104477610000000
1743.43283582089540000000 643.88059701492530000000
2051.94029850746260000000 647.31343283582090000000
2358.65671641791050000000 650.59701492537320000000
2664.62686567164160000000 654.02985074626860000000
1141.35802469135800000000 953.82716049382730000000
1442.59259259259260000000 955.43209876543210000000
1742.59259259259260000000 957.90123456790130000000
2043.45679012345680000000 960.37037037037040000000
2342.83950617283970000000 963.08641975308650000000
2641.35802469135800000000 965.55555555555550000000
1154.44444444444430000000 1253.33333333333330000000
1448.22222222222220000000 1255.33333333333330000000
1741.35555555555580000000 1256.86111111111130000000
2035.82089552238800000000 1258.20895522388060000000
2328.19672131147540000000 1259.34426229508180000000
2619.50819672131140000000 1261.47540983606540000000
1167.23783783783820000000 1539.90000000000000000000
1454.62686567164180000000 1541.04477611940300000000
1741.04477611940300000000 1542.38805970149250000000
2028.50746268656710000000 1542.53731343283580000000
2314.17910447761200000000 1543.28358208955230000000
2598.95522388059700000000 1544.17910447761190000000
1179.83606557377040000000 1813.27868852459000000000
1461.14754098360640000000 1813.93442622950800000000
1740.98360655737680000000 1814.09836065573750000000
2021.96721311475400000000 1814.91803278688500000000
2300.73170731707300000000 1814.39024390243900000000
2579.51219512195080000000 1815.12195121951190000000
1192.00000000000000000000 2075.11111111111130000000
1467.33333333333330000000 2075.33333333333350000000
1740.66666666666670000000 2074.88888888888870000000
2015.80000000000000000000 2074.80000000000000000000
2288.80000000000000000000 2074.20000000000000000000
2561.40000000000000000000 2073.80000000000000000000
1203.40000000000000000000 2323.40000000000000000000
1472.80000000000000000000 2322.20000000000000000000
1740.60000000000000000000 2322.00000000000000000000
2010.20000000000000000000 2321.20000000000000000000
2277.20000000000000000000 2319.80000000000000000000
2544.40000000000000000000 2319.00000000000000000000
