# list of hand selected 2D points
1244.87804878048770000000 724.87804878048770000000
1479.99999999999980000000 732.43902439024380000000
1713.73134328358200000000 740.89552238805970000000
1947.46268656716420000000 748.80597014925380000000
2177.31343283582100000000 759.10447761194030000000
2405.52238805970140000000 768.05970149253730000000
1218.97959183673470000000 912.95918367346930000000
1465.71428571428560000000 920.40816326530600000000
1709.59183673469370000000 928.36734693877540000000
1953.06122448979570000000 936.53061224489780000000
2193.16326530612240000000 945.71428571428570000000
2431.83673469387760000000 954.38775510204070000000
1190.74074074074060000000 1120.64814814814800000000
1449.62962962962960000000 1127.59259259259260000000
1704.62962962962960000000 1135.64814814814800000000
1959.90740740740740000000 1142.50000000000000000000
2211.11111111111100000000 1150.27777777777760000000
2460.18518518518500000000 1157.77777777777760000000
1159.83606557377040000000 1348.68852459016380000000
1431.14754098360640000000 1355.08196721311470000000
1699.50819672131140000000 1361.96721311475400000000
1966.55737704918000000000 1367.70491803278670000000
2230.00000000000000000000 1374.59016393442600000000
2490.65573770491800000000 1381.47540983606540000000
1125.63025210084040000000 1600.16806722689080000000
1411.60493827160500000000 1605.43209876543200000000
1693.60655737704900000000 1611.14754098360640000000
1974.59016393442600000000 1615.90163934426200000000
2251.47540983606540000000 1621.31147540983600000000
2525.08196721311470000000 1626.22950819672100000000
1088.85245901639340000000 1879.01639344262280000000
1390.32786885245900000000 1882.95081967213100000000
1688.50746268656710000000 1887.01492537313420000000
1984.17910447761190000000 1890.74626865671640000000
2275.67164179104470000000 1894.02985074626850000000
2563.73134328358200000000 1898.05970149253720000000
1047.80487804878040000000 2190.63780487804900000000
1366.82926829268290000000 2192.68292682926800000000
1681.46341463414610000000 2194.39024390243870000000
1995.12195121951190000000 2196.58536585365850000000
2302.68292682926800000000 2198.04878048780440000000
2606.58536585365800000000 2199.51219512195080000000
1002.16216216216210000000 2536.21621621621630000000
1341.62162162162170000000 2536.21621621621630000000
1675.55555555555570000000 2535.33333333333350000000
2007.33333333333330000000 2534.44444444444430000000
2332.66666666666650000000 2534.00000000000000000000
2654.88888888888870000000 2532.66666666666650000000
