
Algorithm:  HOG-SB-U8
======================================================================
data/fiducials/square_border_image/standard/distance_angle/image00001.png

Total Descriptions = 7154

Light Scaling
  metric    0.617    0.725    0.851    1.000    1.175    1.380    1.621    1.904 
   error  0.13542  0.10711  0.07763  0.00000  0.07276  0.08404  0.10847  0.13567 
Light Offset
  metric    0.000   10.000   20.000   30.000   40.000   50.000   60.000   70.000   80.000   90.000  100.000 
   error  0.00000  0.00591  0.01046  0.01491  0.01842  0.02218  0.02528  0.02830  0.03302  0.03946  0.06680 
Additive Gaussian
  metric    0.251    0.398    0.631    1.000    1.585    2.512    3.981    6.310   10.000   15.849 
   error  0.00052  0.02471  0.07923  0.14101  0.21337  0.30014  0.38831  0.46766  0.53273  0.58436 
Image Translation
  metric    0.158    0.251    0.398    0.631    1.000    1.585    2.512    3.981    6.310   10.000   15.849 
   error  0.11725  0.13783  0.16016  0.17169  0.11502  0.23814  0.30575  0.38669  0.51418  0.60702  0.66811 
Image Scale
  metric    0.896    0.921    0.947    0.973    1.000    1.028    1.056    1.086    1.116    1.147    1.179    1.212    1.246 
   error  0.74243  0.71147  0.64685  0.49308  0.00000  0.48966  0.63167  0.67215  0.68431  0.70908  0.73085  0.74439  0.75543 
======================================================================
data/calibration_mono/chessboard/distant/image00000.jpg

Total Descriptions = 7154

Light Scaling
  metric    0.617    0.725    0.851    1.000    1.175    1.380    1.621    1.904 
   error  0.03657  0.03083  0.02634  0.00000  0.02140  0.02626  0.07271  0.21186 
Light Offset
  metric    0.000   10.000   20.000   30.000   40.000   50.000   60.000   70.000   80.000   90.000  100.000 
   error  0.00000  0.00004  0.00068  0.00212  0.00297  0.00441  0.00694  0.01198  0.02286  0.04293  0.07695 
Additive Gaussian
  metric    0.251    0.398    0.631    1.000    1.585    2.512    3.981    6.310   10.000   15.849 
   error  0.00009  0.00809  0.02550  0.04869  0.08100  0.12486  0.17932  0.24264  0.31118  0.37360 
Image Translation
  metric    0.158    0.251    0.398    0.631    1.000    1.585    2.512    3.981    6.310   10.000   15.849 
   error  0.12585  0.17519  0.21868  0.22047  0.09266  0.25668  0.29446  0.29662  0.40766  0.44949  0.47961 
Image Scale
  metric    0.896    0.921    0.947    0.973    1.000    1.028    1.056    1.086    1.116    1.147    1.179    1.212    1.246 
   error  0.57774  0.54317  0.49419  0.40995  0.00000  0.40084  0.46124  0.48281  0.49034  0.50387  0.50605  0.50912  0.51069 

Algorithm:  HOG-MS-U8
======================================================================
data/fiducials/square_border_image/standard/distance_angle/image00001.png

Total Descriptions = 7154

Light Scaling
  metric    0.617    0.725    0.851    1.000    1.175    1.380    1.621    1.904 
   error  0.11119  0.09064  0.07357  0.00000  0.07536  0.08124  0.09280  0.12553 
Light Offset
  metric    0.000   10.000   20.000   30.000   40.000   50.000   60.000   70.000   80.000   90.000  100.000 
   error  0.00000  0.00382  0.00678  0.00950  0.01244  0.01575  0.01865  0.02443  0.03060  0.03864  0.05563 
Additive Gaussian
  metric    0.251    0.398    0.631    1.000    1.585    2.512    3.981    6.310   10.000   15.849 
   error  0.00054  0.02586  0.07704  0.12989  0.18923  0.25711  0.33604  0.41074  0.47746  0.52886 
Image Translation
  metric    0.158    0.251    0.398    0.631    1.000    1.585    2.512    3.981    6.310   10.000   15.849 
   error  0.10652  0.12918  0.15109  0.16265  0.11207  0.22900  0.29664  0.37580  0.50262  0.59465  0.65460 
Image Scale
  metric    0.896    0.921    0.947    0.973    1.000    1.028    1.056    1.086    1.116    1.147    1.179    1.212    1.246 
   error  0.73460  0.70332  0.63857  0.48243  0.00000  0.47839  0.61949  0.65902  0.67051  0.69145  0.71082  0.72421  0.73360 
======================================================================
data/calibration_mono/chessboard/distant/image00000.jpg

Total Descriptions = 7154

Light Scaling
  metric    0.617    0.725    0.851    1.000    1.175    1.380    1.621    1.904 
   error  0.04520  0.04031  0.03562  0.00000  0.03183  0.04244  0.09301  0.20056 
Light Offset
  metric    0.000   10.000   20.000   30.000   40.000   50.000   60.000   70.000   80.000   90.000  100.000 
   error  0.00000  0.00051  0.00108  0.00215  0.00408  0.00731  0.01419  0.02454  0.03992  0.06219  0.09322 
Additive Gaussian
  metric    0.251    0.398    0.631    1.000    1.585    2.512    3.981    6.310   10.000   15.849 
   error  0.00021  0.01155  0.03492  0.05827  0.08785  0.12775  0.17729  0.23596  0.30362  0.36339 
Image Translation
  metric    0.158    0.251    0.398    0.631    1.000    1.585    2.512    3.981    6.310   10.000   15.849 
   error  0.12129  0.16675  0.20682  0.20915  0.09321  0.24747  0.28856  0.30212  0.41725  0.46372  0.49837 
Image Scale
  metric    0.896    0.921    0.947    0.973    1.000    1.028    1.056    1.086    1.116    1.147    1.179    1.212    1.246 
   error  0.59528  0.55935  0.50735  0.41431  0.00000  0.40564  0.47562  0.49977  0.50848  0.52221  0.52442  0.52721  0.52818 

Algorithm:  HOG-F-SB-U8
======================================================================
data/fiducials/square_border_image/standard/distance_angle/image00001.png

Total Descriptions = 7154

Light Scaling
  metric    0.617    0.725    0.851    1.000    1.175    1.380    1.621    1.904 
   error  0.15690  0.12761  0.09447  0.00000  0.08776  0.09898  0.12034  0.14823 
Light Offset
  metric    0.000   10.000   20.000   30.000   40.000   50.000   60.000   70.000   80.000   90.000  100.000 
   error  0.00000  0.00639  0.01151  0.01620  0.01992  0.02364  0.02667  0.02989  0.03504  0.04168  0.06756 
Additive Gaussian
  metric    0.251    0.398    0.631    1.000    1.585    2.512    3.981    6.310   10.000   15.849 
   error  0.00066  0.03212  0.10010  0.17403  0.25548  0.34983  0.44464  0.53042  0.60030  0.65546 
Image Translation
  metric    0.158    0.251    0.398    0.631    1.000    1.585    2.512    3.981    6.310   10.000   15.849 
   error  0.14752  0.17413  0.20380  0.22632  0.19228  0.32225  0.40297  0.49367  0.62651  0.71442  0.76135 
Image Scale
  metric    0.896    0.921    0.947    0.973    1.000    1.028    1.056    1.086    1.116    1.147    1.179    1.212    1.246 
   error  0.82115  0.79578  0.73807  0.59410  0.00000  0.60499  0.73560  0.76698  0.77557  0.79905  0.81932  0.82967  0.84077 
======================================================================
data/calibration_mono/chessboard/distant/image00000.jpg

Total Descriptions = 7154

Light Scaling
  metric    0.617    0.725    0.851    1.000    1.175    1.380    1.621    1.904 
   error  0.04650  0.03942  0.03387  0.00000  0.02723  0.03290  0.08974  0.25272 
Light Offset
  metric    0.000   10.000   20.000   30.000   40.000   50.000   60.000   70.000   80.000   90.000  100.000 
   error  0.00000  0.00005  0.00081  0.00247  0.00353  0.00526  0.00827  0.01464  0.02856  0.05346  0.09445 
Additive Gaussian
  metric    0.251    0.398    0.631    1.000    1.585    2.512    3.981    6.310   10.000   15.849 
   error  0.00012  0.01054  0.03307  0.06298  0.10495  0.15961  0.22744  0.30335  0.38380  0.45459 
Image Translation
  metric    0.158    0.251    0.398    0.631    1.000    1.585    2.512    3.981    6.310   10.000   15.849 
   error  0.16180  0.22509  0.28215  0.29613  0.19267  0.35521  0.40277  0.41823  0.52692  0.56164  0.58451 
Image Scale
  metric    0.896    0.921    0.947    0.973    1.000    1.028    1.056    1.086    1.116    1.147    1.179    1.212    1.246 
   error  0.67079  0.64519  0.60188  0.53048  0.00000  0.52276  0.57214  0.59006  0.59699  0.61125  0.61025  0.61330  0.61161 

Algorithm:  HOG-F-MS-U8
======================================================================
data/fiducials/square_border_image/standard/distance_angle/image00001.png

Total Descriptions = 7154

Light Scaling
  metric    0.617    0.725    0.851    1.000    1.175    1.380    1.621    1.904 
   error  0.13395  0.11210  0.09282  0.00000  0.09214  0.09763  0.11006  0.14644 
Light Offset
  metric    0.000   10.000   20.000   30.000   40.000   50.000   60.000   70.000   80.000   90.000  100.000 
   error  0.00000  0.00412  0.00758  0.01068  0.01398  0.01751  0.02073  0.02734  0.03437  0.04329  0.06371 
Additive Gaussian
  metric    0.251    0.398    0.631    1.000    1.585    2.512    3.981    6.310   10.000   15.849 
   error  0.00069  0.03344  0.09767  0.16153  0.23205  0.30749  0.39414  0.47459  0.54604  0.60032 
Image Translation
  metric    0.158    0.251    0.398    0.631    1.000    1.585    2.512    3.981    6.310   10.000   15.849 
   error  0.13450  0.16407  0.19350  0.21612  0.18830  0.31287  0.39365  0.48240  0.61356  0.70043  0.74603 
Image Scale
  metric    0.896    0.921    0.947    0.973    1.000    1.028    1.056    1.086    1.116    1.147    1.179    1.212    1.246 
   error  0.81153  0.78552  0.72731  0.58189  0.00000  0.59348  0.72147  0.74984  0.75946  0.78136  0.79825  0.80825  0.81796 
======================================================================
data/calibration_mono/chessboard/distant/image00000.jpg

Total Descriptions = 7154

Light Scaling
  metric    0.617    0.725    0.851    1.000    1.175    1.380    1.621    1.904 
   error  0.05878  0.05243  0.04657  0.00000  0.04104  0.05403  0.11644  0.24293 
Light Offset
  metric    0.000   10.000   20.000   30.000   40.000   50.000   60.000   70.000   80.000   90.000  100.000 
   error  0.00000  0.00063  0.00128  0.00251  0.00482  0.00898  0.01784  0.03109  0.05052  0.07844  0.11613 
Additive Gaussian
  metric    0.251    0.398    0.631    1.000    1.585    2.512    3.981    6.310   10.000   15.849 
   error  0.00030  0.01512  0.04532  0.07554  0.11339  0.16275  0.22463  0.29270  0.37265  0.44027 
Image Translation
  metric    0.158    0.251    0.398    0.631    1.000    1.585    2.512    3.981    6.310   10.000   15.849 
   error  0.15552  0.21352  0.26622  0.28102  0.19198  0.34316  0.39496  0.42124  0.53572  0.57513  0.60479 
Image Scale
  metric    0.896    0.921    0.947    0.973    1.000    1.028    1.056    1.086    1.116    1.147    1.179    1.212    1.246 
   error  0.68705  0.65967  0.61377  0.53309  0.00000  0.52569  0.58544  0.60565  0.61322  0.62778  0.62731  0.62935  0.62873 

Algorithm:  SURF-F-U8
======================================================================
data/fiducials/square_border_image/standard/distance_angle/image00001.png

Total Descriptions = 4524

Light Scaling
  metric    0.617    0.725    0.851    1.000    1.175    1.380    1.621    1.904 
   error  0.07603  0.06480  0.05475  0.00000  0.05717  0.06468  0.09819  0.13680 
Light Offset
  metric    0.000   10.000   20.000   30.000   40.000   50.000   60.000   70.000   80.000   90.000  100.000 
   error  0.00000  0.00720  0.01212  0.01669  0.02044  0.02466  0.02810  0.03111  0.03574  0.04175  0.07543 
Additive Gaussian
  metric    0.251    0.398    0.631    1.000    1.585    2.512    3.981    6.310   10.000   15.849 
   error  0.00019  0.01246  0.04246  0.08225  0.13975  0.21753  0.30912  0.40258  0.48638  0.55617 
Image Translation
  metric    0.158    0.251    0.398    0.631    1.000    1.585    2.512    3.981    6.310   10.000   15.849 
   error  0.08639  0.10890  0.14499  0.20788  0.29436  0.43759  0.60829  0.75505  0.85656  0.86092  0.88877 
Image Scale
  metric    0.896    0.921    0.947    0.973    1.000    1.028    1.056    1.086    1.116    1.147    1.179    1.212    1.246 
   error  0.94177  0.91489  0.88271  0.80442  0.00000  0.80421  0.88546  0.90460  0.92096  0.93546  0.94040  0.94976  0.96120 
======================================================================
data/calibration_mono/chessboard/distant/image00000.jpg

Total Descriptions = 4524

Light Scaling
  metric    0.617    0.725    0.851    1.000    1.175    1.380    1.621    1.904 
   error  0.01413  0.01202  0.01036  0.00000  0.00943  0.01445  0.05884  0.20384 
Light Offset
  metric    0.000   10.000   20.000   30.000   40.000   50.000   60.000   70.000   80.000   90.000  100.000 
   error  0.00000  0.00002  0.00029  0.00133  0.00225  0.00348  0.00527  0.00878  0.01702  0.03415  0.06565 
Additive Gaussian
  metric    0.251    0.398    0.631    1.000    1.585    2.512    3.981    6.310   10.000   15.849 
   error  0.00003  0.00302  0.01014  0.02024  0.03655  0.06308  0.10451  0.16507  0.24551  0.33652 
Image Translation
  metric    0.158    0.251    0.398    0.631    1.000    1.585    2.512    3.981    6.310   10.000   15.849 
   error  0.06588  0.10428  0.15704  0.22352  0.29518  0.43250  0.56876  0.66631  0.73078  0.70776  0.72684 
Image Scale
  metric    0.896    0.921    0.947    0.973    1.000    1.028    1.056    1.086    1.116    1.147    1.179    1.212    1.246 
   error  0.76991  0.76219  0.74490  0.71176  0.00000  0.70956  0.73824  0.74923  0.74998  0.75969  0.75999  0.75805  0.75767 

Algorithm:  SURF-S-U8
======================================================================
data/fiducials/square_border_image/standard/distance_angle/image00001.png

Total Descriptions = 4524

Light Scaling
  metric    0.617    0.725    0.851    1.000    1.175    1.380    1.621    1.904 
   error  0.05006  0.04405  0.04036  0.00000  0.04471  0.04951  0.07388  0.11769 
Light Offset
  metric    0.000   10.000   20.000   30.000   40.000   50.000   60.000   70.000   80.000   90.000  100.000 
   error  0.00000  0.00550  0.00989  0.01391  0.01727  0.02093  0.02381  0.02678  0.03169  0.03833  0.05906 
Additive Gaussian
  metric    0.251    0.398    0.631    1.000    1.585    2.512    3.981    6.310   10.000   15.849 
   error  0.00016  0.00748  0.02450  0.04915  0.08871  0.14828  0.22256  0.30316  0.38221  0.45107 
Image Translation
  metric    0.158    0.251    0.398    0.631    1.000    1.585    2.512    3.981    6.310   10.000   15.849 
   error  0.05371  0.06882  0.09124  0.12552  0.16838  0.27133  0.40421  0.55274  0.70439  0.75939  0.78938 
Image Scale
  metric    0.896    0.921    0.947    0.973    1.000    1.028    1.056    1.086    1.116    1.147    1.179    1.212    1.246 
   error  0.84926  0.81379  0.77354  0.64759  0.00000  0.65671  0.77659  0.80790  0.82418  0.83963  0.85289  0.85876  0.87655 
======================================================================
data/calibration_mono/chessboard/distant/image00000.jpg

Total Descriptions = 4524

Light Scaling
  metric    0.617    0.725    0.851    1.000    1.175    1.380    1.621    1.904 
   error  0.00867  0.00735  0.00639  0.00000  0.00651  0.01247  0.05547  0.17625 
Light Offset
  metric    0.000   10.000   20.000   30.000   40.000   50.000   60.000   70.000   80.000   90.000  100.000 
   error  0.00000  0.00002  0.00028  0.00123  0.00219  0.00349  0.00544  0.00918  0.01753  0.03398  0.06237 
Additive Gaussian
  metric    0.251    0.398    0.631    1.000    1.585    2.512    3.981    6.310   10.000   15.849 
   error  0.00002  0.00194  0.00618  0.01242  0.02270  0.03962  0.06740  0.11108  0.17087  0.24265 
Image Translation
  metric    0.158    0.251    0.398    0.631    1.000    1.585    2.512    3.981    6.310   10.000   15.849 
   error  0.04661  0.07212  0.10269  0.12619  0.13811  0.23932  0.34136  0.43972  0.55000  0.55599  0.57514 
Image Scale
  metric    0.896    0.921    0.947    0.973    1.000    1.028    1.056    1.086    1.116    1.147    1.179    1.212    1.246 
   error  0.63049  0.61460  0.58844  0.52444  0.00000  0.52354  0.58007  0.59262  0.59549  0.60971  0.60688  0.60833  0.60710 

Algorithm:  SIFT-U8
======================================================================
data/fiducials/square_border_image/standard/distance_angle/image00001.png

Total Descriptions = 4524

Light Scaling
  metric    0.617    0.725    0.851    1.000    1.175    1.380    1.621    1.904 
   error  0.13991  0.11582  0.08538  0.00000  0.07939  0.09110  0.12419  0.14865 
Light Offset
  metric    0.000   10.000   20.000   30.000   40.000   50.000   60.000   70.000   80.000   90.000  100.000 
   error  0.00000  0.00846  0.01343  0.01812  0.02193  0.02526  0.02812  0.03089  0.03570  0.04181  0.07918 
Additive Gaussian
  metric    0.251    0.398    0.631    1.000    1.585    2.512    3.981    6.310   10.000   15.849 
   error  0.00053  0.03132  0.10091  0.17481  0.26092  0.36368  0.46739  0.56023  0.63524  0.69392 
Image Translation
  metric    0.158    0.251    0.398    0.631    1.000    1.585    2.512    3.981    6.310   10.000   15.849 
   error  0.15073  0.17522  0.21038  0.25991  0.29609  0.46644  0.63310  0.77273  0.87417  0.89015  0.92511 
Image Scale
  metric    0.896    0.921    0.947    0.973    1.000    1.028    1.056    1.086    1.116    1.147    1.179    1.212    1.246 
   error  0.97975  0.95335  0.92735  0.83576  0.00000  0.83419  0.91358  0.93856  0.95727  0.97010  0.97996  0.99218  1.00256 
======================================================================
data/calibration_mono/chessboard/distant/image00000.jpg

Total Descriptions = 4524

Light Scaling
  metric    0.617    0.725    0.851    1.000    1.175    1.380    1.621    1.904 
   error  0.03140  0.02671  0.02259  0.00000  0.01879  0.02238  0.06985  0.23096 
Light Offset
  metric    0.000   10.000   20.000   30.000   40.000   50.000   60.000   70.000   80.000   90.000  100.000 
   error  0.00000  0.00003  0.00058  0.00216  0.00291  0.00403  0.00580  0.00959  0.01881  0.03838  0.07474 
Additive Gaussian
  metric    0.251    0.398    0.631    1.000    1.585    2.512    3.981    6.310   10.000   15.849 
   error  0.00006  0.00677  0.02254  0.04377  0.07655  0.12370  0.19124  0.27764  0.37144  0.46266 
Image Translation
  metric    0.158    0.251    0.398    0.631    1.000    1.585    2.512    3.981    6.310   10.000   15.849 
   error  0.11746  0.17588  0.24069  0.28076  0.26947  0.44807  0.57606  0.65816  0.73634  0.71620  0.73924 
Image Scale
  metric    0.896    0.921    0.947    0.973    1.000    1.028    1.056    1.086    1.116    1.147    1.179    1.212    1.246 
   error  0.80764  0.79217  0.76837  0.72440  0.00000  0.71663  0.74908  0.76197  0.76553  0.77418  0.77421  0.77780  0.77845 
