# GENERATOR ObjectTrackingRegression
# Elapsed time in milliseconds

BoofCV-TLD
                              N       Mean      P05      P50      P95      MAX
  cliffbar                    328   41.834  38.9886  41.5002  44.6134   114.48
  coke11                      292  31.6626  28.8442  31.1003  36.6853  52.5973
  david                       462   43.466  26.2336   46.762  55.0656  71.4356
  dollar                      327  16.6276   10.201  18.3472  20.7287  34.8227
  faceocc                     886  42.5189  33.1906  41.6985  54.7238  72.3535
  faceocc2                    812  40.0895   32.438  40.9431  48.5325  64.6186
  girl                        502  30.4566  21.3527  29.6867  40.3485  49.0224
  surfer                      376  30.0843  20.9216   30.676  37.3385  41.2486
  sylv                       1344  25.3395  11.2049  25.0044  41.9187  45.4457
  tiger1                      354  33.0394  24.7452  33.5044  39.4194   53.342
  tiger2                      365  33.3899  25.5964   33.699   39.837  43.1522
  twinings                    467  37.7623  35.1985  37.7167   40.538   69.264
  01_david                    761  84.6871  71.1666  85.6689  94.5534  134.911
  02_jumping                  313   61.998  49.4935  63.5504  69.9362  95.0298
  03_pedestrian1              140  27.2388  23.0849  26.5118   32.427  38.7078
  04_pedestrian2              338  10.8424  .642958  13.6726  16.5298  17.4219
  05_pedestrian3              184  14.0919  9.74171  12.3977  20.6733  21.4996
  06_car                      945  11.4579  5.35589  12.4309  16.0025  20.4522
  07_motocross               2665   24.722  3.29518  24.7906  42.7139  63.3897
  08_volkswagen              8576  97.5873  73.7977  97.6343  127.343  153.554
  09_carchase                9928  63.2316  33.8923   62.589  88.6895  114.125
  10_panda                   3000  25.7757  10.9252  29.9872  35.9081  41.9655

BoofCV-Circulant
                              N       Mean      P05      P50      P95      MAX
  cliffbar                    328   .81053  .581983  .589157  1.66536  8.83673
  coke11                      292  .578241  .569321  .572308  .605503  .946995
  david                       462   .62724  .612697  .614848  .700336  .877947
  dollar                      327  .613598  .600451   .61407  .639606  .657967
  faceocc                     886   .61722  .611633  .613913  .646414   1.0897
  faceocc2                    812  .620661  .608885  .612643  .656203  .710238
  girl                        502  .609377  .595363   .60141  .645258  .994182
  surfer                      376  .605851  .601628  .603398  .637915  .687338
  sylv                       1344  .613991  .601454  .606143  .650303  .706084
  tiger1                      354  .609878  .600854  .603224  .638196  .666326
  tiger2                      365  .610761  .600903  .613778  .636223   .75628
  twinings                    467  .619259  .613427  .615266  .649104  .683594
  01_david                    761  .606354  .573848  .614857   .64585  .804932
  02_jumping                  313  .617289    .6146  .615972  .647496  .696564
  03_pedestrian1              140  .612167  .596358    .6154  .637853  .652535
  04_pedestrian2              338  .602935  .591243  .601645   .63543   .66947
  05_pedestrian3              184  .576513  .557986  .562364  .614794  .655136
  06_car                      945  .620027  .599803  .614306  .636093  1.80881
  07_motocross               2665  .576015  .560122  .561819  .608392  .743836
  08_volkswagen              8576  .586103   .56156  .582136  .626024  .716762
  09_carchase                9928  .578662  .560651  .573776  .604805  1.36471
  10_panda                   3000  .610379  .561382  .614015  .620754  .681142

BoofCV-Comaniciu
                              N       Mean      P05      P50      P95      MAX
  cliffbar                    328  .618018  .484599  .517855  .795598  3.54317
  coke11                      292  .483632  .481807   .48251  .490384   .59055
  david                       462  .324171  .271567  .298406  .342203  2.11359
  dollar                      327    .4996  .498989  .500231  .509615  .555771
  faceocc                     886  .329206  .311776  .318863   .35792  .415402
  faceocc2                    812  .523605  .515663  .523529  .552371  .588615
  girl                        502  .543755  .515381  .525575  .617767  .675637
  surfer                      376  .521503  .508669  .514355  .547749  1.22022
  sylv                       1344   .31545  .311352  .311969  .344844  .396087
  tiger1                      354  .514214  .504492  .505506   .59759  .643895
  tiger2                      365   .50749  .504665  .505551  .537889  .614416
  twinings                    467  .509254  .505709  .506244  .540658  .571086
  01_david                    761  .389305  .034917  .559558  .587876  .646053
  02_jumping                  313  .510029  .505445  .510315  .514962  .559934
  03_pedestrian1              140  .509345  .505405  .510875  .535531  .547741
  04_pedestrian2              338  .534978  .509888  .511099   .64688  .692575
  05_pedestrian3              184  .477446  .194455  .510804  .557342  .637942
  06_car                      945  .538754  .510037  .511186   .62265  1.41236
  07_motocross               2665  .555861  .538211  .559204  .564904  1.28419
  08_volkswagen              8576  .304878  .023822  .350178  .416998  .676578
  09_carchase                9928  .567682  .508096   .54948  .928058   1.8155
  10_panda                   3000  .841986  .837434  .837893  .872843  1.29246

BoofCV-MeanShiftHist
                              N       Mean      P05      P50      P95      MAX
  cliffbar                    328   .07069  .028612  .042316   .17011  2.46933
  coke11                      292  .015086  .012641  .012768    .0235  .281605
  david                       462  .030881  3.04E-04  3.94E-04  .136147  .891736
  dollar                      327  .100013  .068363  .069404   .19665  1.49141
  faceocc                     886  .135595   .08472  .086844    .2939  1.62627
  faceocc2                    812  .132493  .115042  .117569  .175109  1.01934
  girl                        502  .230903  .146001  .212771  .412054  1.33088
  surfer                      376  .024419  .014183  .018115   .04725  .134763
  sylv                       1344   .01781  .014266  .014562  .038253  .354782
  tiger1                      354  .024922  .019131  .019295  .048605   .16141
  tiger2                      365  .018193  .016443  .016558  .016856  .206913
  twinings                    467  .052436  .044899  .045063  .067187  .387758
  01_david                    761  .017179  1.28E-04  2.14E-04  .040907  .193947
  02_jumping                  313  .035798  .013204  .030628  .072709  .117835
  03_pedestrian1              140  .022281  9.99E-03  .018205  .047839  .082547
  04_pedestrian2              338  .020356  .014445    .0146   .04234  .100495
  05_pedestrian3              184  .014071  1.04E-04  .015395  .038885  .141521
  06_car                      945  .060593  .040024  .040555  .127812  .332439
  07_motocross               2665  2.96E-04  1.23E-04  1.98E-04  4.21E-04  .068028
  08_volkswagen              8576  5.43E-04  9.60E-05  1.10E-04  3.39E-04  .074272
  09_carchase                9928  1.54E-03  1.02E-04  1.59E-04  4.07E-04  .194812
  10_panda                   3000  8.80E-03  7.80E-03  8.13E-03  .012528  .050249

BoofCV-SparseFlow
                              N       Mean      P05      P50      P95      MAX
  cliffbar                    328  1.67817  5.27E-04  7.39E-04  8.69576  14.3022
  coke11                      292  .160927  3.49E-04  3.95E-04  1.03E-03  7.36502
  david                       462  4.93806  3.33E-04  6.80082  9.67978  12.2948
  dollar                      327  4.80913  2.65194  4.39947  8.00914  8.86087
  faceocc                     886  3.98215  3.43E-04  4.64586  8.12417  11.1525
  faceocc2                    812  2.43529  3.65E-04  4.58E-04  6.51293  10.1401
  girl                        502  1.10705  3.48E-04  3.95E-04  12.2098  16.5834
  surfer                      376  .286908  3.64E-04  4.15E-04  5.30E-04  11.2013
  sylv                       1344  2.54571  3.46E-04  4.04E-04  7.28118   9.5558
  tiger1                      354  .299929  3.27E-04  3.70E-04  4.85E-04  10.0649
  tiger2                      365  .997116  3.71E-04  4.54E-04    9.336  12.2084
  twinings                    467  1.74384  3.82E-04  4.47E-04  5.88804  8.99716
  01_david                    761  .027922  3.04E-04  3.44E-04  4.16E-04  11.1801
  02_jumping                  313   .34495  3.16E-04  3.67E-04  7.02E-04  8.88154
  03_pedestrian1              140  3.13996  3.18E-04  3.76E-04  11.8998  14.0649
  04_pedestrian2              338  .299679  8.60E-05  1.00E-04  1.54E-04  10.7807
  05_pedestrian3              184  2.24417  9.20E-05  1.22E-04  8.45034  9.58741
  06_car                      945  1.41595  9.10E-05  1.10E-04  7.60762  10.0994
  07_motocross               2665  .054398  8.30E-05  1.14E-04  1.58E-04  16.7483
  08_volkswagen              8576  1.39E-03  4.20E-05  6.80E-05  9.20E-05  10.1631
  09_carchase                9928  4.90E-03  5.70E-05  8.30E-05  1.06E-04  10.3989
  10_panda                   3000  .104185  5.90E-05  7.90E-05  1.08E-04  8.83752

Summary:
                              N       Mean      P05      P50      P95      MAX
  BoofCV-TLD                33365  57.9505  12.9195  55.3462   111.16  153.554
  BoofCV-Circulant          33365  .594534  .560966  .590489  .629144  8.83673
  BoofCV-Comaniciu          33365   .49258  .083191  .515348  .838558  3.54317
  BoofCV-MeanShiftHist      33365  .018959  1.01E-04  3.04E-04  .117371  2.46933
  BoofCV-SparseFlow         33365  .547454  4.80E-05  8.70E-05  5.83592  16.7483
