# GENERATOR DetectDescribeRegression
# Elapsed time in milliseconds

BoofSURF-Fast
                              N       Mean      P05      P50      P95      MAX
  bikes/                        6  114.904  76.9987  104.728  127.445  183.669
  boat/                         6  104.599  90.6166  95.0669  119.219  120.155
  graf/                         6  103.265  96.4912  103.566   106.83  107.608
  leuven/                       6  86.1342   72.971  83.6938  92.7976  101.472
  ubc/                          6  94.7123  81.8522  97.3334  99.2822  100.326
  trees/                        6  136.611  116.886   135.53  144.145  147.905
  wall/                         6  127.382  121.316  122.949  124.781  147.896
  bark/                         6  77.6507  73.0098  77.4562  79.8688  82.5788

BoofSURF-Fast_Color
                              N       Mean      P05      P50      P95      MAX
  bikes/                        6  167.086  112.807  163.798  187.197  231.096
  boat/                         6  105.769  91.8381  96.0165   118.85  121.059
  graf/                         6  196.717  182.419  197.506  201.735  208.215
  leuven/                       6  154.623   128.29  145.981  170.249  191.236
  ubc/                          6   177.22  146.615  181.105  188.247  191.928
  trees/                        6  266.076  216.111  264.766   284.35  294.806
  wall/                         6  250.619   239.34  239.769  246.178  295.212
  bark/                         6  145.102  138.178  138.919  151.652  154.816

BoofSURF-Stable
                              N       Mean      P05      P50      P95      MAX
  bikes/                        6  216.556  130.391  221.329  244.105  304.538
  boat/                         6  251.787  208.927  222.304  285.566  307.096
  graf/                         6   263.25  242.362  264.408  273.682  277.513
  leuven/                       6  199.109  152.175   187.31  225.177   253.21
  ubc/                          6  242.118  192.006  245.757  263.832  266.048
  trees/                        6   361.56  285.381  356.555  390.037  405.255
  wall/                         6  345.039   325.91  331.972  339.924  406.352
  bark/                         6  195.984  185.274  186.194  206.842  210.044

BoofSURF-Stable_Color
                              N       Mean      P05      P50      P95      MAX
  bikes/                        6  319.014  189.385  288.001  372.274  479.952
  boat/                         6  251.373  209.193   222.28  283.703  306.053
  graf/                         6  414.733  380.198  416.908  432.174  437.496
  leuven/                       6  310.004  240.095  288.674  352.124  400.065
  ubc/                          6   373.29  286.945   381.36  404.085  420.684
  trees/                        6  570.104   445.64    569.1  614.628  641.597
  wall/                         6  543.346  512.079  520.911  533.871  645.038
  bark/                         6  305.826  287.693  289.897  322.657  328.974

BoofSIFT
                              N       Mean      P05      P50      P95      MAX
  bikes/                        6  275.773  219.328  254.751  261.588  414.247
  boat/                         6  242.699  232.343  242.379  250.868   251.33
  graf/                         6  168.149  156.489  169.513  172.971  173.511
  leuven/                       6  187.566    184.4  186.734  189.728  190.823
  ubc/                          6  230.696  209.564   232.78  237.221  237.828
  trees/                        6  312.525  284.012  313.526  320.621  327.678
  wall/                         6  313.377  297.903  303.893   315.39  350.095
  bark/                         6  202.617  194.615  202.608  204.525  214.439


Summary:
                              N       Mean      P05      P50      P95      MAX
  BoofSURF-Fast                48  105.657  73.4886  100.326  144.145  183.669
  BoofSURF-Fast_Color          48  182.901  96.0165  181.105  277.302  295.212
  BoofSURF-Stable              48  259.425  158.455   252.18  379.162  406.352
  BoofSURF-Stable_Color        48  385.961  215.845  372.274  596.441  645.038
  BoofSIFT                     48  241.675  169.513   233.37  320.621  414.247
