# File: carpet/move_in Algorithm = FH-SURF-KLT  skip 1 tolerance = 5.0
# (time tick) ( F ) ( F all inside) (precision) (recall) (recall all inside) (tracks)
0001  0.999  0.999  0.999  0.999  0.999 677
0002  0.999  0.999  0.999  0.999  0.999 677
0003  0.999  0.999  0.999  0.999  0.999 677
0004  0.998  0.998  0.999  0.997  0.997 676
0005  0.998  0.998  0.999  0.997  0.997 676
0006  0.996  0.996  0.997  0.994  0.996 675
0007  0.994  0.995  0.997  0.991  0.993 673
0008  0.994  0.995  0.997  0.991  0.993 673
0009  0.990  0.993  0.997  0.984  0.988 668
0010  0.991  0.994  0.999  0.984  0.990 667
0011  0.987  0.991  0.997  0.978  0.985 664
0012  0.985  0.992  0.997  0.973  0.987 661
0013  0.978  0.986  0.992  0.965  0.979 658
0014  0.980  0.988  0.994  0.966  0.982 658
0015  0.978  0.989  0.992  0.963  0.986 657
0016  0.970  0.984  0.988  0.953  0.980 653
0017  0.966  0.981  0.986  0.947  0.976 650
0018  0.964  0.980  0.988  0.941  0.973 645
0019  0.959  0.979  0.986  0.934  0.972 641
0020  0.957  0.979  0.986  0.929  0.972 638
0021  0.955  0.980  0.987  0.925  0.972 634
0022  0.955  0.981  0.987  0.925  0.975 634
0023  0.953  0.979  0.986  0.922  0.972 633
0024  0.957  0.984  0.991  0.926  0.977 633
0025  0.955  0.982  0.990  0.922  0.973 630
0026  0.949  0.978  0.986  0.914  0.970 628
0027  0.949  0.979  0.987  0.914  0.970 627
0028  0.943  0.972  0.982  0.907  0.962 625
0029  0.940  0.971  0.981  0.903  0.962 623
0030  0.937  0.970  0.982  0.897  0.957 618
0031  0.937  0.970  0.982  0.895  0.959 617
0032  0.932  0.966  0.977  0.891  0.954 617
0033  0.924  0.957  0.965  0.886  0.949 622
0034  0.923  0.956  0.965  0.885  0.948 621
0035  0.920  0.954  0.963  0.880  0.945 619
0036  0.922  0.957  0.966  0.882  0.949 618
0037  0.917  0.954  0.961  0.876  0.947 617
0038  0.916  0.956  0.963  0.874  0.949 615
0039  0.916  0.956  0.963  0.874  0.950 615
0040  0.910  0.950  0.956  0.869  0.944 615
0041  0.912  0.952  0.958  0.870  0.947 615
0042  0.911  0.954  0.958  0.869  0.950 614
0043  0.915  0.959  0.964  0.871  0.953 612
0044  0.911  0.954  0.959  0.867  0.948 612
0045  0.908  0.951  0.957  0.864  0.945 611
0046  0.908  0.951  0.959  0.863  0.943 609
0047  0.900  0.943  0.951  0.854  0.935 608
0048  0.902  0.946  0.954  0.855  0.938 607
0049  0.902  0.946  0.957  0.852  0.935 603
0050  0.888  0.936  0.950  0.835  0.923 595
0051  0.888  0.939  0.953  0.832  0.926 591
0052  0.882  0.937  0.949  0.824  0.925 588
0053  0.879  0.938  0.947  0.820  0.930 586
0054  0.879  0.941  0.950  0.818  0.931 583
0055  0.879  0.941  0.952  0.817  0.931 581
0056  0.874  0.937  0.950  0.809  0.924 577
0057  0.872  0.938  0.954  0.802  0.922 569
0058  0.864  0.932  0.946  0.795  0.919 569
0059  0.859  0.936  0.947  0.786  0.925 562
0060  0.854  0.934  0.943  0.780  0.924 560
0061  0.855  0.937  0.946  0.780  0.928 558
0062  0.855  0.941  0.946  0.780  0.936 558
0063  0.848  0.935  0.944  0.770  0.927 552
0064  0.837  0.927  0.938  0.756  0.917 546
0065  0.834  0.929  0.936  0.752  0.922 544
0066  0.833  0.929  0.937  0.749  0.922 541
0067  0.830  0.930  0.935  0.746  0.925 540
0068  0.827  0.928  0.931  0.743  0.924 540
0069  0.823  0.925  0.929  0.739  0.921 538
0070  0.827  0.931  0.935  0.742  0.928 537
0071  0.818  0.921  0.927  0.731  0.915 534
0072  0.820  0.925  0.931  0.733  0.920 533
0073  0.816  0.921  0.928  0.728  0.914 531
0074  0.811  0.918  0.924  0.722  0.912 529
0075  0.808  0.920  0.922  0.719  0.917 528
0076  0.805  0.916  0.919  0.716  0.913 528
0077  0.798  0.909  0.914  0.708  0.903 524
0078  0.796  0.907  0.914  0.705  0.900 522
0079  0.790  0.903  0.908  0.699  0.897 521
0080  0.780  0.893  0.900  0.688  0.886 518
0081  0.770  0.882  0.876  0.687  0.887 531
0082  0.761  0.872  0.869  0.677  0.876 527
0083  0.755  0.870  0.865  0.671  0.875 525
0084  0.752  0.868  0.862  0.666  0.874 523
0085  0.754  0.873  0.866  0.668  0.879 522
0086  0.750  0.874  0.863  0.663  0.884 520
0087  0.757  0.885  0.871  0.669  0.899 520
0088  0.739  0.867  0.855  0.651  0.880 516
0089  0.737  0.867  0.855  0.647  0.880 512
0090  0.741  0.875  0.861  0.650  0.889 511
0091  0.732  0.867  0.853  0.641  0.882 509
0092  0.723  0.860  0.846  0.631  0.875 505
0093  0.724  0.864  0.849  0.631  0.880 503
0094  0.722  0.864  0.850  0.628  0.878 500
0095  0.714  0.857  0.843  0.619  0.871 497
0096  0.712  0.861  0.847  0.614  0.876 491
0097  0.700  0.851  0.841  0.600  0.862 483
0098  0.693  0.852  0.845  0.588  0.860 471
0099  0.690  0.853  0.843  0.585  0.863 470
0100  0.684  0.847  0.839  0.578  0.856 466
0101  0.679  0.843  0.836  0.572  0.851 463
0102  0.668  0.830  0.828  0.560  0.833 458
0103  0.660  0.822  0.823  0.551  0.820 453
0104  0.655  0.819  0.822  0.545  0.816 449
0105  0.653  0.822  0.824  0.541  0.821 444
0106  0.646  0.816  0.815  0.535  0.817 444
0107  0.643  0.819  0.813  0.532  0.826 443
0108  0.634  0.817  0.806  0.523  0.827 439
0109  0.631  0.813  0.804  0.520  0.822 438
0110  0.619  0.799  0.793  0.508  0.806 434
0111  0.606  0.788  0.772  0.499  0.805 438
0112  0.610  0.796  0.779  0.501  0.813 435
0113  0.595  0.779  0.764  0.487  0.795 432
0114  0.596  0.788  0.767  0.487  0.809 430
0115  0.590  0.780  0.760  0.482  0.801 429
0116  0.572  0.762  0.746  0.464  0.779 421
0117  0.564  0.761  0.739  0.456  0.784 418
0118  0.567  0.769  0.750  0.456  0.788 412
0119  0.550  0.750  0.740  0.437  0.761 400
0120  0.537  0.737  0.717  0.430  0.758 406
0121  0.524  0.727  0.707  0.417  0.748 399
0122  0.520  0.728  0.705  0.412  0.752 396
0123  0.511  0.723  0.696  0.403  0.752 392
0124  0.506  0.720  0.692  0.399  0.750 390
0125  0.499  0.716  0.684  0.393  0.751 389
0126  0.499  0.719  0.687  0.391  0.755 386
0127  0.483  0.701  0.670  0.378  0.736 382
0128  0.481  0.699  0.668  0.375  0.732 380
0129  0.483  0.705  0.675  0.377  0.739 378
0130  0.465  0.682  0.647  0.363  0.721 380
0131  0.451  0.669  0.632  0.350  0.710 375
0132  0.443  0.663  0.625  0.343  0.705 371
0133  0.435  0.654  0.619  0.335  0.694 367
0134  0.437  0.664  0.627  0.335  0.705 362
0135  0.432  0.663  0.620  0.331  0.711 361
0136  0.423  0.652  0.610  0.323  0.700 359
0137  0.419  0.650  0.608  0.319  0.697 355
0138  0.408  0.637  0.597  0.310  0.684 352
0139  0.407  0.636  0.595  0.309  0.683 351
0140  0.397  0.624  0.583  0.301  0.671 350
0141  0.397  0.624  0.583  0.301  0.671 350
0142  0.392  0.617  0.576  0.297  0.663 349
0143  0.400  0.632  0.591  0.303  0.679 347
0144  0.391  0.618  0.582  0.294  0.659 342
0145  0.383  0.607  0.572  0.288  0.648 341
0146  0.382  0.611  0.572  0.287  0.655 339
0147  0.364  0.585  0.551  0.272  0.624 334
0148  0.359  0.581  0.550  0.266  0.614 327
0149  0.351  0.571  0.540  0.260  0.607 326
0150  0.332  0.544  0.516  0.245  0.576 322
0151  0.327  0.542  0.511  0.241  0.578 319
0152  0.323  0.540  0.511  0.236  0.571 313
0153  0.310  0.519  0.487  0.227  0.556 316
0154  0.303  0.510  0.478  0.222  0.547 314
0155  0.301  0.514  0.478  0.220  0.556 312
0156  0.300  0.516  0.477  0.219  0.561 310
0157  0.300  0.521  0.485  0.217  0.563 303
0158  0.289  0.509  0.472  0.208  0.553 299
0159  0.283  0.501  0.463  0.204  0.545 298
0160  0.274  0.490  0.454  0.196  0.532 293
0161  0.276  0.499  0.457  0.198  0.549 293
0162  0.275  0.500  0.459  0.196  0.550 290
0163  0.270  0.495  0.455  0.192  0.544 286
0164  0.266  0.493  0.451  0.189  0.545 284
0165  0.254  0.472  0.430  0.180  0.524 284
0166  0.252  0.470  0.428  0.179  0.522 283
0167  0.253  0.475  0.434  0.179  0.524 279
0168  0.246  0.463  0.424  0.173  0.511 276
0169  0.239  0.455  0.415  0.168  0.504 275
0170  0.229  0.439  0.403  0.160  0.482 268
0171  0.221  0.426  0.391  0.154  0.468 266
0172  0.219  0.427  0.393  0.152  0.466 262
0173  0.207  0.404  0.372  0.143  0.443 261
0174  0.203  0.403  0.367  0.140  0.448 259
0175  0.199  0.398  0.362  0.137  0.443 257
0176  0.193  0.389  0.353  0.133  0.433 255
0177  0.188  0.385  0.347  0.129  0.433 251
0178  0.186  0.386  0.345  0.127  0.437 249
0179  0.173  0.365  0.325  0.118  0.417 246
0180  0.172  0.365  0.325  0.117  0.416 243
0181  0.172  0.367  0.326  0.117  0.418 242
0182  0.168  0.359  0.320  0.114  0.410 241
0183  0.163  0.349  0.305  0.111  0.408 246
0184  0.158  0.341  0.297  0.108  0.401 246
0185  0.159  0.344  0.299  0.108  0.403 244
0186  0.152  0.330  0.287  0.103  0.389 244
0187  0.152  0.333  0.288  0.103  0.393 243
0188  0.142  0.312  0.271  0.096  0.367 240
0189  0.131  0.292  0.254  0.089  0.343 236
0190  0.134  0.299  0.261  0.090  0.351 234
0191  0.128  0.289  0.250  0.086  0.343 232
0192  0.121  0.277  0.240  0.081  0.327 229
0193  0.115  0.266  0.232  0.077  0.311 224
0194  0.109  0.255  0.222  0.072  0.301 221
0195  0.103  0.244  0.213  0.068  0.286 216
0196  0.101  0.244  0.213  0.066  0.285 211
0197  0.101  0.245  0.213  0.066  0.288 211
0198  0.095  0.233  0.202  0.062  0.276 208
0199  0.093  0.232  0.200  0.061  0.275 205
0200  0.095  0.241  0.207  0.062  0.288 203
0201  0.089  0.228  0.197  0.058  0.271 198
0202  0.089  0.232  0.200  0.058  0.277 195
0203  0.085  0.224  0.191  0.055  0.272 194
0204  0.081  0.214  0.182  0.052  0.259 192
0205  0.079  0.212  0.181  0.050  0.256 188
0206  0.079  0.213  0.182  0.050  0.258 187
0207  0.074  0.203  0.173  0.047  0.246 185
0208  0.081  0.225  0.192  0.052  0.271 182
0209  0.077  0.214  0.182  0.049  0.258 181
0210  0.077  0.216  0.183  0.049  0.264 180
0211  0.080  0.231  0.200  0.050  0.272 170
0212  0.076  0.218  0.189  0.047  0.258 169
0213  0.069  0.201  0.174  0.043  0.238 167
0214  0.071  0.213  0.181  0.044  0.259 166
0215  0.069  0.209  0.178  0.043  0.254 163
0216  0.057  0.175  0.149  0.035  0.212 161
0217  0.060  0.182  0.155  0.037  0.221 161
0218  0.055  0.169  0.143  0.034  0.207 161
0219  0.060  0.184  0.155  0.037  0.225 161
0220  0.055  0.171  0.143  0.034  0.213 161
0221  0.057  0.180  0.151  0.035  0.224 159
0222  0.050  0.161  0.135  0.031  0.198 155
0223  0.045  0.142  0.117  0.028  0.181 162
0224  0.045  0.145  0.119  0.028  0.186 160
0225  0.046  0.147  0.120  0.028  0.190 158
0226  0.036  0.118  0.097  0.022  0.152 155
0227  0.036  0.120  0.098  0.022  0.156 153
0228  0.031  0.106  0.086  0.019  0.137 151
0229  0.031  0.106  0.086  0.019  0.138 151
0230  0.029  0.098  0.080  0.018  0.128 150
0231  0.029  0.099  0.080  0.018  0.129 150
0232  0.032  0.109  0.088  0.019  0.143 148
0233  0.029  0.095  0.074  0.018  0.132 162
0234  0.029  0.095  0.074  0.018  0.133 162
0235  0.029  0.097  0.075  0.018  0.135 159
0236  0.029  0.098  0.075  0.018  0.138 159
0237  0.029  0.098  0.075  0.018  0.138 159
0238  0.029  0.098  0.076  0.018  0.138 158
0239  0.029  0.099  0.076  0.018  0.140 157
0240  0.024  0.083  0.064  0.015  0.119 157
