# File: carpet/rotate Algorithm = FH-SURF-KLT  skip 1 tolerance = 5.0
# (time tick) ( F ) ( F all inside) (precision) (recall) (recall all inside) (tracks)
0001  1.000  1.000  1.000  1.000  1.000 587
0002  1.000  1.000  1.000  1.000  1.000 587
0003  1.000  1.000  1.000  1.000  1.000 587
0004  0.996  0.996  0.998  0.993  0.993 584
0005  0.995  0.995  1.000  0.990  0.990 581
0006  0.991  0.994  0.998  0.985  0.990 579
0007  0.989  0.993  0.998  0.980  0.988 576
0008  0.987  0.995  0.998  0.976  0.991 574
0009  0.983  0.991  0.998  0.968  0.984 569
0010  0.982  0.995  0.998  0.966  0.991 568
0011  0.979  0.994  0.998  0.961  0.989 565
0012  0.978  0.994  0.998  0.959  0.989 564
0013  0.977  0.994  0.998  0.957  0.989 563
0014  0.973  0.991  0.996  0.951  0.986 560
0015  0.969  0.988  0.996  0.944  0.981 556
0016  0.968  0.990  0.996  0.942  0.984 555
0017  0.968  0.991  0.996  0.942  0.986 555
0018  0.967  0.991  0.996  0.939  0.986 553
0019  0.966  0.991  0.996  0.937  0.986 552
0020  0.960  0.986  0.996  0.927  0.977 546
0021  0.959  0.985  0.995  0.925  0.975 546
0022  0.958  0.987  0.996  0.923  0.978 544
0023  0.955  0.986  0.994  0.918  0.978 542
0024  0.956  0.987  0.996  0.918  0.978 541
0025  0.948  0.981  0.991  0.910  0.971 539
0026  0.945  0.979  0.987  0.906  0.971 539
0027  0.944  0.981  0.989  0.903  0.972 536
0028  0.941  0.978  0.987  0.899  0.969 535
0029  0.945  0.983  0.991  0.903  0.976 535
0030  0.942  0.981  0.989  0.899  0.972 534
0031  0.935  0.976  0.978  0.896  0.974 538
0032  0.934  0.976  0.978  0.894  0.974 537
0033  0.935  0.977  0.979  0.894  0.974 536
0034  0.930  0.972  0.974  0.889  0.970 536
0035  0.920  0.964  0.964  0.879  0.963 535
0036  0.921  0.965  0.966  0.879  0.964 534
0037  0.913  0.960  0.962  0.869  0.957 530
0038  0.898  0.944  0.951  0.852  0.938 526
0039  0.902  0.950  0.956  0.853  0.944 524
0040  0.892  0.942  0.946  0.843  0.938 523
0041  0.881  0.937  0.940  0.830  0.933 518
0042  0.877  0.938  0.943  0.819  0.932 510
0043  0.869  0.932  0.937  0.811  0.926 508
0044  0.869  0.936  0.939  0.809  0.933 506
0045  0.859  0.926  0.929  0.799  0.923 505
0046  0.858  0.925  0.930  0.796  0.919 502
0047  0.854  0.922  0.928  0.790  0.915 500
0048  0.850  0.918  0.926  0.785  0.911 498
0049  0.854  0.930  0.932  0.789  0.928 497
0050  0.843  0.918  0.921  0.777  0.914 495
0051  0.837  0.911  0.917  0.770  0.906 493
0052  0.838  0.914  0.920  0.768  0.907 490
0053  0.822  0.898  0.896  0.760  0.901 498
0054  0.814  0.893  0.891  0.750  0.896 494
0055  0.817  0.899  0.898  0.750  0.900 490
0056  0.816  0.899  0.898  0.748  0.901 489
0057  0.814  0.901  0.896  0.746  0.907 489
0058  0.807  0.895  0.891  0.738  0.898 486
0059  0.803  0.890  0.887  0.734  0.894 486
0060  0.801  0.888  0.886  0.731  0.890 484
0061  0.793  0.882  0.880  0.722  0.885 482
0062  0.793  0.883  0.881  0.721  0.885 480
0063  0.791  0.881  0.879  0.719  0.883 480
0064  0.780  0.868  0.867  0.709  0.870 480
0065  0.764  0.851  0.850  0.693  0.853 479
0066  0.762  0.851  0.849  0.692  0.853 478
0067  0.756  0.846  0.843  0.685  0.850 477
0068  0.752  0.842  0.839  0.681  0.846 477
0069  0.756  0.847  0.843  0.685  0.852 477
0070  0.737  0.827  0.825  0.666  0.828 474
0071  0.734  0.823  0.822  0.663  0.824 473
0072  0.718  0.806  0.805  0.647  0.807 472
0073  0.718  0.807  0.807  0.647  0.807 471
0074  0.707  0.795  0.794  0.637  0.796 471
0075  0.702  0.789  0.789  0.632  0.789 470
0076  0.702  0.790  0.789  0.632  0.791 470
0077  0.694  0.784  0.782  0.624  0.785 468
0078  0.686  0.775  0.775  0.615  0.775 466
0079  0.674  0.764  0.762  0.605  0.767 466
0080  0.679  0.769  0.768  0.608  0.771 465
0081  0.676  0.767  0.765  0.605  0.768 464
0082  0.653  0.742  0.739  0.584  0.744 464
0083  0.657  0.746  0.744  0.588  0.748 464
0084  0.644  0.732  0.732  0.576  0.733 462
0085  0.622  0.708  0.707  0.555  0.709 461
0086  0.619  0.706  0.708  0.550  0.704 456
0087  0.619  0.708  0.709  0.549  0.706 454
0088  0.620  0.699  0.694  0.560  0.705 474
0089  0.619  0.700  0.695  0.559  0.706 472
0090  0.612  0.695  0.688  0.552  0.702 471
0091  0.616  0.698  0.693  0.554  0.704 469
0092  0.598  0.680  0.675  0.537  0.686 467
0093  0.596  0.682  0.674  0.535  0.690 466
0094  0.593  0.677  0.670  0.532  0.686 466
0095  0.585  0.669  0.663  0.523  0.674 463
0096  0.575  0.660  0.654  0.513  0.666 460
0097  0.560  0.644  0.637  0.499  0.651 460
0098  0.550  0.633  0.629  0.489  0.637 456
0099  0.554  0.640  0.637  0.491  0.642 452
0100  0.553  0.640  0.636  0.489  0.643 451
0101  0.550  0.637  0.635  0.486  0.640 449
0102  0.528  0.612  0.611  0.465  0.613 447
0103  0.547  0.635  0.633  0.482  0.637 447
0104  0.545  0.633  0.631  0.480  0.634 447
0105  0.527  0.611  0.610  0.463  0.613 446
0106  0.533  0.619  0.619  0.468  0.619 444
0107  0.521  0.605  0.606  0.457  0.603 442
0108  0.532  0.621  0.620  0.465  0.621 440
0109  0.530  0.620  0.620  0.463  0.620 439
0110  0.522  0.611  0.610  0.457  0.612 439
0111  0.531  0.621  0.621  0.463  0.621 438
0112  0.519  0.607  0.607  0.453  0.607 438
0113  0.537  0.629  0.628  0.468  0.630 438
0114  0.544  0.638  0.637  0.475  0.639 438
0115  0.531  0.622  0.621  0.463  0.623 438
0116  0.525  0.615  0.614  0.458  0.616 438
0117  0.540  0.633  0.632  0.472  0.634 438
0118  0.542  0.636  0.635  0.474  0.637 438
0119  0.554  0.650  0.648  0.484  0.651 438
0120  0.554  0.650  0.648  0.484  0.651 438
0121  0.562  0.659  0.658  0.491  0.660 438
0122  0.568  0.666  0.664  0.496  0.667 438
0123  0.574  0.673  0.671  0.501  0.675 438
0124  0.572  0.671  0.669  0.499  0.672 438
0125  0.568  0.666  0.664  0.496  0.667 438
0126  0.570  0.668  0.667  0.497  0.670 438
0127  0.570  0.668  0.667  0.497  0.670 438
0128  0.576  0.675  0.674  0.503  0.677 438
0129  0.574  0.673  0.671  0.501  0.675 438
0130  0.572  0.671  0.669  0.499  0.672 438
0131  0.585  0.687  0.685  0.511  0.689 438
0132  0.574  0.673  0.671  0.501  0.675 438
0133  0.576  0.675  0.674  0.503  0.677 438
0134  0.568  0.668  0.666  0.496  0.670 437
0135  0.566  0.666  0.664  0.494  0.667 437
0136  0.576  0.677  0.675  0.503  0.679 437
0137  0.574  0.675  0.673  0.501  0.677 437
0138  0.565  0.665  0.663  0.492  0.667 436
0139  0.568  0.669  0.667  0.494  0.672 435
0140  0.568  0.669  0.667  0.494  0.672 435
0141  0.566  0.667  0.664  0.492  0.670 435
0142  0.570  0.674  0.671  0.496  0.677 434
0143  0.576  0.681  0.677  0.501  0.684 434
0144  0.566  0.669  0.666  0.492  0.672 434
0145  0.563  0.666  0.663  0.489  0.670 433
0146  0.563  0.666  0.663  0.489  0.670 433
0147  0.567  0.671  0.667  0.492  0.675 433
0148  0.561  0.664  0.661  0.487  0.667 433
0149  0.572  0.677  0.675  0.496  0.679 431
0150  0.585  0.676  0.673  0.518  0.679 452
0151  0.577  0.667  0.664  0.511  0.670 452
0152  0.576  0.664  0.662  0.509  0.667 452
0153  0.592  0.684  0.681  0.523  0.686 451
0154  0.586  0.677  0.676  0.518  0.679 450
0155  0.594  0.687  0.684  0.525  0.689 450
0156  0.588  0.680  0.678  0.520  0.682 450
0157  0.587  0.678  0.677  0.518  0.679 449
0158  0.587  0.679  0.679  0.518  0.679 448
0159  0.591  0.683  0.683  0.521  0.684 448
0160  0.583  0.675  0.675  0.513  0.675 446
0161  0.587  0.680  0.681  0.516  0.679 445
0162  0.579  0.671  0.672  0.509  0.670 445
0163  0.589  0.682  0.683  0.518  0.682 445
0164  0.595  0.689  0.690  0.523  0.689 445
0165  0.594  0.688  0.689  0.521  0.686 444
0166  0.595  0.692  0.692  0.521  0.691 442
0167  0.595  0.692  0.692  0.521  0.691 442
0168  0.595  0.692  0.692  0.521  0.691 442
0169  0.603  0.701  0.701  0.528  0.700 442
0170  0.610  0.710  0.710  0.535  0.710 442
0171  0.608  0.708  0.708  0.533  0.708 442
0172  0.613  0.714  0.714  0.537  0.715 441
0173  0.619  0.723  0.723  0.542  0.724 440
0174  0.606  0.707  0.707  0.530  0.708 440
0175  0.608  0.709  0.709  0.532  0.710 440
0176  0.611  0.714  0.714  0.535  0.715 440
0177  0.617  0.721  0.720  0.540  0.722 440
0178  0.613  0.716  0.716  0.537  0.717 440
0179  0.608  0.709  0.709  0.532  0.710 440
0180  0.606  0.708  0.708  0.530  0.708 439
0181  0.602  0.703  0.704  0.526  0.703 439
0182  0.616  0.720  0.720  0.538  0.719 439
0183  0.614  0.717  0.718  0.537  0.717 439
0184  0.606  0.709  0.708  0.530  0.710 439
0185  0.616  0.721  0.720  0.538  0.722 439
0186  0.616  0.721  0.720  0.538  0.722 439
0187  0.615  0.719  0.719  0.537  0.719 438
0188  0.609  0.712  0.712  0.532  0.712 438
0189  0.609  0.712  0.712  0.532  0.712 438
0190  0.605  0.708  0.708  0.528  0.708 438
0191  0.603  0.705  0.705  0.526  0.705 438
0192  0.603  0.705  0.705  0.526  0.705 438
0193  0.611  0.715  0.715  0.533  0.715 438
0194  0.601  0.703  0.703  0.525  0.703 438
0195  0.597  0.698  0.699  0.521  0.698 438
0196  0.597  0.698  0.699  0.521  0.698 438
0197  0.591  0.691  0.692  0.516  0.691 438
0198  0.587  0.687  0.687  0.513  0.686 438
0199  0.595  0.697  0.696  0.520  0.698 438
