# File: carpet/skew Algorithm = FH-SURF-KLT  skip 1 tolerance = 5.0
# (time tick) ( F ) ( F all inside) (precision) (recall) (recall all inside) (tracks)
0001  0.997  0.997  0.997  0.997  0.997 657
0002  0.997  0.997  0.997  0.997  0.997 657
0003  0.998  0.998  0.998  0.998  0.998 657
0004  0.997  0.997  0.997  0.997  0.997 657
0005  0.995  0.995  0.995  0.995  0.995 657
0006  0.993  0.993  0.994  0.992  0.992 656
0007  0.992  0.992  0.994  0.991  0.991 655
0008  0.992  0.992  0.994  0.989  0.989 654
0009  0.991  0.992  0.994  0.988  0.989 653
0010  0.989  0.990  0.994  0.985  0.986 651
0011  0.986  0.988  0.992  0.980  0.983 649
0012  0.984  0.988  0.992  0.976  0.983 646
0013  0.983  0.988  0.992  0.974  0.983 645
0014  0.979  0.985  0.989  0.970  0.980 644
0015  0.981  0.987  0.992  0.970  0.982 642
0016  0.978  0.986  0.991  0.965  0.981 640
0017  0.975  0.984  0.989  0.962  0.978 639
0018  0.976  0.987  0.991  0.962  0.983 638
0019  0.973  0.984  0.991  0.956  0.978 634
0020  0.970  0.982  0.990  0.950  0.973 630
0021  0.962  0.976  0.987  0.938  0.966 624
0022  0.955  0.971  0.987  0.925  0.956 616
0023  0.949  0.972  0.984  0.916  0.960 612
0024  0.946  0.973  0.987  0.909  0.960 605
0025  0.944  0.979  0.988  0.904  0.971 601
0026  0.928  0.965  0.976  0.884  0.954 595
0027  0.923  0.962  0.975  0.877  0.950 591
0028  0.915  0.961  0.971  0.865  0.951 585
0029  0.917  0.968  0.979  0.863  0.956 579
0030  0.911  0.963  0.974  0.855  0.953 577
0031  0.901  0.958  0.965  0.845  0.950 575
0032  0.898  0.958  0.970  0.836  0.947 566
0033  0.893  0.959  0.971  0.826  0.946 559
0034  0.884  0.956  0.964  0.816  0.949 556
0035  0.886  0.966  0.968  0.817  0.964 555
0036  0.888  0.968  0.971  0.817  0.966 553
0037  0.878  0.958  0.969  0.802  0.948 544
0038  0.867  0.951  0.951  0.796  0.951 550
0039  0.857  0.946  0.945  0.784  0.947 545
0040  0.854  0.947  0.946  0.778  0.948 540
0041  0.850  0.947  0.946  0.772  0.948 536
0042  0.846  0.947  0.947  0.764  0.947 530
0043  0.840  0.946  0.943  0.756  0.948 527
0044  0.834  0.943  0.941  0.749  0.946 523
0045  0.830  0.940  0.940  0.743  0.940 519
0046  0.820  0.935  0.936  0.729  0.934 512
0047  0.813  0.933  0.935  0.720  0.931 506
0048  0.808  0.932  0.931  0.714  0.934 504
0049  0.809  0.941  0.936  0.712  0.945 500
0050  0.798  0.932  0.926  0.702  0.939 498
0051  0.794  0.932  0.927  0.694  0.936 492
0052  0.791  0.931  0.926  0.689  0.936 489
0053  0.785  0.929  0.922  0.683  0.935 487
0054  0.785  0.932  0.924  0.682  0.941 485
0055  0.777  0.928  0.921  0.673  0.934 480
0056  0.772  0.925  0.916  0.667  0.934 478
0057  0.766  0.923  0.914  0.659  0.933 474
0058  0.765  0.926  0.915  0.658  0.937 472
0059  0.756  0.920  0.910  0.647  0.930 467
0060  0.741  0.907  0.902  0.629  0.912 458
0061  0.721  0.893  0.873  0.615  0.914 463
0062  0.720  0.894  0.874  0.612  0.916 460
0063  0.700  0.878  0.857  0.592  0.900 454
0064  0.690  0.878  0.856  0.578  0.900 444
0065  0.686  0.877  0.858  0.571  0.897 437
0066  0.678  0.874  0.854  0.562  0.896 432
0067  0.670  0.873  0.852  0.553  0.894 426
0068  0.667  0.872  0.851  0.548  0.893 423
0069  0.652  0.855  0.832  0.536  0.880 423
0070  0.636  0.849  0.823  0.518  0.876 413
0071  0.624  0.849  0.827  0.501  0.873 398
0072  0.590  0.826  0.796  0.469  0.858 387
0073  0.592  0.835  0.802  0.469  0.870 384
0074  0.580  0.826  0.796  0.457  0.860 377
0075  0.558  0.806  0.777  0.435  0.836 368
0076  0.559  0.821  0.787  0.434  0.858 362
0077  0.536  0.799  0.763  0.412  0.839 355
0078  0.526  0.788  0.740  0.408  0.843 362
0079  0.516  0.781  0.732  0.399  0.837 358
0080  0.507  0.772  0.722  0.391  0.829 356
0081  0.497  0.758  0.709  0.382  0.815 354
0082  0.489  0.750  0.703  0.374  0.804 350
0083  0.479  0.742  0.696  0.365  0.795 345
0084  0.472  0.735  0.688  0.359  0.789 343
0085  0.463  0.729  0.682  0.350  0.782 337
0086  0.446  0.707  0.664  0.336  0.757 333
0087  0.434  0.695  0.646  0.327  0.752 333
0088  0.429  0.689  0.640  0.323  0.746 331
0089  0.424  0.688  0.633  0.318  0.752 330
0090  0.412  0.674  0.625  0.307  0.732 323
0091  0.405  0.670  0.619  0.301  0.731 320
0092  0.397  0.666  0.613  0.294  0.728 315
0093  0.400  0.676  0.622  0.295  0.740 312
0094  0.383  0.649  0.599  0.282  0.709 309
0095  0.377  0.643  0.595  0.275  0.699 304
0096  0.381  0.652  0.602  0.279  0.712 304
0097  0.360  0.613  0.550  0.268  0.693 320
0098  0.347  0.596  0.535  0.257  0.673 316
0099  0.334  0.581  0.518  0.247  0.661 313
0100  0.331  0.580  0.516  0.244  0.661 310
0101  0.317  0.561  0.498  0.233  0.643 307
0102  0.308  0.551  0.488  0.225  0.632 303
0103  0.312  0.561  0.498  0.227  0.642 299
0104  0.299  0.544  0.485  0.216  0.620 293
0105  0.298  0.548  0.488  0.215  0.624 289
0106  0.284  0.525  0.469  0.204  0.598 286
0107  0.285  0.529  0.470  0.204  0.604 285
0108  0.283  0.527  0.470  0.202  0.599 283
0109  0.273  0.512  0.456  0.195  0.584 281
0110  0.275  0.519  0.461  0.196  0.594 280
0111  0.267  0.508  0.450  0.190  0.584 278
0112  0.268  0.512  0.453  0.190  0.590 276
0113  0.250  0.480  0.426  0.177  0.550 272
0114  0.248  0.485  0.432  0.174  0.553 264
0115  0.241  0.477  0.422  0.169  0.550 263
0116  0.237  0.472  0.416  0.166  0.545 262
0117  0.236  0.474  0.419  0.164  0.545 258
0118  0.226  0.457  0.402  0.157  0.528 256
0119  0.233  0.476  0.417  0.161  0.555 254
0120  0.219  0.457  0.399  0.151  0.535 248
0121  0.209  0.442  0.387  0.143  0.516 243
0122  0.203  0.425  0.360  0.142  0.517 258
0123  0.200  0.420  0.357  0.139  0.511 255
0124  0.197  0.417  0.353  0.137  0.508 255
0125  0.191  0.406  0.345  0.132  0.492 252
0126  0.194  0.414  0.351  0.134  0.506 251
0127  0.192  0.410  0.347  0.132  0.503 251
0128  0.188  0.404  0.341  0.129  0.494 249
0129  0.190  0.409  0.345  0.131  0.500 249
0130  0.188  0.405  0.341  0.129  0.497 249
0131  0.186  0.403  0.339  0.128  0.497 248
0132  0.183  0.398  0.335  0.126  0.491 248
0133  0.190  0.413  0.347  0.131  0.512 248
0134  0.188  0.413  0.347  0.129  0.509 245
0135  0.184  0.405  0.342  0.126  0.497 243
0136  0.182  0.400  0.337  0.125  0.491 243
0137  0.180  0.398  0.335  0.123  0.491 242
0138  0.181  0.402  0.339  0.123  0.494 239
0139  0.183  0.409  0.345  0.125  0.503 238
0140  0.174  0.388  0.324  0.119  0.484 241
0141  0.179  0.401  0.335  0.122  0.500 239
0142  0.177  0.400  0.332  0.120  0.503 238
0143  0.173  0.396  0.329  0.117  0.497 234
0144  0.171  0.392  0.325  0.116  0.494 234
0145  0.164  0.378  0.313  0.111  0.477 233
0146  0.166  0.384  0.318  0.113  0.487 233
0147  0.160  0.369  0.305  0.108  0.467 233
0148  0.162  0.375  0.309  0.110  0.477 233
0149  0.160  0.372  0.307  0.108  0.470 231
0150  0.153  0.358  0.296  0.104  0.453 230
0151  0.149  0.352  0.289  0.100  0.449 228
0152  0.156  0.369  0.303  0.105  0.473 228
0153  0.152  0.364  0.300  0.102  0.462 223
0154  0.150  0.360  0.296  0.100  0.458 223
0155  0.150  0.360  0.296  0.100  0.458 223
0156  0.152  0.365  0.300  0.102  0.465 223
0157  0.150  0.360  0.296  0.100  0.458 223
0158  0.146  0.351  0.290  0.097  0.444 221
0159  0.148  0.357  0.294  0.099  0.455 221
0160  0.148  0.359  0.294  0.099  0.461 221
0161  0.141  0.343  0.281  0.094  0.443 221
0162  0.144  0.350  0.285  0.096  0.453 221
0163  0.144  0.351  0.285  0.096  0.457 221
0164  0.143  0.355  0.294  0.094  0.449 211
0165  0.141  0.351  0.289  0.093  0.445 211
0166  0.141  0.353  0.290  0.093  0.449 210
0167  0.134  0.336  0.278  0.088  0.426 209
0168  0.139  0.349  0.287  0.091  0.444 209
0169  0.136  0.345  0.284  0.090  0.440 208
0170  0.134  0.340  0.280  0.088  0.433 207
0171  0.132  0.334  0.275  0.087  0.425 207
0172  0.127  0.324  0.267  0.084  0.410 206
0173  0.127  0.324  0.267  0.084  0.410 206
0174  0.127  0.324  0.267  0.084  0.414 206
0175  0.132  0.336  0.277  0.087  0.429 206
0176  0.132  0.337  0.277  0.087  0.432 206
0177  0.130  0.331  0.272  0.085  0.424 206
0178  0.125  0.320  0.262  0.082  0.409 206
0179  0.127  0.325  0.267  0.084  0.417 206
0180  0.121  0.310  0.252  0.079  0.403 206
0181  0.123  0.319  0.261  0.081  0.411 203
0182  0.123  0.320  0.262  0.081  0.411 202
0183  0.126  0.326  0.267  0.082  0.419 202
0184  0.128  0.332  0.272  0.084  0.426 202
0185  0.123  0.320  0.262  0.081  0.411 202
0186  0.121  0.314  0.257  0.079  0.403 202
0187  0.123  0.320  0.262  0.081  0.411 202
0188  0.116  0.302  0.248  0.076  0.388 202
0189  0.121  0.314  0.257  0.079  0.403 202
0190  0.121  0.314  0.257  0.079  0.403 202
0191  0.119  0.308  0.252  0.078  0.395 202
0192  0.119  0.309  0.254  0.078  0.395 201
0193  0.121  0.317  0.261  0.079  0.403 199
0194  0.115  0.301  0.247  0.075  0.383 198
0195  0.115  0.303  0.247  0.075  0.392 198
0196  0.113  0.301  0.245  0.073  0.390 196
0197  0.107  0.282  0.225  0.070  0.377 204
0198  0.112  0.296  0.236  0.073  0.397 203
0199  0.105  0.280  0.223  0.068  0.378 202
0200  0.105  0.280  0.223  0.068  0.378 202
0201  0.107  0.287  0.228  0.070  0.387 202
0202  0.105  0.280  0.223  0.068  0.378 202
0203  0.102  0.274  0.218  0.067  0.370 202
0204  0.105  0.280  0.223  0.068  0.378 202
0205  0.107  0.287  0.228  0.070  0.387 202
0206  0.105  0.280  0.223  0.068  0.378 202
0207  0.109  0.293  0.233  0.072  0.395 202
0208  0.107  0.287  0.228  0.070  0.387 202
0209  0.105  0.283  0.225  0.068  0.381 200
