# File: carpet/move_in Algorithm = FH-SURF-KLT  skip 4 tolerance = 5.0
# (time tick) ( F ) ( F all inside) (precision) (recall) (recall all inside) (tracks)
0004  0.995  0.995  0.996  0.994  0.994 676
0008  0.989  0.990  0.993  0.985  0.987 672
0012  0.976  0.983  0.988  0.965  0.978 661
0016  0.974  0.988  0.992  0.956  0.983 652
0020  0.957  0.979  0.986  0.929  0.972 638
0024  0.956  0.982  0.989  0.925  0.975 633
0028  0.947  0.976  0.986  0.911  0.967 626
0032  0.944  0.978  0.989  0.903  0.967 618
0036  0.932  0.968  0.979  0.889  0.957 615
0040  0.925  0.966  0.975  0.880  0.957 611
0044  0.918  0.962  0.970  0.871  0.953 608
0048  0.913  0.958  0.969  0.864  0.948 604
0052  0.889  0.945  0.964  0.826  0.927 580
0056  0.873  0.936  0.954  0.805  0.919 571
0060  0.856  0.936  0.945  0.783  0.928 561
0064  0.845  0.936  0.944  0.765  0.928 549
0068  0.834  0.936  0.939  0.750  0.934 541
0072  0.828  0.935  0.938  0.742  0.931 535
0076  0.823  0.938  0.939  0.733  0.936 528
0080  0.804  0.919  0.925  0.710  0.913 520
0084  0.783  0.904  0.899  0.694  0.909 523
0088  0.773  0.907  0.893  0.681  0.920 516
0092  0.751  0.895  0.882  0.654  0.908 502
0096  0.738  0.893  0.883  0.634  0.903 486
0100  0.718  0.888  0.878  0.607  0.897 468
0104  0.691  0.863  0.861  0.578  0.865 454
0108  0.673  0.865  0.849  0.557  0.881 444
0112  0.649  0.848  0.835  0.530  0.861 430
0116  0.611  0.812  0.785  0.501  0.841 432
0120  0.571  0.782  0.758  0.458  0.807 409
0124  0.543  0.772  0.739  0.430  0.808 394
0128  0.517  0.751  0.715  0.405  0.790 383
0132  0.468  0.704  0.673  0.359  0.739 361
0136  0.452  0.699  0.658  0.344  0.744 354
0140  0.426  0.670  0.628  0.322  0.717 347
0144  0.399  0.630  0.590  0.301  0.675 346
0148  0.379  0.611  0.573  0.284  0.655 335
0152  0.348  0.577  0.539  0.257  0.621 323
0156  0.315  0.545  0.512  0.227  0.583 301
0160  0.296  0.530  0.493  0.211  0.572 290
0164  0.277  0.515  0.472  0.196  0.566 282
0168  0.265  0.497  0.450  0.188  0.555 282
0172  0.218  0.421  0.384  0.152  0.466 268
0176  0.198  0.397  0.356  0.137  0.447 261
0180  0.170  0.356  0.311  0.117  0.416 254
0184  0.161  0.347  0.303  0.109  0.407 244
0188  0.143  0.311  0.267  0.097  0.371 247
0192  0.123  0.278  0.238  0.083  0.333 235
0196  0.111  0.269  0.238  0.072  0.310 206
0200  0.091  0.233  0.202  0.059  0.274 198
0204  0.088  0.235  0.202  0.056  0.281 188
0208  0.083  0.226  0.190  0.053  0.279 189
0212  0.074  0.207  0.173  0.047  0.258 185
0216  0.061  0.179  0.147  0.038  0.230 177
0220  0.063  0.191  0.154  0.040  0.250 175
0224  0.050  0.154  0.123  0.031  0.206 171
0228  0.038  0.125  0.099  0.024  0.168 161
0232  0.034  0.112  0.089  0.021  0.154 158
0236  0.036  0.122  0.095  0.022  0.172 158
0240  0.029  0.101  0.078  0.018  0.143 153
