# File: carpet/rotate Algorithm = FH-SURF-KLT  skip 8 tolerance = 5.0
# (time tick) ( F ) ( F all inside) (precision) (recall) (recall all inside) (tracks)
0008  0.959  0.966  0.986  0.934  0.948 556
0016  0.901  0.921  0.963  0.847  0.883 516
0024  0.880  0.910  0.965  0.809  0.861 492
0032  0.857  0.896  0.948  0.782  0.850 484
0040  0.839  0.887  0.924  0.768  0.853 488
0048  0.789  0.854  0.894  0.705  0.817 463
0056  0.765  0.847  0.891  0.670  0.807 441
0064  0.667  0.748  0.803  0.571  0.699 417
0072  0.606  0.685  0.778  0.496  0.612 374
0080  0.550  0.625  0.695  0.455  0.568 384
0088  0.550  0.623  0.684  0.460  0.572 395
0096  0.543  0.618  0.681  0.451  0.566 389
0104  0.562  0.650  0.706  0.467  0.601 388
0112  0.554  0.645  0.703  0.457  0.596 381
0120  0.540  0.634  0.696  0.441  0.582 372
0128  0.528  0.629  0.705  0.422  0.568 352
0136  0.527  0.629  0.706  0.421  0.568 350
0144  0.501  0.582  0.693  0.392  0.501 332
0152  0.454  0.521  0.649  0.349  0.436 316
0160  0.469  0.537  0.637  0.371  0.464 342
0168  0.532  0.610  0.752  0.412  0.513 322
0176  0.567  0.654  0.756  0.453  0.576 352
0184  0.633  0.701  0.789  0.528  0.630 393
0192  0.726  0.774  0.866  0.625  0.700 424
