# File: carpet/move_in Algorithm = FH-SURF-KLT  skip 8 tolerance = 5.0
# (time tick) ( F ) ( F all inside) (precision) (recall) (recall all inside) (tracks)
0008  0.975  0.976  0.992  0.959  0.960 654
0016  0.959  0.974  0.995  0.926  0.953 630
0024  0.952  0.978  0.994  0.913  0.963 622
0032  0.934  0.968  0.979  0.894  0.957 618
0040  0.925  0.966  0.982  0.874  0.950 603
0048  0.911  0.956  0.978  0.852  0.935 590
0056  0.879  0.942  0.965  0.808  0.921 567
0064  0.845  0.938  0.959  0.755  0.917 533
0072  0.833  0.942  0.952  0.740  0.931 526
0080  0.792  0.906  0.912  0.700  0.901 520
0088  0.781  0.919  0.922  0.678  0.916 498
0096  0.740  0.898  0.899  0.629  0.897 474
0104  0.701  0.876  0.878  0.583  0.874 450
0112  0.657  0.855  0.832  0.542  0.880 441
0120  0.590  0.810  0.793  0.470  0.828 401
0128  0.528  0.765  0.729  0.414  0.805 384
0136  0.451  0.697  0.659  0.343  0.739 352
0144  0.413  0.651  0.610  0.312  0.699 346
0152  0.359  0.598  0.565  0.263  0.636 315
0160  0.294  0.521  0.475  0.213  0.576 303
0168  0.263  0.492  0.443  0.188  0.555 287
0176  0.205  0.409  0.368  0.142  0.462 261
0184  0.172  0.371  0.324  0.117  0.434 244
0192  0.145  0.333  0.293  0.096  0.387 222
0200  0.101  0.258  0.226  0.065  0.301 195
0208  0.096  0.265  0.228  0.061  0.315 180
0216  0.076  0.227  0.189  0.047  0.283 169
0224  0.053  0.170  0.140  0.032  0.216 157
0232  0.038  0.127  0.099  0.024  0.176 161
0240  0.036  0.126  0.097  0.022  0.179 155
