# File: carpet/skew Algorithm = FH-SURF-KLT  skip 4 tolerance = 5.0
# (time tick) ( F ) ( F all inside) (precision) (recall) (recall all inside) (tracks)
0004  0.998  0.998  0.998  0.998  0.998 657
0008  0.996  0.996  0.998  0.994  0.994 654
0012  0.990  0.994  0.998  0.982  0.989 646
0016  0.984  0.992  0.997  0.971  0.988 640
0020  0.973  0.985  0.994  0.953  0.977 630
0024  0.948  0.975  0.988  0.910  0.961 605
0028  0.910  0.957  0.971  0.857  0.943 580
0032  0.902  0.963  0.969  0.845  0.957 573
0036  0.884  0.964  0.969  0.813  0.959 551
0040  0.854  0.947  0.951  0.775  0.943 535
0044  0.837  0.946  0.948  0.749  0.944 519
0048  0.815  0.941  0.944  0.717  0.938 499
0052  0.799  0.940  0.937  0.697  0.944 489
0056  0.777  0.931  0.924  0.670  0.938 476
0060  0.746  0.914  0.912  0.632  0.916 455
0064  0.687  0.874  0.853  0.575  0.896 443
0068  0.669  0.873  0.850  0.551  0.898 426
0072  0.592  0.832  0.814  0.466  0.850 376
0076  0.550  0.815  0.802  0.419  0.828 343
0080  0.499  0.761  0.717  0.382  0.810 350
0084  0.470  0.733  0.687  0.358  0.786 342
0088  0.447  0.722  0.678  0.333  0.771 323
0092  0.404  0.677  0.624  0.298  0.740 314
0096  0.377  0.644  0.591  0.277  0.708 308
0100  0.337  0.594  0.540  0.245  0.660 298
0104  0.305  0.559  0.507  0.218  0.622 282
0108  0.287  0.537  0.486  0.204  0.601 276
0112  0.264  0.508  0.455  0.186  0.575 268
0116  0.239  0.478  0.426  0.166  0.545 256
0120  0.227  0.478  0.421  0.155  0.551 242
0124  0.199  0.426  0.366  0.137  0.508 246
0128  0.188  0.408  0.347  0.129  0.494 245
0132  0.184  0.401  0.339  0.126  0.491 245
0136  0.185  0.407  0.344  0.126  0.497 241
0140  0.186  0.419  0.355  0.126  0.512 234
0144  0.174  0.404  0.339  0.117  0.500 227
0148  0.166  0.388  0.324  0.111  0.483 225
0152  0.150  0.366  0.311  0.099  0.445 209
0156  0.148  0.365  0.309  0.097  0.444 207
0160  0.146  0.363  0.306  0.096  0.447 206
0164  0.148  0.371  0.309  0.097  0.464 207
0168  0.132  0.334  0.277  0.087  0.422 206
0172  0.130  0.331  0.275  0.085  0.418 204
0176  0.128  0.331  0.275  0.084  0.417 200
0180  0.121  0.316  0.260  0.079  0.403 200
0184  0.122  0.318  0.263  0.079  0.403 198
0188  0.112  0.294  0.242  0.073  0.372 198
0192  0.119  0.312  0.258  0.078  0.395 198
0196  0.119  0.319  0.259  0.078  0.415 197
0200  0.115  0.315  0.255  0.075  0.412 192
0204  0.118  0.324  0.263  0.076  0.420 190
0208  0.116  0.317  0.258  0.075  0.412 190
