# File: carpet/rotate Algorithm = FH-SURF-KLT  skip 4 tolerance = 5.0
# (time tick) ( F ) ( F all inside) (precision) (recall) (recall all inside) (tracks)
0004  0.986  0.986  0.993  0.980  0.980 579
0008  0.973  0.981  0.993  0.954  0.969 564
0012  0.960  0.975  0.998  0.925  0.953 544
0016  0.952  0.973  0.996  0.911  0.950 537
0020  0.950  0.975  0.987  0.915  0.962 544
0024  0.945  0.975  0.987  0.906  0.964 539
0028  0.937  0.972  0.983  0.894  0.962 534
0032  0.925  0.965  0.974  0.881  0.957 531
0036  0.915  0.959  0.966  0.869  0.951 528
0040  0.888  0.938  0.953  0.831  0.922 512
0044  0.856  0.921  0.927  0.796  0.916 504
0048  0.844  0.912  0.927  0.775  0.897 491
0052  0.831  0.906  0.914  0.761  0.898 489
0056  0.807  0.891  0.903  0.729  0.879 474
0060  0.776  0.863  0.885  0.692  0.842 459
0064  0.755  0.841  0.844  0.683  0.837 475
0068  0.725  0.813  0.828  0.646  0.800 458
0072  0.691  0.778  0.794  0.612  0.762 452
0076  0.679  0.767  0.781  0.601  0.753 452
0080  0.640  0.727  0.752  0.557  0.705 435
0084  0.618  0.697  0.700  0.554  0.693 464
0088  0.572  0.651  0.653  0.509  0.648 458
0092  0.541  0.624  0.630  0.474  0.617 441
0096  0.521  0.605  0.615  0.451  0.596 431
0100  0.523  0.601  0.607  0.460  0.595 445
0104  0.526  0.608  0.618  0.458  0.598 435
0108  0.506  0.588  0.596  0.440  0.580 433
0112  0.503  0.588  0.599  0.434  0.578 426
0116  0.507  0.593  0.603  0.438  0.583 426
0120  0.511  0.601  0.617  0.436  0.585 415
0124  0.531  0.625  0.641  0.453  0.609 415
0128  0.529  0.624  0.640  0.451  0.609 414
0132  0.528  0.622  0.639  0.450  0.607 413
0136  0.529  0.624  0.641  0.450  0.609 412
0140  0.523  0.623  0.639  0.443  0.608 407
0144  0.567  0.654  0.663  0.496  0.646 439
0148  0.562  0.654  0.664  0.487  0.646 431
0152  0.555  0.647  0.661  0.479  0.634 425
0156  0.551  0.645  0.661  0.472  0.629 419
0160  0.543  0.636  0.653  0.465  0.620 418
0164  0.550  0.647  0.668  0.467  0.627 410
0168  0.578  0.658  0.676  0.504  0.641 438
0172  0.576  0.665  0.686  0.496  0.646 424
0176  0.569  0.667  0.684  0.487  0.650 418
0180  0.565  0.664  0.684  0.482  0.646 414
0184  0.570  0.670  0.690  0.486  0.650 413
0188  0.556  0.654  0.673  0.474  0.636 413
0192  0.550  0.647  0.666  0.468  0.629 413
0196  0.564  0.664  0.683  0.480  0.646 413
