# File: carpet/skew Algorithm = FH-SURF-KLT  skip 8 tolerance = 5.0
# (time tick) ( F ) ( F all inside) (precision) (recall) (recall all inside) (tracks)
0008  0.997  0.997  1.000  0.994  0.994 653
0016  0.982  0.991  0.997  0.968  0.985 638
0024  0.940  0.967  0.980  0.903  0.953 605
0032  0.892  0.952  0.973  0.823  0.933 556
0040  0.839  0.931  0.948  0.752  0.915 521
0048  0.800  0.925  0.937  0.699  0.914 490
0056  0.777  0.932  0.921  0.673  0.942 480
0064  0.675  0.864  0.865  0.554  0.863 421
0072  0.569  0.807  0.819  0.435  0.794 349
0080  0.487  0.754  0.741  0.362  0.768 321
0088  0.425  0.698  0.681  0.309  0.715 298
0096  0.364  0.627  0.584  0.265  0.677 298
0104  0.313  0.582  0.545  0.219  0.623 264
0112  0.280  0.549  0.506  0.193  0.599 251
0120  0.216  0.453  0.401  0.148  0.522 242
0128  0.189  0.413  0.359  0.128  0.486 234
0136  0.182  0.409  0.362  0.122  0.471 221
0144  0.165  0.383  0.323  0.111  0.471 226
0152  0.131  0.328  0.287  0.085  0.384 195
0160  0.127  0.322  0.278  0.082  0.383 194
0168  0.125  0.322  0.273  0.081  0.393 194
0176  0.111  0.291  0.247  0.072  0.353 190
0184  0.109  0.292  0.249  0.070  0.354 185
0192  0.107  0.288  0.246  0.068  0.349 183
0200  0.098  0.274  0.228  0.062  0.345 180
0208  0.098  0.275  0.229  0.062  0.345 179
