# list of hand selected 2D points
44.59183673469387000000 186.53061224489795000000
71.73469387755101000000 187.95918367346937000000
99.89795918367346000000 189.69387755102040000000
129.18367346938774000000 191.93877551020407000000
43.82716049382716500000 221.11111111111111000000
70.98765432098766000000 224.19753086419755000000
99.01234567901236000000 226.66666666666669000000
128.51851851851853000000 229.62962962962965000000
43.48314606741573000000 256.17977528089887000000
69.88764044943820000000 259.43820224719100000000
97.86516853932584000000 263.14606741573033000000
126.96629213483146000000 266.74157303370790000000
42.55102040816326000000 290.40816326530610000000
69.38775510204081000000 294.38775510204080000000
96.73469387755101000000 298.87755102040813000000
125.91836734693877000000 303.26530612244900000000
41.63265306122449000000 324.59183673469386000000
67.75510204081633000000 329.28571428571430000000
95.71428571428571000000 334.48979591836735000000
124.28571428571428000000 339.59183673469386000000
40.55555555555556000000 358.33333333333330000000
66.94444444444444000000 364.16666666666670000000
93.95833333333333000000 369.86111111111110000000
122.91666666666666000000 375.90277777777777000000
