# GENERATOR DetectDescribeRegression
# Elapsed time in milliseconds

BoofSURF-Fast
                              N       Mean      P05      P50      P95      MAX
  bikes/                        6  113.911  88.7543  106.125  127.595  160.157
  boat/                         6  104.545  91.6345   96.672  113.992  118.332
  graf/                         6  103.294  96.5993  103.123  107.245  109.118
  leuven/                       6  86.6036  74.0574  83.0737  93.5799    101.6
  ubc/                          6  94.9325   82.201  95.8945  99.5686  100.677
  trees/                        6  137.614  117.698  136.072  145.047  149.607
  wall/                         6  128.379  122.381  123.635  125.526  150.694
  bark/                         6  76.2741  73.1833  73.5485  79.3605   80.042

BoofSURF-Fast_Color
                              N       Mean      P05      P50      P95      MAX
  bikes/                        6   167.45   124.39  150.562  187.212    232.4
  boat/                         6  104.177  92.1288  96.2924  113.515  119.547
  graf/                         6   197.46  182.796  196.833  206.057  209.178
  leuven/                       6   154.46  123.067  145.023   171.62  192.998
  ubc/                          6  179.055  148.223  182.698  189.906  193.902
  trees/                        6   267.95  218.566  264.243   286.98  297.208
  wall/                         6  251.448  238.865  241.911  246.778  296.959
  bark/                         6  146.105  138.081   139.18  154.867   156.21

BoofSURF-Stable
                              N       Mean      P05      P50      P95      MAX
  bikes/                        6  215.736  158.211  187.714  239.186  303.453
  boat/                         6  251.165  208.491  222.194  284.126  306.342
  graf/                         6  262.897  241.933   264.09  273.287  277.491
  leuven/                       6  198.583  151.845  186.673  224.541  252.809
  ubc/                          6  240.486  191.599  245.847   258.54  263.161
  trees/                        6  361.363  284.979   355.36   390.83  405.825
  wall/                         6  344.253  325.491  330.904  339.763  405.722
  bark/                         6  195.379  184.375  185.557  206.381  209.787

BoofSURF-Stable_Color
                              N       Mean      P05      P50      P95      MAX
  bikes/                        6  315.418  191.529  279.565  369.327  478.225
  boat/                         6  251.176  208.957  222.404  283.317  305.604
  graf/                         6  414.055  379.548  416.428    431.1  437.725
  leuven/                       6  307.965  230.178  288.192  351.634  398.932
  ubc/                          6  375.527  287.821  382.509  404.491  412.013
  trees/                        6  568.383  447.235  558.518  613.853  642.889
  wall/                         6   543.81  514.428  521.607  534.173  645.892
  bark/                         6  305.002  286.419   288.99  322.474  329.292

BoofSIFT
                              N       Mean      P05      P50      P95      MAX
  bikes/                        6  266.536  243.703  251.583  260.225  340.776
  boat/                         6  255.448  247.176  254.632  263.192  264.693
  graf/                         6  166.004  156.254  166.275  168.671  171.909
  leuven/                       6  186.081  182.824    185.6  188.521  190.103
  ubc/                          6  221.287  200.136  224.756  226.798  227.428
  trees/                        6  311.438  284.036  313.318  318.956  320.921
  wall/                         6  333.245  325.889  327.552  329.236   361.56
  bark/                         6  197.523  189.971  196.086  199.465  208.875


Summary:
                              N       Mean      P05      P50      P95      MAX
  BoofSURF-Fast                48  105.694  73.5485  100.677  145.047  160.157
  BoofSURF-Fast_Color          48  183.513  96.2924  182.698  279.081  297.208
  BoofSURF-Stable              48  258.733  169.692  251.712  378.749  405.825
  BoofSURF-Stable_Color        48  385.167  215.322   369.49  595.904  645.892
  BoofSIFT                     48  242.195  166.275  227.428  329.127   361.56
