# GENERATOR ObjectTrackingRegression
# F TP TN FP FN Overlap
cliffbar 0.390 0016 0000 0000 0050 0.680
coke11 0.212 0007 0000 0000 0052 0.674
david 0.886 0074 0000 0004 0015 0.559
dollar 1.000 0066 0000 0000 0000 0.854
faceocc 0.817 0123 0000 0000 0055 0.799
faceocc2 0.624 0074 0000 0000 0089 0.774
girl 0.039 0002 0000 0000 0099 0.854
surfer 0.051 0002 0000 0000 0074 0.816
sylv 0.599 0115 0000 0000 0154 0.767
tiger1 0.132 0005 0000 0000 0066 0.755
tiger2 0.198 0008 0000 0000 0065 0.706
twinings 0.803 0063 0000 0006 0025 0.519
