# GENERATOR ObjectTrackingRegression
# F TP TN FP FN Overlap
01_david 0.758 0464 0000 0270 0027 0.567
02_jumping 0.906 0259 0000 0029 0025 0.519
03_pedestrian1 0.893 0113 0000 0018 0009 0.408
04_pedestrian2 0.903 0229 0060 0041 0008 0.709
05_pedestrian3 0.888 0146 0001 0032 0005 0.815
06_car 0.900 0738 0043 0076 0088 0.846
07_motocross 0.840 1242 0950 0391 0082 0.606
08_volkswagen 0.811 4882 1413 2231 0050 0.644
09_carchase 0.442 2617 0691 4814 1806 0.364
10_panda 0.244 0416 0000 2535 0049 0.219
