# GENERATOR ObjectTrackingRegression
# F TP TN FP FN Overlap
cliffbar 0.952 0060 0000 0005 0001 0.610
coke11 0.674 0030 0000 0029 0000 0.378
david 0.978 0089 0000 0004 0000 0.566
dollar 1.000 0066 0000 0000 0000 0.878
faceocc 0.997 0177 0000 0000 0001 0.808
faceocc2 0.972 0154 0000 0009 0000 0.619
girl 0.671 0051 0000 0021 0029 0.525
surfer 1.000 0076 0000 0000 0000 0.631
sylv 0.955 0246 0000 0023 0000 0.697
tiger1 0.386 0017 0000 0044 0010 0.318
tiger2 0.610 0032 0000 0038 0003 0.331
twinings 0.787 0061 0000 0033 0000 0.487
