# GENERATOR ObjectTrackingRegression
# F TP TN FP FN Overlap
01_david 0.003 0001 0000 0001 0759 0.898
02_jumping 0.086 0014 0000 0001 0298 0.885
03_pedestrian1 0.108 0008 0000 0001 0131 0.465
04_pedestrian2 0.107 0015 0072 0001 0250 0.721
05_pedestrian3 0.488 0051 0026 0003 0104 0.767
06_car 0.393 0210 0085 0001 0649 0.856
07_motocross 0.010 0007 1253 0001 1404 0.592
08_volkswagen 0.097 0262 3435 0012 4867 0.434
09_carchase 0.015 0066 1268 0001 8593 0.778
10_panda 0.036 0050 0270 0002 2678 0.638
