# GENERATOR ObjectTrackingRegression
# F TP TN FP FN Overlap
cliffbar 0.329 0013 0000 0053 0000 0.191
coke11 0.033 0001 0000 0058 0000 0.246
david 0.042 0002 0000 0028 0063 0.224
dollar 0.350 0014 0000 0052 0000 0.226
faceocc 0.742 0105 0000 0072 0001 0.320
faceocc2 0.806 0110 0000 0053 0000 0.288
girl 0.626 0046 0000 0055 0000 0.359
surfer 0.026 0001 0000 0075 0000 0.292
sylv 0.007 0001 0000 0268 0000 0.044
tiger1 0.055 0002 0000 0069 0000 0.127
tiger2 0.027 0001 0000 0072 0000 0.564
twinings 0.259 0014 0000 0080 0000 0.629
