# Hand selected points
SETS
258.92857142857140000000 308.21428571428567000000 282.85714285714283000000 259.28571428571430000000 311.42857142857140000000 302.49999999999994000000
332.29508196721310000000 268.85245901639340000000 340.16393442622950000000 257.21311475409834000000 347.86885245901635000000 266.72131147540983000000
353.44262295081967000000 304.75409836065570000000 403.93442622950820000000 260.98360655737700000000 392.62295081967210000000 294.09836065573770000000
276.72131147540983000000 341.96721311475410000000 397.54098360655735000000 319.67213114754094000000 345.73770491803276000000 392.45901639344260000000
285.24590163934425000000 391.47540983606550000000 301.14754098360650000000 403.11475409836060000000 271.80327868852460000000 458.03278688524586000000
303.27868852459017000000 436.39344262295080000000 328.52459016393440000000 419.18032786885243000000 332.29508196721310000000 458.03278688524586000000
293.93442622950820000000 466.72131147540980000000 308.36065573770490000000 475.90163934426226000000 285.24590163934425000000 480.65573770491800000000
352.45901639344260000000 472.45901639344260000000 364.91803278688520000000 451.47540983606550000000 382.45901639344260000000 461.96721311475403000000
359.34426229508193000000 421.63934426229500000000 391.31147540983600000000 375.57377049180326000000 398.36065573770486000000 435.73770491803276000000
373.09090909090907000000 252.90909090909090000000 378.18181818181820000000 246.54545454545453000000 379.81818181818180000000 251.63636363636363000000
