# Hand selected points
SETS
234.00000000000000000000 296.22222222222223000000 276.70000000000016000000 219.08333333333330000000 326.44444444444446000000 300.88888888888890000000
354.36111111111090000000 251.21111111111114000000 374.88888888888890000000 221.49444444444424000000 394.91666666666674000000 253.36111111111117000000
435.77777777777777000000 231.11111111111111000000 443.55555555555554000000 217.77777777777777000000 452.66666666666670000000 231.33333333333334000000
384.00000000000000000000 312.44444444444446000000 497.77777777777777000000 244.44444444444446000000 476.22222222222223000000 302.66666666666670000000
482.44444444444446000000 342.88888888888890000000 371.11111111111110000000 448.00000000000000000000 246.00000000000000000000 346.88888888888890000000
268.44444444444446000000 411.11111111111110000000 301.55555555555554000000 442.44444444444446000000 246.00000000000000000000 528.22222222222220000000
296.22222222222223000000 492.66666666666670000000 347.33333333333330000000 472.88888888888890000000 360.66666666666670000000 551.77777777777780000000
269.33333333333330000000 549.77777777777780000000 289.04444444444460000000 526.04444444444480000000 316.22222222222223000000 552.66666666666660000000
382.33888888888880000000 565.60555555555550000000 410.03333333333350000000 530.45555555555650000000 459.33333333333330000000 568.44444444444450000000
392.51111111111095000000 493.62222222222210000000 470.77222222222235000000 420.48888888888880000000 482.15000000000003000000 539.26111111111100000000
