# Hand selected points
SETS
312.72727272727275000000 206.18181818181820000000 329.09090909090907000000 176.54545454545453000000 343.81818181818180000000 211.45454545454547000000
363.45454545454544000000 189.27272727272728000000 367.45454545454544000000 180.00000000000000000000 372.72727272727275000000 190.18181818181820000000
378.72727272727275000000 220.36363636363637000000 419.09090909090907000000 197.63636363636363000000 411.45454545454544000000 219.27272727272728000000
320.18181818181820000000 237.09090909090910000000 410.18181818181820000000 244.90909090909090000000 364.00000000000000000000 290.36363636363640000000
321.09090909090907000000 272.18181818181820000000 332.36363636363640000000 286.00000000000000000000 315.27272727272725000000 314.90909090909093000000
334.36363636363640000000 312.54545454545456000000 352.00000000000000000000 305.45454545454544000000 357.09090909090907000000 343.81818181818180000000
322.54545454545456000000 339.09090909090907000000 326.72727272727275000000 330.36363636363640000000 334.00000000000000000000 341.63636363636360000000
379.81818181818180000000 343.81818181818180000000 370.36363636363640000000 355.54545454545480000000 394.72727272727275000000 361.27272727272725000000
411.81818181818180000000 348.54545454545456000000 375.63636363636360000000 317.27272727272725000000 406.54545454545456000000 288.72727272727275000000
394.92537313432837000000 182.98507462686567000000 397.16417910447760000000 179.55223880597015000000 400.00000000000000000000 184.17910447761193000000
