# GENERATOR DetectDescribeRegression
# Elapsed time in milliseconds

BoofSURF-Fast
                              N       Mean      P05      P50      P95      MAX
  bikes/                        6  149.052  115.956  140.785  176.814  193.034
  boat/                         6  138.987  123.211  125.835  153.562  160.993
  graf/                         6  137.099  124.721  135.955   143.36  152.317
  leuven/                       6  112.666  100.377  107.114  120.901  128.769
  ubc/                          6  124.216   115.78  122.358  129.517  135.021
  trees/                        6  177.116  151.369  177.968  185.036  189.394
  wall/                         6  163.593  156.933  158.062  159.748  190.317
  bark/                         6  97.8017  93.1073  95.4493  101.497  103.107

BoofSURF-Fast_Color
                              N       Mean      P05      P50      P95      MAX
  bikes/                        6   218.69   165.64  195.371  245.257   301.22
  boat/                         6  134.749   119.61  123.686  145.986  153.557
  graf/                         6   251.84  235.772  248.558   262.88  265.222
  leuven/                       6  198.032  157.284  187.331  219.201  247.559
  ubc/                          6  228.967  187.969  235.131  242.783  250.545
  trees/                        6  344.421  285.563  338.219  366.937  385.917
  wall/                         6  322.307   303.35  312.383  321.331  374.785
  bark/                         6   182.79  172.444  173.063  190.795  200.793

BoofSURF-Stable
                              N       Mean      P05      P50      P95      MAX
  bikes/                        6  271.122  197.982  247.792  297.919  377.204
  boat/                         6  311.216  262.191  274.389  352.363  377.811
  graf/                         6  324.028  298.208   325.98  338.572  340.959
  leuven/                       6  248.036  194.815  233.577  279.825  313.468
  ubc/                          6  296.417  234.429  302.264  319.083  325.346
  trees/                        6  446.146  354.123  437.419  480.262  500.642
  wall/                         6  426.194  408.232  412.263  415.743   498.77
  bark/                         6  241.675  227.895  230.966  252.887  258.428

BoofSURF-Stable_Color
                              N       Mean      P05      P50      P95      MAX
  bikes/                        6  385.785  246.122  341.484  449.584  575.027
  boat/                         6  309.796  259.613  273.665  348.422  375.831
  graf/                         6  495.991  454.497  497.382  521.629  523.131
  leuven/                       6  372.894  280.192  350.684  423.865  477.955
  ubc/                          6  446.895  349.272  462.404  484.135   494.42
  trees/                        6  682.733   537.77  669.745  742.339  767.658
  wall/                         6  650.498  618.201  625.086  636.779  768.234
  bark/                         6  365.547  344.623  345.364  384.772  394.569

BoofSIFT
                              N       Mean      P05      P50      P95      MAX
  bikes/                        6  324.824  287.013   312.37   316.77  429.066
  boat/                         6  277.085  268.029  276.026  283.191  286.814
  graf/                         6  201.087  188.058  199.708  205.353  212.881
  leuven/                       6  225.907  220.183  223.067   226.79  236.455
  ubc/                          6  269.339  243.555  273.792  276.415  277.617
  trees/                        6  378.172   345.64  381.465  387.581  391.246
  wall/                         6  374.458  363.404   367.17  371.032  408.032
  bark/                         6  245.414  235.036  244.057  247.811  260.455


Summary:
                              N       Mean      P05      P50      P95      MAX
  BoofSURF-Fast                48  137.566  95.4493  129.564  185.036  193.034
  BoofSURF-Fast_Color          48  235.225  123.686  235.131  356.059  385.917
  BoofSURF-Stable              48  320.604  211.121  308.142  469.032  500.642
  BoofSURF-Stable_Color        48  463.767  268.946  449.584   716.09  768.234
  BoofSIFT                     48  287.036  199.708  274.923  387.581  429.066
