# File: various/urban Algorithm = FH-SURF-KLT  skip 4 tolerance = 5.0
# (time tick) ( F ) ( F all inside) (precision) (recall) (recall all inside) (tracks)
0004  0.954  0.954  0.978  0.930  0.930 462
0008  0.944  0.944  0.970  0.920  0.920 461
0012  0.941  0.941  0.969  0.914  0.914 458
0016  0.928  0.942  0.960  0.897  0.924 454
0020  0.901  0.941  0.944  0.862  0.937 444
0024  0.871  0.931  0.926  0.823  0.937 432
0028  0.830  0.909  0.897  0.772  0.921 418
0032  0.788  0.893  0.897  0.702  0.888 380
0036  0.743  0.873  0.881  0.642  0.864 354
0040  0.708  0.882  0.883  0.591  0.880 325
0044  0.701  0.873  0.872  0.586  0.874 327
0048  0.652  0.773  0.838  0.533  0.718 309
0052  0.645  0.775  0.854  0.519  0.709 295
0056  0.645  0.775  0.865  0.514  0.702 289
0060  0.645  0.776  0.871  0.512  0.699 286
0064  0.636  0.765  0.868  0.502  0.684 281
0068  0.816  0.841  0.911  0.739  0.781 394
0072  0.771  0.828  0.896  0.677  0.770 367
0076  0.759  0.825  0.908  0.652  0.756 349
0080  0.752  0.768  0.905  0.644  0.667 346
0084  0.657  0.723  0.858  0.533  0.625 302
0088  0.627  0.698  0.846  0.498  0.595 286
0092  0.558  0.654  0.823  0.422  0.543 249
0096  0.566  0.684  0.812  0.434  0.591 260
0100  0.534  0.669  0.805  0.399  0.573 241
0104  0.541  0.699  0.799  0.409  0.621 249
0108  0.512  0.687  0.781  0.381  0.613 237
0112  0.499  0.694  0.784  0.366  0.623 227
0116  0.627  0.775  0.866  0.492  0.701 276
0120  0.719  0.822  0.898  0.599  0.757 324
0124  0.775  0.830  0.913  0.673  0.761 358
0128  0.810  0.833  0.926  0.720  0.757 378
0132  0.758  0.809  0.906  0.652  0.731 350
0136  0.705  0.790  0.898  0.580  0.705 314
0140  0.669  0.765  0.882  0.539  0.675 297
0144  0.539  0.657  0.804  0.405  0.556 245
0148  0.468  0.632  0.732  0.344  0.556 228
0152  0.408  0.568  0.688  0.290  0.483 205
