# File: various/compressed Algorithm = FH-SURF-KLT  skip 1 tolerance = 5.0
# (time tick) ( F ) ( F all inside) (precision) (recall) (recall all inside) (tracks)
0001  0.911  0.911  0.955  0.870  0.870 469
0002  0.862  0.862  0.926  0.806  0.806 448
0003  0.773  0.774  0.865  0.699  0.700 416
0004  0.756  0.757  0.850  0.682  0.683 413
0005  0.705  0.708  0.818  0.619  0.624 390
0006  0.707  0.710  0.826  0.617  0.622 385
0007  0.662  0.665  0.799  0.565  0.569 364
0008  0.621  0.624  0.788  0.513  0.517 335
0009  0.650  0.653  0.784  0.555  0.560 365
0010  0.641  0.645  0.773  0.548  0.553 365
0011  0.618  0.623  0.769  0.517  0.524 346
0012  0.597  0.604  0.737  0.501  0.511 350
0013  0.601  0.611  0.750  0.501  0.515 344
0014  0.556  0.574  0.716  0.454  0.479 327
0015  0.514  0.535  0.690  0.410  0.437 306
0016  0.511  0.532  0.675  0.412  0.439 314
0017  0.499  0.521  0.659  0.402  0.430 314
0018  0.501  0.528  0.698  0.390  0.424 288
0019  0.470  0.499  0.671  0.361  0.397 277
0020  0.498  0.529  0.686  0.390  0.430 293
0021  0.471  0.506  0.685  0.359  0.401 270
0022  0.466  0.503  0.669  0.357  0.403 275
0023  0.456  0.497  0.672  0.346  0.394 265
0024  0.468  0.516  0.679  0.357  0.416 271
0025  0.438  0.495  0.667  0.326  0.393 252
0026  0.448  0.507  0.655  0.340  0.414 267
0027  0.403  0.460  0.610  0.301  0.369 254
0028  0.437  0.503  0.661  0.326  0.405 254
0029  0.410  0.477  0.634  0.303  0.382 246
0030  0.409  0.479  0.654  0.297  0.378 234
0031  0.415  0.489  0.658  0.303  0.388 237
0032  0.416  0.496  0.664  0.303  0.396 235
0033  0.397  0.478  0.634  0.289  0.383 235
0034  0.402  0.486  0.640  0.293  0.392 236
0035  0.374  0.461  0.619  0.268  0.367 223
0036  0.361  0.446  0.582  0.262  0.361 232
0037  0.355  0.447  0.599  0.252  0.356 217
0038  0.365  0.464  0.603  0.262  0.377 224
0039  0.360  0.460  0.603  0.256  0.372 219
0040  0.347  0.450  0.610  0.243  0.357 205
0041  0.398  0.517  0.667  0.283  0.422 219
0042  0.367  0.485  0.614  0.262  0.401 220
0043  0.319  0.427  0.558  0.223  0.345 206
0044  0.324  0.441  0.617  0.219  0.343 183
0045  0.325  0.444  0.571  0.227  0.363 205
0046  0.326  0.454  0.616  0.221  0.360 185
0047  0.321  0.452  0.601  0.219  0.362 188
0048  0.314  0.441  0.554  0.219  0.366 204
0049  0.325  0.463  0.596  0.223  0.378 193
0050  0.317  0.452  0.571  0.219  0.374 198
0051  0.301  0.437  0.561  0.206  0.358 189
0052  0.303  0.441  0.545  0.210  0.370 198
0053  0.303  0.447  0.587  0.204  0.361 179
0054  0.314  0.464  0.595  0.214  0.381 185
0055  0.314  0.468  0.606  0.212  0.381 180
0056  0.284  0.423  0.541  0.192  0.347 183
0057  0.265  0.400  0.526  0.177  0.323 173
0058  0.286  0.435  0.559  0.192  0.356 177
0059  0.265  0.405  0.532  0.177  0.327 171
0060  0.271  0.412  0.528  0.183  0.338 178
0061  0.271  0.410  0.514  0.184  0.342 185
0062  0.268  0.408  0.522  0.181  0.335 178
0063  0.246  0.378  0.497  0.163  0.305 169
0064  0.240  0.376  0.488  0.159  0.306 168
0065  0.243  0.377  0.457  0.165  0.321 186
0066  0.219  0.346  0.427  0.148  0.291 178
0067  0.256  0.410  0.497  0.173  0.349 179
0068  0.238  0.387  0.491  0.157  0.319 165
0069  0.228  0.367  0.444  0.153  0.313 178
0070  0.207  0.338  0.418  0.138  0.284 170
0071  0.214  0.349  0.435  0.142  0.292 168
0072  0.221  0.360  0.442  0.148  0.304 172
0073  0.207  0.337  0.413  0.138  0.285 172
0074  0.223  0.358  0.424  0.151  0.310 184
0075  0.199  0.326  0.402  0.132  0.274 169
0076  0.223  0.367  0.458  0.148  0.306 166
0077  0.228  0.375  0.464  0.151  0.315 168
0078  0.202  0.333  0.413  0.134  0.278 167
0079  0.209  0.347  0.452  0.136  0.282 155
0080  0.203  0.337  0.439  0.132  0.274 155
0081  0.203  0.333  0.416  0.134  0.278 166
0082  0.197  0.328  0.429  0.128  0.266 154
0083  0.209  0.345  0.433  0.138  0.286 164
0084  0.197  0.322  0.391  0.132  0.274 174
0085  0.183  0.299  0.362  0.122  0.254 174
0086  0.205  0.337  0.419  0.136  0.282 167
0087  0.203  0.337  0.439  0.132  0.274 155
0088  0.193  0.320  0.411  0.126  0.262 158
0089  0.208  0.338  0.404  0.140  0.290 178
0090  0.176  0.291  0.376  0.115  0.238 157
0091  0.177  0.293  0.370  0.117  0.242 162
0092  0.195  0.325  0.428  0.126  0.262 152
0093  0.184  0.305  0.392  0.120  0.250 158
0094  0.180  0.298  0.392  0.117  0.240 153
0095  0.176  0.294  0.364  0.117  0.247 165
0096  0.161  0.272  0.348  0.105  0.223 155
0097  0.169  0.285  0.356  0.111  0.238 160
0098  0.178  0.299  0.373  0.117  0.250 161
0099  0.185  0.316  0.403  0.120  0.260 154
0100  0.153  0.265  0.340  0.099  0.217 150
0101  0.144  0.243  0.299  0.095  0.204 164
0102  0.139  0.243  0.313  0.089  0.198 147
0103  0.157  0.275  0.354  0.101  0.225 147
0104  0.164  0.283  0.350  0.107  0.238 157
0105  0.143  0.246  0.312  0.093  0.203 154
0106  0.141  0.244  0.338  0.089  0.190 136
0107  0.141  0.236  0.307  0.091  0.191 153
0108  0.150  0.247  0.329  0.097  0.197 152
0109  0.135  0.227  0.296  0.087  0.184 152
0110  0.123  0.203  0.275  0.080  0.161 149
0111  0.136  0.229  0.304  0.087  0.184 148
0112  0.112  0.197  0.253  0.072  0.161 146
0113  0.113  0.196  0.261  0.072  0.157 142
0114  0.115  0.193  0.262  0.074  0.152 145
0115  0.126  0.213  0.273  0.082  0.175 154
0116  0.118  0.199  0.271  0.076  0.157 144
0117  0.123  0.212  0.294  0.078  0.166 136
