# File: various/compressed Algorithm = FH-SURF-KLT  skip 8 tolerance = 5.0
# (time tick) ( F ) ( F all inside) (precision) (recall) (recall all inside) (tracks)
0008  0.841  0.844  0.927  0.769  0.775 427
0016  0.744  0.771  0.868  0.650  0.694 386
0024  0.635  0.693  0.795  0.528  0.614 342
0032  0.501  0.595  0.739  0.379  0.497 264
0040  0.414  0.529  0.653  0.303  0.444 239
0048  0.367  0.507  0.593  0.266  0.443 231
0056  0.335  0.491  0.582  0.235  0.425 208
0064  0.281  0.431  0.510  0.194  0.373 196
0072  0.257  0.409  0.469  0.177  0.363 194
0080  0.245  0.397  0.478  0.165  0.340 178
0088  0.233  0.377  0.450  0.157  0.324 180
0096  0.179  0.298  0.367  0.118  0.251 166
0104  0.176  0.301  0.359  0.117  0.259 167
0112  0.131  0.228  0.282  0.085  0.192 156
