# File: various/lighting Algorithm = FH-SURF-KLT  skip 8 tolerance = 5.0
# (time tick) ( F ) ( F all inside) (precision) (recall) (recall all inside) (tracks)
0008  0.982  0.982  0.983  0.981  0.981 517
0016  0.968  0.968  0.973  0.963  0.963 513
0024  0.935  0.935  0.941  0.929  0.929 511
0032  0.888  0.888  0.894  0.882  0.882 511
0040  0.877  0.877  0.884  0.871  0.871 510
0048  0.850  0.850  0.860  0.840  0.840 506
0056  0.832  0.832  0.842  0.822  0.822 506
0064  0.828  0.828  0.838  0.819  0.819 506
0072  0.818  0.818  0.828  0.809  0.809 506
0080  0.813  0.813  0.824  0.803  0.803 505
0088  0.802  0.802  0.812  0.792  0.792 505
0096  0.800  0.800  0.810  0.790  0.790 505
0104  0.804  0.804  0.814  0.793  0.793 505
0112  0.774  0.774  0.788  0.761  0.761 500
0120  0.749  0.749  0.771  0.728  0.728 489
0128  0.691  0.691  0.720  0.664  0.664 478
0136  0.663  0.663  0.694  0.635  0.635 474
0144  0.654  0.654  0.687  0.624  0.624 470
0152  0.646  0.646  0.680  0.616  0.616 469
0160  0.636  0.636  0.670  0.606  0.606 469
0168  0.596  0.596  0.627  0.568  0.568 469
0176  0.578  0.578  0.609  0.550  0.550 468
0184  0.562  0.562  0.593  0.535  0.535 467
0192  0.523  0.523  0.555  0.494  0.494 461
0200  0.517  0.517  0.549  0.488  0.488 461
0208  0.494  0.494  0.525  0.467  0.467 461
0216  0.472  0.472  0.502  0.446  0.446 460
0224  0.448  0.448  0.477  0.423  0.423 459
0232  0.462  0.462  0.492  0.434  0.434 457
0240  0.444  0.444  0.476  0.417  0.417 454
