# File: various/urban Algorithm = FH-SURF-KLT  skip 8 tolerance = 5.0
# (time tick) ( F ) ( F all inside) (precision) (recall) (recall all inside) (tracks)
0008  0.964  0.964  0.991  0.938  0.938 460
0016  0.903  0.917  0.932  0.877  0.903 457
0024  0.800  0.856  0.864  0.745  0.848 419
0032  0.636  0.729  0.807  0.525  0.664 316
0040  0.523  0.662  0.724  0.409  0.610 275
0048  0.559  0.661  0.792  0.432  0.567 265
0056  0.660  0.737  0.861  0.535  0.644 302
0064  0.787  0.816  0.906  0.695  0.742 373
0072  0.735  0.776  0.875  0.634  0.698 352
0080  0.735  0.736  0.917  0.613  0.615 325
0088  0.555  0.609  0.802  0.424  0.491 257
0096  0.521  0.624  0.816  0.383  0.505 228
0104  0.516  0.667  0.801  0.381  0.571 231
0112  0.531  0.703  0.826  0.391  0.612 230
0120  0.723  0.827  0.920  0.595  0.750 314
0128  0.801  0.813  0.934  0.702  0.720 365
0136  0.697  0.774  0.919  0.562  0.668 297
0144  0.509  0.610  0.821  0.368  0.485 218
0152  0.356  0.497  0.667  0.243  0.396 177
