# File: various/urban Algorithm = FH-SURF-KLT  skip 1 tolerance = 5.0
# (time tick) ( F ) ( F all inside) (precision) (recall) (recall all inside) (tracks)
0001  1.000  1.000  1.000  1.000  1.000 486
0002  0.991  0.991  0.992  0.990  0.990 485
0003  0.986  0.986  0.988  0.984  0.984 484
0004  0.983  0.983  0.988  0.979  0.979 482
0005  0.980  0.980  0.985  0.975  0.975 481
0006  0.981  0.981  0.988  0.975  0.975 480
0007  0.975  0.975  0.981  0.969  0.969 480
0008  0.972  0.972  0.979  0.965  0.965 479
0009  0.968  0.968  0.975  0.961  0.961 479
0010  0.964  0.964  0.971  0.957  0.957 479
0011  0.967  0.967  0.975  0.959  0.959 478
0012  0.965  0.965  0.975  0.955  0.955 476
0013  0.950  0.953  0.964  0.936  0.942 472
0014  0.951  0.957  0.966  0.936  0.948 471
0015  0.953  0.964  0.972  0.934  0.956 467
0016  0.953  0.967  0.976  0.930  0.958 463
0017  0.945  0.964  0.972  0.920  0.957 460
0018  0.924  0.948  0.954  0.895  0.942 456
0019  0.922  0.952  0.958  0.889  0.945 451
0020  0.915  0.955  0.957  0.877  0.953 445
0021  0.903  0.945  0.948  0.862  0.942 442
0022  0.894  0.942  0.933  0.858  0.952 447
0023  0.886  0.939  0.934  0.844  0.945 439
0024  0.881  0.941  0.931  0.835  0.951 436
0025  0.876  0.941  0.933  0.825  0.950 430
0026  0.876  0.945  0.941  0.819  0.950 423
0027  0.857  0.931  0.928  0.796  0.935 417
0028  0.848  0.930  0.929  0.780  0.931 408
0029  0.835  0.920  0.912  0.770  0.928 410
0030  0.832  0.925  0.914  0.763  0.937 406
0031  0.828  0.928  0.922  0.751  0.934 396
0032  0.812  0.919  0.910  0.733  0.927 391
0033  0.814  0.927  0.922  0.728  0.932 384
0034  0.801  0.923  0.915  0.712  0.930 378
0035  0.785  0.909  0.897  0.698  0.921 378
0036  0.764  0.895  0.890  0.669  0.900 365
0037  0.754  0.903  0.891  0.654  0.916 357
0038  0.736  0.891  0.882  0.632  0.900 348
0039  0.727  0.891  0.871  0.623  0.913 348
0040  0.719  0.890  0.864  0.615  0.917 346
0041  0.716  0.887  0.863  0.611  0.911 344
0042  0.717  0.888  0.866  0.611  0.911 343
0043  0.719  0.889  0.869  0.613  0.911 343
0044  0.721  0.892  0.872  0.615  0.914 343
0045  0.710  0.880  0.864  0.603  0.896 339
0046  0.718  0.891  0.883  0.605  0.899 333
0047  0.713  0.886  0.882  0.599  0.890 330
0048  0.716  0.889  0.885  0.601  0.893 330
0049  0.716  0.889  0.885  0.601  0.893 330
0050  0.711  0.884  0.879  0.597  0.890 330
0051  0.712  0.885  0.881  0.597  0.890 329
0052  0.712  0.885  0.881  0.597  0.890 329
0053  0.716  0.890  0.890  0.599  0.890 327
0054  0.716  0.890  0.890  0.599  0.890 327
0055  0.714  0.888  0.890  0.597  0.887 326
0056  0.714  0.888  0.890  0.597  0.887 326
0057  0.718  0.892  0.895  0.599  0.890 325
0058  0.717  0.892  0.898  0.597  0.887 323
0059  0.720  0.897  0.904  0.599  0.890 322
0060  0.713  0.887  0.894  0.593  0.880 322
0061  0.711  0.886  0.894  0.591  0.877 321
0062  0.712  0.887  0.897  0.591  0.877 320
0063  0.713  0.888  0.900  0.591  0.877 319
0064  0.713  0.888  0.900  0.591  0.877 319
0065  0.711  0.885  0.897  0.588  0.874 319
0066  0.711  0.885  0.897  0.588  0.874 319
0067  0.715  0.891  0.905  0.591  0.877 317
0068  0.851  0.890  0.913  0.796  0.869 424
0069  0.842  0.891  0.911  0.782  0.871 417
0070  0.837  0.898  0.913  0.774  0.884 412
0071  0.829  0.898  0.909  0.761  0.888 407
0072  0.830  0.904  0.918  0.757  0.890 401
0073  0.829  0.906  0.920  0.755  0.893 399
0074  0.827  0.902  0.919  0.751  0.886 397
0075  0.831  0.908  0.924  0.755  0.893 397
0076  0.830  0.908  0.924  0.753  0.893 396
0077  0.824  0.900  0.919  0.747  0.882 395
0078  0.831  0.909  0.927  0.753  0.893 395
0079  0.833  0.913  0.931  0.753  0.896 393
0080  0.832  0.913  0.934  0.751  0.893 391
0081  0.832  0.916  0.936  0.749  0.896 389
0082  0.825  0.911  0.930  0.741  0.893 387
0083  0.795  0.898  0.903  0.710  0.893 382
0084  0.797  0.904  0.908  0.710  0.900 380
0085  0.794  0.902  0.907  0.706  0.896 378
0086  0.791  0.904  0.909  0.700  0.900 374
0087  0.788  0.904  0.909  0.695  0.900 372
0088  0.784  0.901  0.906  0.691  0.896 371
0089  0.779  0.900  0.907  0.683  0.893 366
0090  0.768  0.892  0.898  0.671  0.886 363
0091  0.762  0.893  0.897  0.663  0.889 359
0092  0.763  0.898  0.904  0.660  0.893 355
0093  0.759  0.896  0.903  0.654  0.889 352
0094  0.751  0.898  0.899  0.644  0.896 348
0095  0.722  0.882  0.874  0.615  0.889 342
0096  0.723  0.885  0.877  0.615  0.893 341
0097  0.710  0.873  0.866  0.601  0.879 337
0098  0.707  0.871  0.864  0.599  0.878 337
0099  0.708  0.875  0.871  0.597  0.878 333
0100  0.707  0.877  0.870  0.595  0.885 332
0101  0.701  0.874  0.867  0.588  0.881 330
0102  0.704  0.883  0.880  0.586  0.887 324
0103  0.702  0.888  0.879  0.584  0.896 323
0104  0.695  0.880  0.875  0.576  0.886 320
0105  0.686  0.874  0.870  0.566  0.878 316
0106  0.685  0.875  0.873  0.564  0.877 314
0107  0.679  0.871  0.869  0.558  0.873 312
0108  0.651  0.849  0.821  0.539  0.880 319
0109  0.646  0.845  0.820  0.533  0.872 316
0110  0.648  0.854  0.825  0.533  0.885 314
0111  0.645  0.853  0.826  0.529  0.881 311
0112  0.644  0.852  0.828  0.527  0.877 309
0113  0.638  0.844  0.824  0.521  0.866 307
0114  0.644  0.853  0.833  0.525  0.873 306
0115  0.649  0.861  0.845  0.527  0.877 303
0116  0.653  0.867  0.854  0.529  0.881 301
0117  0.648  0.861  0.852  0.523  0.869 298
0118  0.656  0.872  0.868  0.527  0.877 295
0119  0.655  0.872  0.870  0.525  0.873 293
0120  0.658  0.877  0.877  0.527  0.877 292
0121  0.662  0.883  0.886  0.529  0.881 290
0122  0.805  0.900  0.901  0.728  0.899 393
0123  0.809  0.904  0.906  0.730  0.903 392
0124  0.810  0.905  0.908  0.730  0.903 391
0125  0.807  0.904  0.905  0.728  0.903 391
0126  0.806  0.904  0.910  0.724  0.899 387
0127  0.806  0.902  0.910  0.724  0.896 387
0128  0.802  0.898  0.904  0.720  0.892 387
0129  0.800  0.896  0.904  0.718  0.888 386
0130  0.800  0.896  0.904  0.718  0.888 386
0131  0.800  0.896  0.904  0.718  0.888 386
0132  0.798  0.897  0.902  0.716  0.892 386
0133  0.794  0.893  0.899  0.712  0.888 385
0134  0.799  0.900  0.904  0.716  0.896 385
0135  0.807  0.908  0.914  0.722  0.903 384
0136  0.792  0.899  0.903  0.706  0.896 380
0137  0.782  0.890  0.892  0.695  0.888 379
0138  0.771  0.885  0.885  0.683  0.884 375
0139  0.769  0.892  0.889  0.677  0.896 370
0140  0.757  0.890  0.880  0.665  0.899 367
0141  0.765  0.896  0.893  0.669  0.899 364
0142  0.726  0.877  0.864  0.626  0.892 352
0143  0.728  0.879  0.866  0.628  0.892 352
0144  0.717  0.871  0.855  0.617  0.888 351
0145  0.716  0.876  0.861  0.613  0.892 346
0146  0.720  0.883  0.871  0.613  0.896 342
0147  0.702  0.877  0.860  0.593  0.896 335
0148  0.683  0.872  0.852  0.570  0.892 325
0149  0.639  0.852  0.822  0.523  0.884 309
0150  0.624  0.833  0.803  0.510  0.866 309
0151  0.635  0.847  0.818  0.519  0.877 308
0152  0.619  0.830  0.805  0.502  0.857 303
0153  0.606  0.826  0.801  0.488  0.853 296
0154  0.600  0.833  0.801  0.479  0.867 291
