# File: various/lighting Algorithm = FH-SURF-KLT  skip 4 tolerance = 5.0
# (time tick) ( F ) ( F all inside) (precision) (recall) (recall all inside) (tracks)
0004  0.985  0.985  0.988  0.983  0.983 515
0008  0.980  0.980  0.983  0.977  0.977 515
0012  0.957  0.957  0.961  0.954  0.954 514
0016  0.948  0.948  0.953  0.942  0.942 512
0020  0.928  0.928  0.935  0.921  0.921 510
0024  0.920  0.920  0.927  0.913  0.913 510
0028  0.902  0.902  0.910  0.894  0.894 509
0032  0.904  0.904  0.912  0.896  0.896 509
0036  0.891  0.891  0.900  0.882  0.882 508
0040  0.879  0.879  0.889  0.869  0.869 506
0044  0.858  0.858  0.871  0.846  0.846 503
0048  0.856  0.856  0.869  0.844  0.844 503
0052  0.858  0.858  0.871  0.846  0.846 503
0056  0.848  0.848  0.861  0.836  0.836 503
0060  0.836  0.836  0.849  0.824  0.824 503
0064  0.831  0.831  0.843  0.819  0.819 503
0068  0.829  0.829  0.841  0.817  0.817 503
0072  0.840  0.840  0.853  0.828  0.828 503
0076  0.827  0.827  0.839  0.815  0.815 503
0080  0.820  0.820  0.833  0.807  0.807 502
0084  0.822  0.822  0.835  0.809  0.809 502
0088  0.805  0.805  0.818  0.792  0.792 501
0092  0.805  0.805  0.818  0.792  0.792 501
0096  0.809  0.809  0.822  0.795  0.795 501
0100  0.813  0.813  0.826  0.799  0.799 501
0104  0.809  0.809  0.822  0.795  0.795 501
0108  0.803  0.803  0.816  0.790  0.790 501
0112  0.775  0.775  0.788  0.763  0.763 501
0116  0.738  0.738  0.768  0.710  0.710 479
0120  0.694  0.694  0.726  0.664  0.664 474
0124  0.681  0.681  0.714  0.651  0.651 472
0128  0.663  0.663  0.695  0.633  0.633 472
0132  0.692  0.692  0.704  0.680  0.680 500
0136  0.670  0.670  0.684  0.656  0.656 497
0140  0.669  0.669  0.683  0.654  0.654 496
0144  0.665  0.665  0.681  0.651  0.651 495
0148  0.650  0.650  0.666  0.635  0.635 494
0152  0.652  0.652  0.668  0.637  0.637 494
0156  0.648  0.648  0.664  0.633  0.633 494
0160  0.640  0.640  0.656  0.625  0.625 494
0164  0.615  0.615  0.631  0.600  0.600 493
0168  0.602  0.602  0.618  0.587  0.587 492
0172  0.586  0.586  0.602  0.571  0.571 492
0176  0.593  0.593  0.609  0.577  0.577 491
0180  0.575  0.575  0.591  0.560  0.560 491
0184  0.567  0.567  0.582  0.552  0.552 491
0188  0.571  0.571  0.588  0.556  0.556 490
0192  0.540  0.540  0.556  0.525  0.525 489
0196  0.535  0.535  0.551  0.519  0.519 488
0200  0.530  0.530  0.547  0.514  0.514 486
0204  0.532  0.532  0.549  0.515  0.515 486
0208  0.502  0.502  0.520  0.486  0.486 485
0212  0.489  0.489  0.505  0.473  0.473 485
0216  0.495  0.495  0.511  0.479  0.479 485
0220  0.489  0.489  0.505  0.473  0.473 485
0224  0.461  0.461  0.476  0.446  0.446 485
0228  0.461  0.461  0.477  0.446  0.446 484
0232  0.464  0.464  0.480  0.448  0.448 483
0236  0.447  0.447  0.465  0.431  0.431 480
0240  0.441  0.441  0.459  0.425  0.425 479
