# File: various/compressed Algorithm = FH-SURF-KLT  skip 4 tolerance = 5.0
# (time tick) ( F ) ( F all inside) (precision) (recall) (recall all inside) (tracks)
0004  0.870  0.871  0.933  0.816  0.817 450
0008  0.778  0.781  0.880  0.697  0.703 408
0012  0.749  0.757  0.855  0.666  0.679 401
0016  0.668  0.693  0.802  0.573  0.611 368
0020  0.617  0.654  0.767  0.517  0.570 347
0024  0.579  0.634  0.744  0.474  0.552 328
0028  0.510  0.583  0.703  0.400  0.498 293
0032  0.484  0.573  0.704  0.369  0.483 270
0036  0.442  0.539  0.652  0.334  0.460 264
0040  0.406  0.520  0.640  0.297  0.437 239
0044  0.377  0.504  0.623  0.270  0.422 223
0048  0.359  0.494  0.567  0.262  0.437 238
0052  0.329  0.472  0.548  0.235  0.414 221
0056  0.308  0.453  0.541  0.216  0.389 205
0060  0.283  0.423  0.505  0.196  0.363 200
0064  0.253  0.389  0.471  0.173  0.332 189
0068  0.240  0.383  0.454  0.163  0.331 185
0072  0.219  0.352  0.412  0.150  0.307 187
0076  0.211  0.343  0.412  0.142  0.293 177
0080  0.203  0.333  0.418  0.134  0.277 165
0084  0.195  0.314  0.370  0.132  0.273 184
0088  0.193  0.316  0.391  0.128  0.265 169
0092  0.197  0.324  0.406  0.130  0.269 165
0096  0.156  0.259  0.319  0.103  0.218 166
0100  0.160  0.273  0.340  0.105  0.229 159
0104  0.153  0.261  0.313  0.101  0.224 166
0108  0.150  0.245  0.313  0.099  0.201 163
0112  0.119  0.207  0.255  0.078  0.174 157
0116  0.123  0.204  0.268  0.080  0.165 153
