# list of hand selected 2D points
198.36065573770490000000 98.85245901639344000000
239.01639344262293000000 98.03278688524590000000
237.55491803278684000000 138.81639344262288000000
195.73770491803276000000 138.85245901639342000000
281.31147540983600000000 97.37704918032786000000
324.09836065573770000000 97.37704918032786000000
324.42622950819670000000 137.86885245901638000000
280.32786885245900000000 137.86885245901638000000
367.04918032786884000000 98.36065573770490000000
408.85245901639340000000 99.83606557377048000000
409.83606557377044000000 140.32786885245900000000
367.04918032786884000000 138.85245901639342000000
367.66885245901630000000 180.99754098360650000000
411.32540983606550000000 182.14508196721306000000
411.71721311475403000000 226.14344262295074000000
367.70491803278685000000 225.40983606557376000000
323.39262295081966000000 180.64754098360643000000
323.27868852459010000000 224.91803278688522000000
278.51639344262280000000 224.32622950819670000000
278.91639344262290000000 180.41967213114742000000
235.73770491803276000000 180.49180327868850000000
235.08196721311472000000 223.77049180327867000000
191.76721311475404000000 223.93442622950818000000
193.11475409836063000000 180.98360655737704000000
233.21475409836066000000 268.91639344262290000000
233.05081967213115000000 313.05081967213110000000
190.40573770491795000000 311.75327868852460000000
190.65573770491800000000 268.01065573770484000000
277.61885245901630000000 269.32213114754086000000
322.29508196721310000000 269.69999999999993000000
321.80327868852460000000 314.75409836065570000000
277.07704918032780000000 314.04836065573767000000
367.55270270270270000000 270.07027027027020000000
411.35135135135135000000 270.17027027027024000000
410.74594594594590000000 314.88513513513504000000
366.75675675675670000000 315.00000000000000000000
365.84594594594590000000 359.35945945945940000000
409.45945945945940000000 359.18918918918916000000
408.37837837837840000000 400.94594594594594000000
365.02027027027020000000 401.75675675675670000000
277.02702702702703000000 359.18918918918916000000
321.62162162162160000000 359.32432432432430000000
320.81081081081080000000 401.89189189189190000000
276.89189189189190000000 401.48648648648646000000
190.94594594594594000000 355.81081081081080000000
233.51351351351352000000 357.70270270270270000000
233.10810810810810000000 399.72972972972970000000
190.67567567567568000000 397.56756756756755000000
