# list of hand selected 2D points
258.90756302521010000000 84.95798319327731000000
298.99159663865544000000 83.02521008403362000000
342.59541984732823000000 81.45038167938931000000
384.80916030534350000000 80.76335877862594000000
428.24427480916023000000 80.91603053435114000000
469.84732824427476000000 81.06870229007633000000
471.29770992366406000000 120.61068702290075000000
429.77099236641214000000 119.99999999999999000000
385.64885496183200000000 120.30534351145037000000
343.35877862595420000000 120.30534351145037000000
343.58778625954193000000 164.58015267175570000000
386.48854961832060000000 164.42748091603050000000
432.21374045801520000000 164.27480916030532000000
474.27480916030527000000 164.27480916030532000000
475.72519083969460000000 207.55725190839692000000
432.29007633587780000000 207.63358778625950000000
387.48091603053433000000 207.40458015267174000000
342.86908396946570000000 207.15725190839683000000
343.12977099236640000000 253.89312977099235000000
386.87022900763355000000 253.43511450381678000000
432.74809160305340000000 253.58778625954196000000
476.48854961832060000000 253.43511450381678000000
475.87786259541980000000 297.63358778625950000000
432.82442748091600000000 297.86259541984730000000
386.71755725190840000000 297.63358778625950000000
342.13740458015263000000 297.78625954198470000000
342.06106870229000000000 344.04580152671750000000
386.10687022900760000000 343.74045801526717000000
431.60305343511450000000 343.58778625954193000000
474.73282442748086000000 343.43511450381675000000
473.28244274809157000000 386.03053435114500000000
429.99999999999994000000 387.09923664122135000000
385.26717557251900000000 386.10687022900760000000
341.52671755725186000000 386.10687022900760000000
296.25954198473280000000 383.96946564885490000000
254.88549618320607000000 382.21374045801525000000
296.63265306122446000000 342.34693877551020000000
254.48979591836732000000 341.73469387755100000000
297.04081632653060000000 297.04081632653060000000
254.48979591836732000000 296.22448979591840000000
297.34693877551020000000 253.16326530612244000000
254.99999999999997000000 253.16326530612244000000
297.44897959183670000000 207.44897959183672000000
255.91836734693877000000 207.85714285714283000000
298.06122448979590000000 165.30612244897958000000
256.83673469387753000000 166.32653061224488000000
298.97959183673470000000 122.14285714285714000000
257.95918367346940000000 123.16326530612244000000
