# list of hand selected 2D points
327.97297297297297000000 163.10810810810810000000
355.94594594594594000000 171.75675675675674000000
342.02702702702703000000 191.48648648648648000000
313.91891891891890000000 181.35135135135135000000
384.45945945945940000000 181.35135135135135000000
414.32432432432430000000 191.08108108108107000000
402.16216216216213000000 212.56756756756755000000
371.48648648648646000000 201.35135135135135000000
444.32432432432430000000 202.02702702702700000000
475.27027027027026000000 212.56756756756755000000
464.86486486486484000000 235.27027027027026000000
433.51351351351350000000 223.51351351351352000000
421.48648648648646000000 248.24324324324323000000
453.91891891891890000000 260.40540540540540000000
442.02702702702703000000 287.29729729729730000000
407.97297297297297000000 273.37837837837840000000
357.28395061728395000000 224.19753086419755000000
388.51851851851853000000 235.80246913580248000000
374.69135802469140000000 260.98765432098764000000
342.09876543209880000000 248.14814814814815000000
298.02469135802470000000 203.33333333333334000000
326.41975308641975000000 213.20987654320987000000
310.49382716049380000000 236.17283950617286000000
280.61728395061730000000 224.69135802469137000000
261.97530864197535000000 249.87654320987656000000
292.59259259259260000000 261.97530864197535000000
273.95061728395063000000 288.51851851851853000000
243.33333333333334000000 274.69135802469140000000
325.30864197530866000000 275.43209876543210000000
358.27160493827160000000 288.14814814814815000000
341.11111111111114000000 317.03703703703707000000
307.03703703703707000000 302.34567901234567000000
393.45679012345680000000 302.59259259259260000000
428.51851851851853000000 316.17283950617286000000
413.82716049382720000000 347.03703703703707000000
377.53086419753090000000 331.11111111111114000000
359.27272727272725000000 365.27272727272725000000
396.90909090909093000000 381.27272727272725000000
379.45454545454544000000 415.63636363636360000000
341.09090909090907000000 397.63636363636360000000
287.43243243243240000000 333.24324324324320000000
322.29729729729730000000 348.51351351351350000000
302.83783783783780000000 381.08108108108104000000
267.02702702702703000000 362.83783783783780000000
223.10810810810810000000 303.10810810810807000000
253.51351351351350000000 317.29729729729730000000
233.10810810810810000000 346.48648648648646000000
202.16216216216216000000 330.40540540540540000000
