# list of hand selected 2D points
208.64197530864197000000 130.98765432098767000000
241.23456790123458000000 124.69135802469137000000
242.09876543209880000000 152.71604938271605000000
208.64197530864197000000 159.13580246913580000000
275.18518518518520000000 118.39506172839506000000
308.76543209876550000000 112.34567901234568000000
312.96296296296300000000 140.61728395061730000000
277.16049382716050000000 146.79012345679013000000
343.70370370370370000000 107.03703703703704000000
377.90123456790127000000 102.22222222222223000000
384.56790123456790000000 129.50617283950618000000
348.76543209876550000000 135.06172839506172000000
353.82716049382720000000 166.04938271604940000000
391.23456790123460000000 160.12345679012347000000
398.27160493827165000000 192.71604938271605000000
359.50617283950620000000 198.64197530864197000000
279.82654320987655000000 177.13086419753077000000
316.79012345679010000000 171.43148148148148000000
321.60493827160496000000 203.95061728395063000000
283.08641975308643000000 210.12345679012347000000
209.25925925925927000000 189.87654320987656000000
243.82716049382717000000 183.58024691358025000000
246.17283950617286000000 216.29629629629630000000
209.01234567901236000000 221.97530864197532000000
210.00000000000000000000 257.77777777777777000000
247.28395061728395000000 252.09876543209880000000
249.62962962962965000000 289.01234567901236000000
211.11111111111111000000 294.07407407407410000000
286.17283950617286000000 246.41975308641977000000
325.43209876543210000000 240.12345679012347000000
330.00000000000000000000 277.53086419753090000000
289.13580246913580000000 282.71604938271605000000
365.30864197530866000000 233.96790123456776000000
404.56790123456790000000 227.90123456790124000000
411.97222222222220000000 264.44135802469134000000
371.23456790123460000000 270.86419753086420000000
376.91358024691360000000 311.85185185185185000000
418.64197530864200000000 304.93827160493830000000
426.17283950617286000000 345.55555555555554000000
383.13024691358015000000 351.64876543209870000000
293.08333333333330000000 323.18024691358016000000
334.69135802469140000000 317.40740740740745000000
339.99691358024690000000 358.04506172839500000000
296.79012345679010000000 363.33333333333337000000
213.50370370370368000000 333.52716049382710000000
252.58333333333317000000 328.39506172839510000000
254.69135802469137000000 368.64197530864200000000
214.86172839506170000000 372.71913580246920000000
