# list of hand selected 2D points
261.90000000000000000000 101.80000000000001000000
304.72727272727275000000 105.09090909090910000000
300.72727272727275000000 146.54545454545453000000
256.54545454545456000000 142.54545454545453000000
348.47727272727270000000 109.02272727272728000000
392.18181818181820000000 113.45454545454545000000
389.45454545454544000000 155.45454545454547000000
344.90909090909093000000 150.00000000000000000000
434.54545454545456000000 119.02272727272728000000
475.69999999999993000000 124.89090909090910000000
474.22727272727263000000 165.31818181818170000000
432.90909090909093000000 159.27272727272728000000
430.34545454545450000000 203.13636363636350000000
473.19090909090910000000 208.39545454545450000000
471.09090909090907000000 252.72727272727272000000
427.81818181818180000000 248.00000000000000000000
341.09090909090907000000 193.63636363636363000000
386.54545454545456000000 198.36363636363637000000
383.27272727272725000000 244.18181818181820000000
337.27272727272725000000 239.45454545454547000000
251.09090909090910000000 185.81818181818180000000
296.00000000000000000000 189.63636363636363000000
290.90909090909093000000 235.09090909090910000000
245.45454545454547000000 230.72727272727272000000
240.00000000000000000000 276.72727272727275000000
285.81818181818180000000 281.09090909090907000000
281.45454545454544000000 328.00000000000000000000
235.63636363636363000000 322.90909090909093000000
333.09090909090907000000 285.81818181818180000000
378.54545454545456000000 289.63636363636360000000
374.54545454545456000000 336.18181818181820000000
328.72727272727275000000 331.81818181818180000000
424.00000000000000000000 294.18181818181820000000
467.27272727272725000000 297.63636363636360000000
462.85454545454530000000 342.80454545454530000000
419.78181818181810000000 339.24090909090910000000
414.59090909090895000000 384.89090909090900000000
457.63636363636360000000 388.08181818181816000000
452.95454545454530000000 430.04545454545445000000
409.36818181818170000000 428.54545454545456000000
323.79999999999995000000 378.72727272727275000000
369.63636363636360000000 382.54545454545456000000
364.90909090909093000000 426.54545454545456000000
318.40909090909080000000 422.90909090909093000000
231.63636363636363000000 368.72727272727275000000
276.59545454545460000000 373.71818181818180000000
273.09090909090907000000 418.00000000000000000000
227.71818181818180000000 412.23181818181820000000
