# list of hand selected 2D points
220.44943820224720000000 147.07865168539325000000
258.08988764044943000000 146.96629213483146000000
257.86516853932585000000 184.94382022471910000000
220.00000000000000000000 184.94382022471910000000
296.01741573033706000000 146.49157303370780000000
335.16853932584270000000 146.74157303370785000000
334.94382022471910000000 185.95505617977528000000
295.86741573033703000000 185.10617977528090000000
373.58258426966285000000 147.66516853932580000000
412.02247191011236000000 148.87640449438203000000
411.68539325842690000000 187.30337078651684000000
372.63370786516845000000 186.21741573033710000000
372.02247191011236000000 224.55617977528078000000
410.33707865168540000000 225.05617977528090000000
408.66348314606730000000 263.27022471910100000000
371.03539325842680000000 262.92134831460675000000
295.69269662921346000000 223.52022471910104000000
334.38202247191010000000 224.04494382022472000000
334.04494382022470000000 262.47191011235950000000
294.94382022471910000000 261.79775280898880000000
220.48651685393250000000 222.67134831460670000000
257.97752808988764000000 222.80898876404493000000
258.08988764044943000000 261.34831460674155000000
220.78651685393257000000 260.78651685393260000000
221.91011235955057000000 297.30337078651684000000
258.20224719101120000000 298.08988764044943000000
258.53932584269660000000 334.15730337078650000000
222.02247191011236000000 332.58426966292130000000
294.94382022471910000000 299.10112359550560000000
333.14606741573033000000 299.21348314606740000000
332.24719101123594000000 335.61797752808985000000
294.74382022471906000000 334.73146067415730000000
369.88764044943820000000 300.11235955056180000000
407.19101123595505000000 299.88764044943820000000
405.73033707865164000000 335.84269662921350000000
368.75112359550553000000 335.76797752808990000000
366.96629213483146000000 369.69999999999993000000
403.03370786516854000000 369.66292134831457000000
400.57359550561785000000 401.82247191011230000000
366.06741573033710000000 402.02247191011236000000
294.83146067415730000000 369.21348314606740000000
331.12359550561797000000 369.64999999999990000000
330.13651685393245000000 402.15898876404480000000
295.05617977528090000000 401.91011235955057000000
224.11966292134827000000 366.89101123595500000000
258.87640449438203000000 368.08988764044943000000
260.11235955056180000000 400.56179775280896000000
224.83146067415728000000 398.80168539325840000000
