# list of hand selected 2D points
331.63740458015250000000 75.63320610687025000000
371.52671755725186000000 79.46564885496183000000
412.12777777777760000000 82.90000000000005000000
451.18055555555554000000 88.12500000000000000000
490.16388888888870000000 93.44444444444450000000
525.06944444444450000000 99.34166666666668000000
525.06944444444450000000 135.20833333333334000000
489.70555555555535000000 130.06944444444443000000
449.86111111111110000000 124.93055555555556000000
410.66388888888855000000 120.55555555555556000000
368.88888888888886000000 115.97222222222221000000
328.39444444444420000000 112.59722222222223000000
325.46388888888880000000 153.20277777777744000000
366.98055555555570000000 156.86666666666642000000
409.04166666666646000000 160.74444444444416000000
449.43888888888900000000 165.33333333333323000000
489.43888888888870000000 170.27222222222207000000
525.98888888888810000000 174.56944444444431000000
524.98611111111040000000 214.09722222222223000000
488.13055555555540000000 210.45000000000010000000
447.07500000000005000000 206.03333333333336000000
406.80833333333310000000 202.07500000000005000000
363.12500000000000000000 198.05555555555554000000
321.65833333333310000000 194.44722222222230000000
317.80277777777764000000 238.35555555555533000000
359.45555555555560000000 241.78055555555540000000
403.73611111111100000000 245.81944444444431000000
444.98333333333340000000 249.20277777777767000000
485.77222222222220000000 252.52222222222200000000
522.84722222222220000000 256.11111111111110000000
520.04166666666640000000 296.91388888888883000000
482.44999999999970000000 294.22777777777780000000
441.39166666666670000000 291.27222222222230000000
401.80555555555554000000 287.84722222222223000000
356.59722222222223000000 284.23611111111110000000
313.73333333333284000000 280.51388888888880000000
310.67222222222216000000 325.74999999999990000000
353.15833333333340000000 328.61666666666656000000
396.73611111111110000000 332.77777777777777000000
437.15277777777777000000 334.72222222222223000000
478.54999999999995000000 337.02777777777760000000
515.88611111111070000000 338.51666666666654000000
511.81111111111125000000 378.65555555555570000000
473.89166666666640000000 376.94444444444446000000
433.65555555555570000000 375.16944444444450000000
392.53333333333313000000 372.77777777777777000000
348.95833333333330000000 370.55555555555554000000
307.15833333333320000000 366.66666666666670000000
