# list of hand selected 2D points
389.50617283950620000000 79.75308641975309000000
417.42777777777770000000 98.29506172839507000000
407.90123456790127000000 124.07407407407408000000
378.88888888888890000000 105.06172839506173000000
444.19753086419760000000 116.29629629629630000000
469.50617283950620000000 133.58024691358025000000
462.22222222222223000000 159.62962962962965000000
435.55555555555560000000 141.72839506172840000000
493.20987654320990000000 150.98765432098767000000
515.30864197530870000000 167.28395061728395000000
510.12345679012350000000 193.20987654320987000000
486.17283950617286000000 176.17283950617283000000
479.30617283950613000000 204.73827160493823000000
503.33333333333337000000 220.74074074074076000000
496.54320987654324000000 249.87654320987656000000
471.20802469135800000000 233.82407407407402000000
426.68703703703700000000 169.72654320987652000000
454.16790123456780000000 187.65123456790118000000
445.43209876543210000000 217.28395061728395000000
416.66358024691357000000 199.53271604938277000000
368.02469135802470000000 133.82716049382717000000
398.14814814814815000000 151.60493827160494000000
387.40740740740745000000 182.09876543209880000000
355.55555555555554000000 162.71604938271605000000
342.34567901234567000000 195.92592592592592000000
374.69135802469140000000 214.07407407407408000000
362.22222222222223000000 247.90123456790124000000
327.80123456790125000000 229.38271604938274000000
405.79594594594590000000 232.13243243243235000000
435.40540540540536000000 248.78378378378378000000
424.59459459459460000000 282.29729729729730000000
394.05405405405406000000 265.27027027027026000000
462.16216216216213000000 265.27027027027026000000
487.43243243243240000000 280.13513513513510000000
479.18918918918916000000 312.02702702702703000000
452.33783783783770000000 297.04189189189190000000
441.72702702702696000000 331.92702702702700000000
468.37837837837833000000 345.67567567567570000000
458.10810810810807000000 379.59459459459460000000
430.34054054054050000000 365.88108108108100000000
381.62162162162160000000 301.48648648648646000000
412.16216216216213000000 317.29729729729730000000
400.67567567567570000000 352.83783783783780000000
368.58378378378370000000 337.14189189189193000000
313.37837837837840000000 266.75675675675680000000
347.97297297297297000000 284.18918918918916000000
334.32432432432430000000 321.08108108108104000000
297.56756756756755000000 303.24324324324320000000
