# list of hand selected 2D points
362.78950617283954000000 152.04567901234563000000
397.28395061728395000000 149.01234567901236000000
396.34938271604950000000 183.95061728395063000000
360.73765432098760000000 185.80246913580248000000
433.40679012345680000000 146.26666666666660000000
470.00000000000000000000 143.82716049382717000000
471.10493827160485000000 179.62345679012336000000
433.15679012345674000000 181.23456790123458000000
507.97469135802470000000 141.23148148148144000000
545.92592592592600000000 140.00000000000000000000
548.02469135802470000000 176.41975308641977000000
509.57654320987650000000 177.62777777777774000000
511.35802469135800000000 215.91975308641966000000
551.10802469135830000000 214.93518518518513000000
552.22222222222230000000 255.80246913580248000000
511.48148148148150000000 256.17283950617286000000
432.78950617283954000000 218.93271604938263000000
471.65493827160500000000 217.35432098765426000000
471.48148148148150000000 257.16049382716050000000
432.09567901234560000000 257.53086419753090000000
359.13580246913580000000 222.09876543209880000000
394.69135802469140000000 220.61728395061730000000
393.33333333333337000000 258.39506172839510000000
356.79012345679010000000 258.51851851851853000000
353.95061728395063000000 297.65432098765433000000
391.11111111111114000000 297.77777777777777000000
388.76543209876550000000 337.53086419753090000000
351.01111111111110000000 336.49320987654323000000
430.09691358024690000000 298.21851851851847000000
470.24691358024694000000 297.90123456790127000000
469.01234567901236000000 340.00000000000000000000
427.77777777777777000000 338.76543209876550000000
511.55493827160495000000 297.86851851851840000000
552.34567901234570000000 297.90123456790127000000
551.69876543209920000000 340.41419753086410000000
509.49999999999990000000 340.17345679012350000000
507.80123456790125000000 383.77407407407400000000
549.38271604938280000000 384.07407407407410000000
546.71049382716090000000 426.71358024691360000000
504.86172839506173000000 425.28518518518524000000
425.50246913580240000000 380.88765432098760000000
465.87283950617280000000 382.41604938271600000000
463.00679012345670000000 423.89753086419750000000
421.47839506172835000000 420.93765432098763000000
347.92469135802470000000 375.97283950617280000000
385.55555555555560000000 378.76543209876550000000
382.46913580246917000000 418.51851851851853000000
344.56172839506160000000 414.59135802469140000000
