# list of hand selected 2D points
172.78370786516848000000 75.44269662921350000000
211.01123595505618000000 76.06741573033707000000
205.84269662921346000000 114.15730337078651000000
167.19101123595505000000 112.80898876404494000000
250.69887640449430000000 77.26573033707865000000
291.68539325842690000000 79.32584269662921000000
287.52808988764040000000 117.97752808988764000000
246.06741573033707000000 115.73033707865169000000
332.84606741573026000000 82.12191011235957000000
374.49438202247190000000 85.39325842696628000000
372.02247191011236000000 124.60674157303370000000
329.77528089887640000000 120.67415730337078000000
325.94213483146060000000 161.74719101123583000000
369.32584269662920000000 165.61797752808988000000
366.40449438202245000000 208.20224719101122000000
322.57078651685373000000 204.26966292134830000000
241.11067415730330000000 156.12921348314595000000
283.48314606741570000000 158.76404494382020000000
279.55056179775280000000 201.23595505617976000000
237.07865168539325000000 197.64044943820224000000
161.13595505617974000000 151.93483146067410000000
200.44943820224720000000 153.70786516853930000000
195.73033707865167000000 195.61797752808988000000
156.29213483146066000000 192.92134831460675000000
151.51011235955048000000 234.84382022471908000000
190.67415730337078000000 238.08988764044943000000
187.19101123595505000000 280.33707865168540000000
147.62752808988756000000 275.50561797752806000000
232.67134831460670000000 241.39775280898866000000
274.94382022471910000000 244.60674157303370000000
271.57303370786514000000 287.97752808988764000000
229.10112359550560000000 283.59550561797750000000
320.00000000000000000000 248.65168539325842000000
362.80898876404495000000 251.91011235955054000000
359.21348314606740000000 295.28089887640450000000
315.95505617977530000000 291.46067415730334000000
311.57222222222210000000 335.92283950617280000000
355.43209876543210000000 339.62962962962960000000
351.48148148148150000000 381.35802469135800000000
308.64197530864200000000 378.02469135802470000000
225.69938271604930000000 327.45432098765430000000
268.27160493827160000000 331.97530864197535000000
265.18518518518520000000 374.69135802469140000000
222.59259259259260000000 369.75308641975310000000
144.81481481481480000000 318.39506172839510000000
184.32098765432100000000 322.96296296296300000000
181.11111111111111000000 364.81481481481484000000
142.59259259259260000000 359.01234567901236000000
