# list of hand selected 2D points
192.67134831460670000000 111.09831460674158000000
227.72808988764050000000 110.13707865168540000000
227.05393258426970000000 147.52808988764045000000
191.99719101123588000000 147.64044943820224000000
265.16853932584270000000 109.82471910112362000000
302.48426966292130000000 109.48764044943822000000
301.79775280898880000000 147.41573033707866000000
264.08202247191000000000 146.95393258426970000000
341.66011235955050000000 110.03707865168540000000
379.60056179775280000000 110.34887640449440000000
378.98876404494380000000 149.10112359550560000000
341.12359550561797000000 147.86516853932585000000
340.08707865168530000000 187.15337078651680000000
378.58932584269660000000 187.75168539325820000000
377.41573033707860000000 226.29213483146066000000
339.03820224719090000000 225.04382022471913000000
263.86966292134820000000 185.84213483146056000000
301.12359550561797000000 186.29213483146066000000
300.78651685393260000000 223.93258426966293000000
263.37022471910103000000 222.98370786516853000000
192.02247191011236000000 185.50561797752810000000
226.62921348314606000000 185.50561797752810000000
226.74157303370785000000 222.69662921348313000000
192.13483146067415000000 221.68539325842696000000
192.99606741573030000000 258.38932584269656000000
227.52808988764045000000 259.55056179775280000000
227.67808988764048000000 294.75674157303370000000
193.70730337078640000000 292.99606741573030000000
263.90730337078645000000 261.33539325842690000000
300.05000000000000000000 262.33426966292126000000
299.66292134831457000000 298.31460674157300000000
263.69494382022464000000 296.52921348314600000000
338.42696629213480000000 263.30786516853925000000
375.70561797752810000000 264.13202247191003000000
374.71910112359546000000 300.67415730337075000000
337.34044943820214000000 299.71292134831460000000
336.85393258426967000000 336.51685393258424000000
373.03370786516854000000 337.30337078651684000000
371.23595505617976000000 370.00000000000000000000
335.95505617977530000000 368.76404494382024000000
264.19438202247180000000 332.29662921348300000000
299.43820224719100000000 333.93258426966290000000
299.21348314606740000000 367.07865168539325000000
264.03202247191000000000 365.08146067415737000000
195.91741573033704000000 327.60280898876400000000
228.76404494382020000000 330.02471910112354000000
229.88764044943818000000 362.58426966292130000000
196.71629213483140000000 359.45056179775275000000
