# list of hand selected 2D points
343.25842696629210000000 146.74157303370785000000
371.28539325842684000000 157.74044943820226000000
354.83146067415730000000 177.86516853932582000000
326.29213483146066000000 166.17977528089887000000
401.57303370786514000000 168.98876404494382000000
431.53673469387746000000 181.07653061224482000000
416.93877551020404000000 203.06122448979590000000
386.22448979591830000000 189.48979591836732000000
463.36938775510197000000 193.67551020408160000000
495.20408163265300000000 206.83673469387753000000
482.85714285714283000000 230.81632653061223000000
449.69387755102036000000 216.22448979591834000000
435.20408163265300000000 242.04081632653060000000
469.48979591836730000000 257.14285714285710000000
453.87755102040813000000 285.30612244897960000000
418.77551020408160000000 268.57142857142856000000
368.87755102040813000000 213.57142857142856000000
401.12244897959180000000 227.55102040816325000000
383.87755102040813000000 253.26530612244895000000
350.71428571428567000000 238.06122448979590000000
308.46938775510200000000 187.75510204081633000000
336.93877551020404000000 200.10204081632650000000
318.57142857142856000000 223.67346938775510000000
288.26530612244900000000 209.99999999999997000000
267.24489795918370000000 235.71428571428570000000
297.34693877551020000000 249.79591836734693000000
276.02040816326530000000 277.44897959183670000000
245.20408163265304000000 261.53061224489795000000
330.63765432098756000000 265.92283950617280000000
364.44444444444446000000 282.09876543209880000000
344.81481481481484000000 311.85185185185185000000
309.15617283950610000000 293.97407407407405000000
400.98765432098764000000 299.13580246913580000000
437.03703703703707000000 315.80246913580250000000
419.01234567901236000000 348.39506172839510000000
381.08456790123455000000 330.10000000000000000000
359.52962962962960000000 364.93518518518516000000
397.90123456790127000000 383.95061728395063000000
376.41975308641975000000 420.00000000000000000000
337.25740740740740000000 398.79197530864200000000
286.41791044776120000000 325.82089552238807000000
321.79104477611940000000 344.47761194029850000000
298.65671641791045000000 377.91044776119400000000
261.79104477611940000000 356.71641791044780000000
221.49253731343282000000 290.29850746268660000000
251.64179104477610000000 306.86567164179104000000
228.65671641791045000000 336.86567164179104000000
197.61194029850745000000 318.50746268656720000000
