# list of hand selected 2D points
219.59183673469386000000 149.08163265306120000000
249.69387755102040000000 144.69387755102040000000
245.81632653061223000000 180.00000000000000000000
214.89795918367346000000 182.55102040816325000000
282.85714285714283000000 140.20408163265304000000
317.55102040816325000000 135.81632653061223000000
314.79591836734690000000 172.75510204081633000000
279.28571428571430000000 175.51020408163265000000
355.30612244897960000000 131.53061224489795000000
394.59183673469386000000 127.55102040816325000000
393.57142857142856000000 166.22448979591834000000
353.36734693877550000000 168.97959183673467000000
350.61224489795916000000 210.40816326530611000000
391.63265306122446000000 207.95918367346937000000
389.79591836734690000000 251.93877551020407000000
347.95918367346934000000 251.53061224489795000000
275.00000000000000000000 214.48979591836732000000
310.81632653061223000000 212.65306122448980000000
307.44897959183670000000 253.06122448979590000000
271.32653061224490000000 253.06122448979590000000
209.89795918367346000000 218.67346938775510000000
240.40816326530611000000 216.93877551020407000000
235.91836734693877000000 254.48979591836732000000
205.10204081632650000000 254.59183673469386000000
200.61224489795916000000 293.57142857142856000000
231.93877551020407000000 294.08163265306120000000
227.95918367346937000000 333.57142857142856000000
196.63265306122450000000 330.81632653061223000000
266.93877551020404000000 295.61224489795916000000
303.67346938775506000000 295.71428571428567000000
300.61224489795916000000 338.87755102040813000000
263.26530612244900000000 336.02040816326530000000
344.83146067415730000000 297.19101123595505000000
387.41573033707860000000 297.19101123595505000000
385.05617977528090000000 342.69662921348310000000
341.57303370786514000000 340.78651685393260000000
337.75280898876406000000 386.74157303370780000000
380.89887640449440000000 390.11235955056180000000
376.74157303370780000000 435.73033707865164000000
333.93258426966290000000 429.21348314606740000000
259.43820224719100000000 379.43820224719100000000
296.96629213483146000000 382.80898876404495000000
292.69662921348310000000 425.50561797752806000000
254.94382022471910000000 418.65168539325840000000
193.48314606741573000000 370.11235955056180000000
224.26966292134830000000 374.94382022471910000000
219.21348314606740000000 414.15730337078650000000
189.77528089887640000000 406.85393258426967000000
