# list of hand selected 2D points
208.67346938775510000000 160.10204081632650000000
232.24489795918365000000 168.06122448979590000000
214.69387755102040000000 188.67346938775510000000
189.89795918367346000000 179.18367346938774000000
258.46938775510205000000 176.73469387755100000000
240.71428571428570000000 197.55102040816325000000
268.57142857142856000000 208.77551020408163000000
285.91836734693874000000 186.53061224489795000000
315.51020408163265000000 196.12244897959180000000
345.10204081632650000000 207.14285714285714000000
328.77551020408160000000 230.61224489795916000000
298.67346938775506000000 218.57142857142856000000
280.20408163265300000000 243.77551020408163000000
311.42857142857140000000 256.83673469387753000000
293.26530612244900000000 283.87755102040813000000
261.12244897959180000000 269.48979591836735000000
222.04081632653060000000 220.40816326530611000000
249.59795918367340000000 231.79081632653055000000
230.81632653061223000000 257.04081632653060000000
201.83877551020404000000 244.08571428571423000000
171.32653061224488000000 199.99999999999997000000
195.10204081632650000000 210.20408163265304000000
175.30612244897958000000 233.16326530612244000000
150.91836734693877000000 221.53061224489795000000
130.40816326530611000000 245.51020408163262000000
154.59183673469386000000 257.85714285714283000000
132.95918367346937000000 283.26530612244900000000
109.08163265306122000000 269.69387755102036000000
181.32653061224488000000 270.81632653061223000000
209.38775510204080000000 283.77551020408160000000
187.95918367346937000000 312.14285714285710000000
159.18367346938774000000 296.93877551020404000000
240.26179775280892000000 298.11460674157297000000
273.14606741573033000000 312.92134831460675000000
252.69662921348313000000 344.04494382022470000000
219.32584269662920000000 327.30337078651684000000
197.07865168539325000000 359.32584269662920000000
230.00000000000000000000 376.96629213483146000000
207.52808988764045000000 410.11235955056180000000
173.55786516853928000000 390.18707865168534000000
137.05337078651678000000 325.84269662921350000000
165.61797752808988000000 342.13483146067415000000
143.14606741573033000000 372.24719101123594000000
114.26966292134831000000 353.48314606741570000000
87.55280898876406000000 295.63033707865170000000
111.12359550561797000000 310.22471910112360000000
88.61404494382023000000 337.31573033707860000000
65.56797752808988000000 321.19775280898864000000
