# list of hand selected 2D points
252.34693877551018000000 75.81632653061224000000
281.93877551020404000000 92.34693877551020000000
267.55102040816325000000 118.77551020408163000000
236.93877551020407000000 101.32653061224490000000
312.24489795918370000000 109.08163265306122000000
341.12244897959180000000 126.32653061224490000000
328.77551020408160000000 152.34693877551018000000
298.67346938775506000000 134.79591836734693000000
369.48979591836730000000 143.16326530612244000000
396.12244897959180000000 158.97959183673467000000
385.71428571428567000000 185.91836734693877000000
358.26530612244900000000 168.97959183673467000000
346.51685393258424000000 199.32584269662920000000
375.28089887640450000000 215.28089887640448000000
363.70786516853930000000 245.05617977528090000000
333.93258426966290000000 228.42696629213484000000
285.39325842696627000000 165.05617977528090000000
315.84269662921350000000 181.91011235955057000000
302.58426966292130000000 211.79775280898875000000
270.78651685393260000000 194.38202247191010000000
221.34831460674155000000 130.67415730337078000000
252.47191011235955000000 147.07865168539325000000
237.75280898876403000000 177.19101123595505000000
205.16853932584270000000 159.88764044943820000000
187.53086419753086000000 193.20987654320987000000
221.23456790123458000000 210.49382716049382000000
204.86486486486484000000 244.05405405405403000000
170.13513513513513000000 226.08108108108107000000
255.27027027027026000000 228.10810810810810000000
288.37837837837840000000 245.13513513513513000000
273.91891891891890000000 278.37837837837840000000
239.72972972972970000000 261.48648648648646000000
321.21621621621620000000 262.16216216216213000000
351.48648648648646000000 277.70270270270270000000
338.78378378378375000000 310.27027027027026000000
307.43243243243240000000 294.18918918918916000000
293.24324324324320000000 330.13513513513510000000
325.54054054054050000000 345.00000000000000000000
312.16216216216213000000 379.18918918918916000000
279.18918918918916000000 364.05405405405406000000
224.32432432432432000000 297.70270270270270000000
258.24324324324320000000 314.05405405405406000000
244.05405405405403000000 349.18918918918916000000
208.51351351351352000000 332.16216216216213000000
153.24324324324323000000 262.16216216216213000000
188.37837837837836000000 279.86486486486484000000
172.02702702702703000000 315.40540540540540000000
136.08108108108107000000 297.02702702702703000000
