# list of hand selected 2D points
84.26966292134831000000 149.21348314606740000000
115.39325842696628000000 147.64044943820224000000
115.39325842696628000000 184.60674157303370000000
84.26966292134831000000 184.94382022471910000000
149.32584269662920000000 146.40449438202248000000
184.49438202247190000000 145.50561797752810000000
184.04494382022472000000 183.25842696629212000000
149.32584269662920000000 183.25842696629212000000
221.57303370786516000000 144.83146067415728000000
259.21348314606740000000 144.38202247191012000000
258.87640449438203000000 182.69662921348313000000
221.57303370786516000000 182.47191011235955000000
221.34831460674155000000 221.46067415730337000000
258.76404494382024000000 221.46067415730337000000
258.87640449438203000000 258.87640449438203000000
222.02247191011236000000 258.76404494382024000000
150.00000000000000000000 220.78651685393257000000
184.83146067415728000000 221.12359550561797000000
185.50561797752810000000 258.08988764044943000000
150.89887640449440000000 257.52808988764040000000
85.28089887640449000000 221.34831460674155000000
116.62921348314606000000 221.23595505617976000000
117.64044943820224000000 256.62921348314603000000
86.51685393258427000000 256.17977528089887000000
89.10112359550561000000 291.23595505617976000000
119.43820224719100000000 292.58426966292130000000
122.35955056179775000000 326.29213483146066000000
91.57303370786516000000 324.15730337078650000000
153.03370786516854000000 294.04494382022470000000
186.96629213483146000000 295.05617977528090000000
187.75280898876403000000 329.21348314606740000000
154.83146067415728000000 328.08988764044943000000
223.25842696629212000000 296.40449438202245000000
259.32584269662920000000 296.74157303370790000000
260.00000000000000000000 332.13483146067415000000
224.38202247191010000000 331.46067415730334000000
226.06741573033707000000 366.06741573033710000000
261.12359550561797000000 367.19101123595505000000
261.46067415730334000000 399.21348314606740000000
227.07865168539325000000 397.75280898876400000000
157.52808988764045000000 362.47191011235950000000
191.23595505617976000000 363.93258426966290000000
192.92134831460675000000 395.95505617977530000000
159.32584269662920000000 393.93258426966290000000
95.28089887640449000000 357.64044943820220000000
125.50561797752809000000 359.32584269662920000000
128.31460674157302000000 390.56179775280896000000
98.65168539325842000000 387.97752808988764000000
