# list of hand selected 2D points
146.41221374045800000000 152.44274809160305000000
174.88549618320610000000 149.23664122137404000000
167.93893129770990000000 173.20610687022898000000
139.38931297709922000000 175.11450381679387000000
205.49618320610685000000 145.41984732824426000000
236.18320610687022000000 142.44274809160305000000
232.82442748091600000000 166.33587786259540000000
200.07633587786256000000 168.70229007633586000000
269.54198473282440000000 138.70229007633586000000
302.21374045801525000000 136.03053435114504000000
301.06870229007630000000 160.76335877862593000000
266.94656488549620000000 162.51908396946564000000
263.43511450381675000000 190.53435114503816000000
299.23664122137400000000 187.78625954198472000000
297.78625954198470000000 217.48091603053433000000
260.68702290076334000000 218.85496183206104000000
194.35114503816790000000 196.25954198473280000000
227.63358778625950000000 193.74045801526717000000
223.12977099236640000000 222.13740458015263000000
189.00763358778624000000 223.96946564885494000000
131.52671755725189000000 202.59541984732823000000
161.29770992366412000000 199.69465648854958000000
154.58015267175570000000 227.63358778625950000000
124.12213740458014000000 229.46564885496180000000
115.80152671755724000000 260.68702290076334000000
147.40458015267174000000 258.77862595419845000000
140.07633587786260000000 291.14503816793890000000
108.09160305343511000000 291.45038167938930000000
182.31481481481480000000 256.57407407407410000000
218.24074074074073000000 254.62962962962962000000
213.70370370370370000000 288.79629629629630000000
176.38888888888889000000 289.44444444444440000000
257.40740740740740000000 252.40740740740740000000
295.92592592592590000000 249.90740740740740000000
294.62962962962960000000 285.27777777777777000000
254.25925925925924000000 286.66666666666663000000
250.10204081632650000000 325.20408163265300000000
293.16326530612240000000 324.08163265306120000000
291.22448979591840000000 364.28571428571430000000
247.24489795918365000000 364.38775510204080000000
169.79591836734693000000 326.42857142857140000000
208.77551020408163000000 326.02040816326530000000
203.46938775510202000000 364.89795918367344000000
163.97959183673467000000 363.97959183673464000000
99.89795918367346000000 326.83673469387753000000
133.36734693877550000000 326.73469387755100000000
125.20408163265306000000 363.77551020408160000000
92.14285714285714000000 362.14285714285710000000
