# GENERATOR QrCodeRegression
# Elapsed time in milliseconds

default
                              N       Mean      P05      P50      P95      MAX
  blurred                      45   45.761  2.26947  11.9323  138.062   176.19
  bright_spots                 32  97.9879  1.34018  126.619  149.169  152.119
  brightness                   28  89.3985  3.36331  103.563  138.491  173.579
  close                        40  70.6224  .853424  84.4632  129.238  133.828
  curved                        5   3.1794  2.53455  3.27189  3.42512  3.48688
  damaged                      37  19.6727  4.48324    13.36  60.5093  93.2163
  glare                        50  30.0746   2.4016  11.1097  94.8554  117.699
  high_version                 33  27.2474  3.04398  27.1992  53.1254  68.6225
  lots                          7  214.168   204.53  207.299  224.926  235.067
  monitor                      17  71.1722  23.8175  78.8748  94.1028  112.503
  nominal                      65   20.585  3.02333  7.54382  77.0937  109.913
  noncompliant                 16  12.1497  2.15287  7.03773  28.1183  42.2178
  pathological                 23  1.03598   .83437  1.05669  1.25362  1.34784
  perspective                  35  5.40807  5.13101  5.34749  5.75786  6.02364
  rotations                    44  24.8045  21.5085  23.9295  29.8191  31.4117
  shadows                      14  38.6033  5.23147  25.7859  106.301  107.705

Summary:
                              N       Mean      P05      P50      P95      MAX
  default                     491  40.2364  1.33318  20.2955  134.125  235.067
