# GENERATOR FiducialRegression
# Elapsed time in milliseconds

BinaryRobust
                              N       Mean      P05      P50      P95      MAX
  distance_angle               10   24.739  12.8483  16.9362  20.4186   93.776
  distance_straight            10  10.3695  8.44515  10.0239  11.7872  12.3107
  motion_blur                   9  13.2497  8.27708  13.1429  16.1621  17.1849
  rotation                     12  14.3687   9.0732  13.0017  17.1227  29.4446
  static_front_close          101  3.85615  3.69244   3.8175  4.09015  5.00425
  static_front_far            100  2.51009  2.28278  2.49051  2.74655  3.01212
  static_scene                101  5.65909  5.26151  5.60195  6.13554  6.48255
  set01                       373  2.93225  2.31354  2.87604  3.58426  4.43737

BinaryFast
                              N       Mean      P05      P50      P95      MAX
  distance_angle               10  2.41048  1.54971   2.3617  2.89851  3.40217
  distance_straight            10  2.46023  1.86558  2.31631  2.92624  3.06465
  motion_blur                   9  4.96773  3.34504  5.19528  6.31494  6.34763
  rotation                     12  1.68555  1.08055  1.83546   2.2056  2.28879
  static_front_close          101  .669779  .641578  .655802  .743209  .836463
  static_front_far            100  .727607  .677551  .722309  .779394  .949612
  static_scene                101  3.43788  3.17079  3.39052  3.82332  5.41164
  set01                       373  1.43008  .914621  1.41723  2.02161  2.73019

ImageRobust
                              N       Mean      P05      P50      P95      MAX
  distance_angle                9  10.0771  8.26234  9.72506   11.242  11.6842
  distance_straight             9  8.58978  6.22229  8.13416  11.2909  12.4613
  hard                         11   18.839  8.75385  19.8457   25.291  26.9401
  motion_blur                   8    7.289  3.73837  6.89264  9.16856  10.5723
  rotation                     13  11.5499   7.2435   11.944  13.0529  16.2921
  static_front_close          193  3.35439  3.22729  3.34382  3.51624   4.4718
  static_front_far            100  3.59168  3.08377  3.58864   4.1342  4.40849
  static_scene                308  7.13502  6.69442  7.13518  7.53472  7.74559
  set01                       411  3.61265  2.63615  3.62396  4.47958  5.11963

ImageFast
                              N       Mean      P05      P50      P95      MAX
  distance_angle                9  2.62399  2.00849  2.50238  2.99177  3.10869
  distance_straight             9  1.88576  1.32804  1.58857  2.47699  3.14042
  hard                         11   7.9074  5.59168  7.63142  10.4626  10.6463
  motion_blur                   8  4.41182  3.87384  4.17872  4.83653  5.63539
  rotation                     13  1.54046  1.21298  1.56708  1.78983  2.05422
  static_front_close          193   .77298  .738371  .760593   .83571  .905401
  static_front_far            100  1.28223  1.10825  1.27578  1.48779  2.40548
  static_scene                308  5.00704  4.66773   5.0202  5.33208  5.52871
  set01                       411  1.89336  1.37661  1.88487  2.45331  2.91781

ChessboardBinary
                              N       Mean      P05      P50      P95      MAX
  distance_angle                6  20.2874  8.79041  10.1111  23.2109  50.8202
  distance_straight             8  9.04702  7.82675  8.84122  9.77685   10.248
  distant                       7  22.1234  14.0048  20.6049  31.4601  32.7161
  motion_blur                  13  6.31512  5.08611  6.36103  7.04878  7.14804
  rotation_flat                12  19.1667  14.5363  18.5581    24.32  27.5632
  rotation_vertical             7  7.80281  7.08994  7.70538  8.72971  8.77503
  shadow                       15   17.842  8.98461  16.6166  26.5797  29.5055
  front_close                 201  7.24094  6.72426  7.19972  7.98551  8.38785
  front_far                   201  7.13671  6.62435  7.09025   7.7244  8.21937
  set01                       959  5.97803  5.08948  6.06809  6.80771  7.24224

ChessboardXCorner
                              N       Mean      P05      P50      P95      MAX
  distance_angle                6  33.9468  19.9749  23.9276  29.9965  84.7282
  distance_straight             8  18.8653  17.5008  19.0733  19.5043  20.3696
  distant                       7  27.5731  23.6445  26.6056  30.7711  32.6771
  motion_blur                  13  10.3412  9.69361  10.2349  11.0222  11.0336
  rotation_flat                12  24.3213  22.6226  24.4298  25.7224  27.0141
  rotation_vertical             7  17.7416  17.1293  17.9264  18.2863  18.4581
  shadow                       15   23.733  14.1838  23.9882  33.8101  35.3224
  front_close                 201  11.8481   11.484  11.7897  12.3371  12.8555
  front_far                   201  12.5962  12.2174  12.5426  13.0835   13.394
  set01                       959   10.993  10.4232  10.8493  11.8813  17.5221

SquareGrid
                              N       Mean      P05      P50      P95      MAX
  distance_angle                6  8.03704  4.71052  7.38476  8.24907  12.9418
  distance_straight             7  4.37614  3.49909  4.26458  4.90512  5.33596
  distant                       7  10.0623  6.55476  9.67873  11.5227  14.3004
  motion_blur                   8   2.3436  2.11125  2.34855  2.43941  2.61156
  rotation                      7  4.00352  3.77373  3.97351  4.17246  4.20279
  front_close                 200  3.92759  3.53712  3.88961  4.32061  7.50368
  front_far                   200  5.36171  4.50826  5.34664  6.25542   6.9895
  set0                        368  2.13895  1.87809  2.12598  2.44182  2.86351

CircleHexagonal
                              N       Mean      P05      P50      P95      MAX
  distance_angle               11  12.6291  10.1298  11.3957  13.8836  25.6348
  distance_straight            12  8.21171  6.52595  8.33506  9.05284  9.24775
  motion_blur                  13  3.67465  2.29057  3.83928  4.27891  4.79721
  rotation                      9   7.3426  6.77096  7.25551  7.76505   7.7875
  angled_5x6                   52  8.38372  7.64055  8.23132  9.13717  11.6702
  front_close_24x28            45  37.7164  35.7173  37.5708    40.47  42.6914
  front_close_5x6              47  4.19877  3.95947  4.18608  4.46294   4.5465
  front_far_5x6                55  7.25011  6.61606   7.1779  7.97369  8.15342
  24x28_hard                   14  25.4612  7.05181  25.6239  30.2378  37.8624
  24x28_set0                   59  30.3497  29.5466  30.2568  31.2934    33.15
  5x6_hard                      2  4.10928  3.80976  3.80976  3.80976  4.40881
  5x6_set0                     68  6.50245  4.71586  5.88515   10.161  10.8812

CircleRegular
                              N       Mean      P05      P50      P95      MAX
  distance_angle               12  6.04001  4.72894  6.06708  6.85974   6.9859
  distance_straight            14   5.6667  4.16452  5.70461  6.38661   6.7749
  motion_blur                  12  2.62224  1.88998  2.69766   2.9181  3.07664
  rotation                      9  8.18802  5.82901  8.40538  9.89634  10.0636
  angled                      100  7.64041  6.83664  7.64256  8.40005  8.49788
  front_close                 100  4.96929  4.61604  5.00849  5.27266  5.48598
  front_far                   100  6.08774  5.40993  6.06016  6.73403   6.9499
  set01                       141  6.50225  3.93193  6.67551  7.79936  8.92195
  set02                        16  11.5124  7.07965  9.16546  19.7347  21.0939

Uchiya
                              N       Mean      P05      P50      P95      MAX
  distance                     24  36.3986    15.52  37.1395  42.0974  78.5451
  highres_lots                  8  625.336  520.715  577.653  698.928  873.205
  highres_rotate_z             19  793.299  505.751  729.038  1021.29   1088.4
  motion_blur                  15  18.5552  3.38252     18.5  38.6459  45.5967
  rotate_x                     16  32.5389  18.8775  33.0203  40.4083   43.187
  rotate_z                     19  53.2057  39.4972  43.4325  53.0262  223.034
  shadow_overlapping           11  42.0953  36.0522  41.6028  46.9093  47.7846
  static01                    106  33.8431  30.9806  33.0539   35.912  106.364
  static02                    107  38.5617  35.7011  38.4343  40.6054  51.8856
  visible01                   211  42.8074  38.7288   42.515  47.8931  50.8061

Summary:
                              N       Mean      P05      P50      P95      MAX
  BinaryRobust                716  4.11806  2.32027  3.10697  9.64583   93.776
  BinaryFast                  716  1.58477  .648078  1.35637  3.50065  6.34763
  ImageRobust                1062  4.96482  2.94859  3.84917  7.55858  26.9401
  ImageFast                  1062   2.6183  .752172  1.93356  5.20809  10.6463
  ChessboardBinary           1429  6.72229  5.14434  6.35279  7.81446  50.8202
  ChessboardXCorner          1429  11.8333  10.4418  11.2817  13.0157  84.7282
  SquareGrid                  803  3.53806  1.90687  3.63921  5.89449  14.3004
  CircleHexagonal             387   14.672  4.03467  7.91338  37.6091  42.6914
  CircleRegular               504  6.40423  4.58549  6.38769  8.33474  21.0939
  Uchiya                      536  74.5666  30.9806  39.7167  223.034   1088.4
