# GENERATOR FitPolylineRegression
# Elapsed time in milliseconds

SplitMerge_Global
                              N       Mean      P05      P50      P95      MAX
  border01                      7  4.38251  .916342  1.47577  8.51576  14.7251
  border02                      4  2.38541  1.85635  1.98695  2.55234  3.14599
  concave                       8  2.75073  1.29274   2.0951  2.92289  7.91582
  quadrilaterals01              7  2.23926  1.55175  2.13715  2.65335   2.9867
  set01                         9  .692163  .318035  .476142  1.22433  1.79769
  set02                         9  .604063  .417272  .499316   .81917   .83158
  set03                         9  .763728  .635205  .764169  .842905  .992861
  set04                        10  .142453  .083688  .135473  .170243  .207083

SplitMerge_Local
                              N       Mean      P05      P50      P95      MAX
  border01                      7  17.9138  2.60518  21.4717  22.7458   25.642
  border02                      4  12.8994  5.83233  11.7957  13.0438  20.9259
  concave                       8  7.30481  4.83746   6.2825  8.86045  10.9444
  quadrilaterals01              7  2.45257  1.64223  2.40926  3.05825  3.08874
  set01                         9  4.82056  3.71088  4.27434   6.4603  7.33858
  set02                         9   2.5782  1.83752  2.25253  3.53032  3.62923
  set03                         9  1.82298  1.51295  1.81972  1.98085  2.33454
  set04                        10  .570138   .41365  .526767  .723346  .790883

SplitMergeOld_Global
                              N       Mean      P05      P50      P95      MAX
  border01                      7  14.0152  1.90947   4.3441  17.9608  61.7648
  border02                      4  4.72777  3.36861  4.39128  4.39965  6.75153
  concave                       8  9.51572  1.82965  5.67656  13.7359  24.5264
  quadrilaterals01              7  6.89866  2.58544  4.06592  6.67331   24.074
  set01                         9  9.10253  1.35382  1.89504  29.0185  30.6406
  set02                         9  6.54783  .527051  1.97186  8.65855  36.7362
  set03                         9  3.12039  .767552  1.88383  4.57231  10.5262
  set04                        10  1.03247  .669697  .891467  1.51926  1.54293

SplitMergeOld_Local
                              N       Mean      P05      P50      P95      MAX
  border01                      7  94.2235  12.0233  104.512  143.643  150.902
  border02                      4   49.738  38.3746  53.0368  53.0431  54.4974
  concave                       8  20.1645  13.4716  18.9163  21.9815  29.5805
  quadrilaterals01              7    54.12  4.10073  28.2846  54.1941  244.686
  set01                         9  232.783  40.7956  144.576  416.291  523.975
  set02                         9  27.5501  9.76718  17.3698  48.9061  86.3637
  set03                         9  35.9908  12.1797  35.0112  65.6426  66.0468
  set04                        10  6.49222    2.799  5.89737  8.89457  9.93042

Summary:
                              N       Mean      P05      P50      P95      MAX
  SplitMerge_Global            63   1.5534  .132686   .81917   2.9867  14.7251
  SplitMerge_Local             63  5.41743   .50085  3.05825  20.9259   25.642
  SplitMergeOld_Global         63  6.67771  .669697  2.59716  24.5264  61.7648
  SplitMergeOld_Local          63  65.5636   5.1839  24.4623  244.686  523.975
