# list of hand selected 2D points
1660.20000000000000000000 523.60000000000000000000
1879.65000000000000000000 485.45000000000005000000
2121.20000000000000000000 445.40000000000000000000
2390.90909090909100000000 399.81818181818180000000
2689.27272727272750000000 351.09090909090907000000
3023.45454545454550000000 297.09090909090907000000
1648.78048780487780000000 768.29268292682910000000
1869.26829268292660000000 742.68292682926820000000
2111.21951219512180000000 715.12195121951210000000
2382.19512195121930000000 683.90243902439010000000
2681.46341463414600000000 650.48780487804870000000
3017.06707317073050000000 612.72682926829280000000
1637.45454545454550000000 1016.00000000000000000000
1858.18181818181820000000 1002.77272727272770000000
2102.18181818181800000000 987.81818181818190000000
2373.09090909090900000000 971.63636363636360000000
2673.81818181818200000000 953.63636363636360000000
3010.90909090909100000000 933.27272727272730000000
1626.17647058823510000000 1266.76470588235270000000
1847.35294117647050000000 1264.99999999999980000000
2091.47058823529370000000 1263.52941176470590000000
2364.11764705882340000000 1261.76470588235270000000
2666.17647058823500000000 1259.70588235294100000000
3004.41176470588200000000 1257.35294117647050000000
1613.79634146341480000000 1519.85609756097530000000
1835.75975609756050000000 1529.99390243902440000000
2080.93170731707370000000 1542.45121951219450000000
2353.90243902439000000000 1554.87804878048770000000
2657.71097560975600000000 1569.13658536585290000000
2997.31707317073140000000 1584.63414634146330000000
1602.49999999999980000000 1774.64285714285690000000
1825.71428571428560000000 1798.57142857142840000000
2071.11111111111130000000 1823.33333333333330000000
2345.55555555555570000000 1851.77777777777780000000
2650.00000000000000000000 1882.22222222222220000000
2990.93888888888900000000 1916.86111111111130000000
1590.88888888888900000000 2032.66666666666670000000
1814.00000000000000000000 2068.88888888888870000000
2060.66666666666650000000 2107.33333333333350000000
2335.55555555555570000000 2152.22222222222200000000
2641.55555555555570000000 2199.55555555555570000000
2984.44444444444430000000 2253.55555555555570000000
1579.11764705882340000000 2289.41176470588200000000
1803.23529411764680000000 2338.23529411764700000000
2050.29411764705860000000 2390.88235294117600000000
2327.05882352941170000000 2450.58823529411760000000
2632.94117647058800000000 2515.58823529411760000000
2978.17352941176200000000 2589.74999999999860000000
