# GENERATOR QrCodeRegression
# Elapsed time in milliseconds

default
                              N       Mean      P05      P50      P95      MAX
# GENERATOR QrCodeRegression
  blurred                      45  47.4038  2.19498  12.5498  141.049  182.355
  bright_spots                 32  103.827  1.38323  134.834  158.279   162.41
  brightness                   28  92.5995  3.53546  106.392  146.614   160.43
  close                        40  71.9535   .84298  87.7113  132.105  138.212
  curved                        5  3.26865  2.48513  3.46201  3.46475  3.68404
  damaged                      37  20.0862  4.53699  13.5498  62.3343  96.0881
  glare                        50  30.9337   2.5191    11.54  99.2696  120.634
  high_version                 33  28.2053  2.34566  28.4347  55.1937  71.8549
  lots                          7  219.267  207.247  212.016  231.462  246.814
  monitor                      17  72.2605   24.246  79.7185  95.9637  114.277
  nominal                      65  21.1273  2.55947  7.69712  79.6482  114.306
  noncompliant                 16  12.3499  2.14148   7.1742  28.6329  42.9072
  pathological                 23  1.04697  .835325  1.07009  1.30828  1.47246
  perspective                  35  5.55474  5.14714  5.52554  5.96626  6.09895
  rotations                    44  25.4203  21.7948  24.5754  29.5581  32.4315
  shadows                      14  40.2086  5.22686  26.6015  111.261  113.016

Summary:
                              N       Mean      P05      P50      P95      MAX
  default                     491   41.543  1.32512  20.8888  141.722  246.814
