# GENERATOR FiducialRegression
# Elapsed time in milliseconds

BinaryRobust
                              N       Mean      P05      P50      P95      MAX
  distance_angle               10   23.774  9.28606   13.191  26.8019  97.6277
  distance_straight            10  9.32621  7.28565  9.36484  10.1731  10.6142
  motion_blur                   9  12.8458  8.06351  12.7263  15.8057  16.7149
  rotation                     12  14.0625  9.18678   13.714  17.2645  23.9495
  static_front_close          101  3.90847  3.67681  3.87033  4.18883  5.36351
  static_front_far            100  2.52798  2.23393   2.5288  2.83648  3.00653
  static_scene                101  5.28739  4.84284  5.27471  5.69718  7.63752
  set01                       373  2.90801  2.25766  2.83729  3.60749  4.19288

BinaryFast
                              N       Mean      P05      P50      P95      MAX
  distance_angle               10  2.42211  1.49879  2.31578  2.88347  3.71646
  distance_straight            10  2.47184  1.91993  2.28483  2.96456  3.21365
  motion_blur                   9  4.33714  2.84806  4.24358  5.71989  6.25097
  rotation                     12  1.69381   1.0247  1.77904  2.28067  2.30941
  static_front_close          101  .657459  .618945  .646927  .726203  .828319
  static_front_far            100  .730657  .681085  .718887  .798611   .88737
  static_scene                101  2.94873  2.69045  2.87912  3.30275  3.65919
  set01                       373  1.40654  .937459  1.38035  2.00812  2.63648

ImageRobust
                              N       Mean      P05      P50      P95      MAX
  distance_angle                9  10.5233  8.72784   10.226   12.075  12.9969
  distance_straight             9   8.9957  6.42614  8.16857  12.1471   13.114
  hard                         11  18.8894  9.19072  19.9087  25.1805  26.3966
  motion_blur                   8  7.53961  3.95281  7.01049  9.41258  10.8185
  rotation                     13  11.8946  7.17309  11.7845   15.368  15.8272
  static_front_close          193  3.41864  3.26281  3.40843  3.60214  3.78795
  static_front_far            100  3.71668  3.22633  3.70821  4.21029  4.62034
  static_scene                308  7.39907  6.93946  7.39585   7.8448  8.37901
  set01                       411  3.73624  2.71131  3.76111  4.63332  5.36739

ImageFast
                              N       Mean      P05      P50      P95      MAX
  distance_angle                9  2.79342  2.13338  2.71127  3.23461  3.30988
  distance_straight             9  2.05725   1.4291  1.82318  2.71361  3.37738
  hard                         11  8.31062  5.75823  7.60473   11.063  11.3861
  motion_blur                   8  4.61531  3.96898  4.46122  5.02371   5.9379
  rotation                     13   1.6637  1.38375   1.6725  1.86375  2.19564
  static_front_close          193  .812819  .759986  .803297  .917394   1.0269
  static_front_far            100   1.3471  1.15221  1.32703   1.5518  2.20315
  static_scene                308   5.2529  4.85517  5.24079  5.59794  8.59897
  set01                       411   1.9572  1.41525  1.92928  2.55532  2.97481

ChessboardBinary
                              N       Mean      P05      P50      P95      MAX
  distance_angle                6  18.9213  9.43074  11.8178  19.7918  47.1689
  distance_straight             8  9.53984  8.17212  9.46364  10.3301  10.5215
  distant                       7  27.9642  14.4727  23.5815  40.0642  53.4698
  motion_blur                  13  6.77167  5.10493  6.68359  7.38267  9.16603
  rotation_flat                12  20.2866  15.1902  18.7039  27.6234  29.1077
  rotation_vertical             7   8.1941  7.34988  7.86825  9.15929  9.49488
  shadow                       15  18.8654  9.23642  17.3609  28.1488  31.4389
  front_close                 201  7.71527  7.09178  7.67775  8.34387  9.22385
  front_far                   201  7.51388  6.99604  7.48556  8.23365  8.52778
  set01                       959  6.31045  5.31798  6.38776  7.20339     7.67

ChessboardXCorner
                              N       Mean      P05      P50      P95      MAX
  distance_angle                6  36.4239  23.5636  26.8178  35.3401  80.9943
  distance_straight             8  22.6624  20.2179  21.9939  24.1153  25.9084
  distant                       7   31.698   27.049  29.6198   34.299  40.5013
  motion_blur                  13  11.4447  11.0217  11.3274  12.1696  12.3076
  rotation_flat                12  28.2846  25.8292  28.2205   29.931  30.8832
  rotation_vertical             7  20.7226   20.181  20.4304  21.3336   22.012
  shadow                       15  27.2135  16.9464  27.0489  37.3307    38.77
  front_close                 201  13.8246  13.3812  13.8022  14.2481  16.5025
  front_far                   201  14.5875  14.1836   14.525  15.0867  17.3605
  set01                       959  13.3655  12.5387  13.1782   14.587  17.5878

SquareGrid
                              N       Mean      P05      P50      P95      MAX
  distance_angle                6  6.21577  4.54593  5.17544  8.10992  9.34141
  distance_straight             7  4.37655  3.54671   4.2344  5.07304  5.50343
  distant                       7  10.3707  6.84831  10.0956   12.223  14.3479
  motion_blur                   8  2.42561  2.25564  2.40707  2.55917  2.67089
  rotation                      7  4.04654  3.77882  3.99421   4.2016  4.36401
  front_close                 200  4.09085  3.65968  4.09739  4.51327  4.76812
  front_far                   200  5.62518  4.72946  5.61657  6.61524  7.48616
  set0                        368  2.20369  1.91356  2.18934  2.53291  2.89484

CircleHexagonal
                              N       Mean      P05      P50      P95      MAX
  distance_angle               11  13.2815   10.284  11.9231  14.8408  27.9782
  distance_straight            12   8.9569  7.54854   8.8198  9.94523  10.1064
  motion_blur                  13  3.85928  2.39721  4.13355  4.39834  4.66603
  rotation                      9  8.52806  7.31749  8.59821  9.09318  9.85727
  angled_5x6                   52  8.86113  8.01541   8.8183  9.59215   10.312
  front_close_24x28            45  41.0875  39.1515  40.7397  44.5354  45.3724
  front_close_5x6              47  4.60354  4.34199  4.61909  4.90838  4.99961
  front_far_5x6                55  7.78641  6.97343  7.69528    8.585  8.64954
  24x28_hard                   14   27.503  7.86388  27.8276  32.9884  40.3321
  24x28_set0                   59  32.0402  30.8951  32.1006  33.1666  33.6263
  5x6_hard                      2  4.28105  3.90074  3.90074  3.90074  4.66137
  5x6_set0                     68  6.76597  4.91818  6.09951  10.3904  11.3404

CircleRegular
                              N       Mean      P05      P50      P95      MAX
  distance_angle               12  6.54866  4.99372  6.61084   7.4533  7.57048
  distance_straight            14  6.09266  4.47612  6.12074  6.97916  7.49876
  motion_blur                  12  2.90211  2.12355  2.94581  3.20327  3.38585
  rotation                      9  8.74977  6.22136  9.01807  10.5362  10.7829
  angled                      100  8.03373  7.14394  8.19468  8.83728  9.13131
  front_close                 100  5.29097  4.95179  5.27532  5.65507  5.89877
  front_far                   100  6.57048  5.86627  6.55163  7.29166   7.4303
  set01                       141  6.79777  4.23791   6.9336  8.13343  8.50737
  set02                        16  12.0484  7.27468  9.75615  20.8618  21.7768

Uchiya
                              N       Mean      P05      P50      P95      MAX
  distance                     24  41.1521  15.8504  39.7732  66.5091  95.9276
  highres_lots                  8  646.861  541.375  619.679  734.503  819.441
  highres_rotate_z             19  866.864  527.678  813.472  1168.77  1201.06
  motion_blur                  15  20.9947  3.52432  21.1136  46.7217  49.2094
  rotate_x                     16   41.036  21.0338  38.3959  44.8768  107.668
  rotate_z                     19  53.0841  41.6952  45.4221  97.4374  151.133
  shadow_overlapping           11  44.0814  35.5494  43.6476  49.9853   50.202
  static01                    106  34.3445  32.3231  34.2317  36.4683  38.5053
  static02                    107  40.2973  36.8608  39.9562  42.0743  79.7602
  visible01                   211  44.0916  39.4524  43.8629  50.0804  66.8844

Summary:
                              N       Mean      P05      P50      P95      MAX
  BinaryRobust                716  4.02462  2.31421   3.0862  8.88745  97.6277
  BinaryFast                  716  1.49474  .634461  1.33181  3.07986  6.25097
  ImageRobust                1062  5.12653  3.04426  3.97907   7.9181  26.3966
  ImageFast                  1062  2.73777  .779391   1.9898  5.45881  11.3861
  ChessboardBinary           1429  7.11699   5.3917  6.75523  8.27842  53.4698
  ChessboardXCorner          1429  14.1299  12.5626  13.6397  15.0734  80.9943
  SquareGrid                  803  3.66429  1.95099  3.78343  6.13951  14.3479
  CircleHexagonal             387  15.7077  4.39968  8.59821  40.7822  45.3724
  CircleRegular               504  6.78221  4.84714   6.8176  8.74041  21.7768
  Uchiya                      536  79.0179  32.4484  40.8539  151.133  1201.06
