# list of hand selected 2D points
50.00000000000000000000 543.20000000000000000000
49.02439024390243000000 469.02439024390236000000
47.56756756756756500000 396.89189189189190000000
46.72131147540983400000 327.37704918032784000000
126.06557377049180000000 534.42622950819670000000
123.44262295081967000000 461.47540983606550000000
121.63934426229507000000 390.65573770491800000000
119.50819672131146000000 322.13114754098360000000
199.83606557377047000000 526.06557377049170000000
196.69344262295087000000 454.17049180327876000000
193.27868852459014000000 384.42622950819670000000
190.65573770491800000000 317.04918032786884000000
271.14754098360650000000 517.54098360655730000000
266.88524590163934000000 447.04918032786884000000
263.27868852459017000000 378.68852459016390000000
259.34426229508193000000 312.29508196721310000000
340.49180327868850000000 509.67213114754094000000
335.73770491803276000000 440.49180327868850000000
330.81967213114750000000 372.95081967213110000000
326.22950819672127000000 307.86885245901635000000
408.19672131147536000000 501.96721311475403000000
402.29508196721310000000 434.09836065573770000000
397.04918032786884000000 367.21311475409834000000
391.31147540983600000000 302.62295081967210000000
