# list of hand selected 2D points
6.72727272727272750000 138.72727272727272000000
10.18181818181818200000 94.18181818181819000000
12.90909090909090800000 51.09090909090909000000
16.36363636363636300000 9.81818181818181800000
58.54545454545455000000 138.72727272727272000000
60.36363636363637000000 94.00000000000000000000
62.72727272727273000000 51.09090909090909000000
64.54545454545455000000 10.36363636363636300000
109.45454545454545000000 138.36363636363637000000
110.18181818181819000000 94.18181818181819000000
111.63636363636364000000 51.81818181818182000000
112.54545454545455000000 11.63636363636363700000
159.63636363636363000000 137.81818181818180000000
159.09090909090910000000 94.18181818181819000000
159.45454545454547000000 52.00000000000000000000
159.81818181818180000000 12.36363636363636300000
208.00000000000000000000 137.81818181818180000000
207.27272727272728000000 94.72727272727273000000
206.54545454545453000000 53.27272727272727000000
205.81818181818180000000 13.45454545454545500000
256.54545454545456000000 137.63636363636363000000
254.54545454545453000000 95.09090909090910000000
252.90909090909090000000 53.45454545454545000000
251.45454545454547000000 14.36363636363636300000
