# list of hand selected 2D points
352.69662921348310000000 461.46067415730334000000
315.84269662921350000000 405.84269662921350000000
275.95505617977530000000 347.30337078651684000000
234.83146067415728000000 285.61797752808985000000
412.74809160305340000000 427.55725190839690000000
376.56488549618314000000 370.38167938931290000000
338.54961832061065000000 310.22900763358774000000
298.62595419847327000000 247.17557251908394000000
473.74045801526710000000 392.67175572519080000000
439.08396946564880000000 333.81679389312970000000
402.59541984732820000000 272.67175572519080000000
363.89312977099235000000 207.70992366412210000000
535.71428571428570000000 357.24489795918370000000
502.24489795918360000000 297.44897959183670000000
466.73469387755097000000 234.28571428571428000000
429.89795918367344000000 168.36734693877550000000
598.67346938775510000000 321.22448979591830000000
566.73469387755100000000 260.30612244897960000000
532.65306122448980000000 195.51020408163265000000
497.04081632653060000000 128.16326530612244000000
662.85714285714280000000 284.69387755102036000000
631.93877551020400000000 222.24489795918365000000
599.59183673469390000000 156.42857142857142000000
565.51020408163270000000 87.04081632653060000000
