# list of hand selected 2D points
455.94594594594594000000 564.59459459459460000000
451.34453781512605000000 506.13445378151260000000
446.55462184873950000000 449.66386554621846000000
442.10084033613447000000 395.96638655462186000000
512.77310924369750000000 562.35294117647060000000
506.72268907563020000000 503.61344537815125000000
500.75630252100837000000 446.47058823529410000000
495.29411764705880000000 392.01680672268907000000
570.44776119402980000000 560.29850746268650000000
563.28358208955220000000 500.14925373134326000000
556.56716417910450000000 443.28358208955220000000
550.44776119402980000000 388.20895522388060000000
630.14925373134330000000 558.05970149253730000000
622.08955223880590000000 497.76119402985074000000
613.73134328358210000000 439.40298507462680000000
605.82089552238800000000 383.88059701492534000000
691.19402985074620000000 555.97014925373130000000
681.19402985074620000000 495.07462686567163000000
672.23880597014920000000 436.26865671641790000000
662.98507462686560000000 380.29850746268653000000
753.88059701492530000000 553.88059701492530000000
742.68656716417910000000 492.38805970149250000000
732.38805970149250000000 432.68656716417910000000
721.94029850746270000000 375.82089552238807000000
