# list of hand selected 2D points
91.02040816326530000000 250.91836734693877000000
80.00000000000000000000 186.72131147540980000000
68.68852459016392000000 118.52459016393442000000
56.39344262295081500000 46.22950819672130500000
158.68852459016392000000 246.22950819672130000000
150.00000000000000000000 183.60655737704917000000
140.81967213114754000000 117.21311475409836000000
130.81967213114754000000 47.21311475409835600000
222.78688524590163000000 241.96721311475410000000
216.55737704918030000000 181.14754098360655000000
209.01639344262293000000 116.22950819672130000000
201.96721311475410000000 48.36065573770492000000
283.93442622950820000000 238.03278688524588000000
278.68852459016390000000 178.19672131147540000000
273.77049180327870000000 115.24590163934425000000
268.19672131147540000000 49.34426229508196000000
341.96721311475410000000 233.93442622950818000000
338.68852459016390000000 176.06557377049180000000
335.24590163934425000000 114.59016393442622000000
331.80327868852460000000 50.16393442622950000000
397.54098360655735000000 230.32786885245900000000
395.24590163934425000000 173.27868852459014000000
393.11475409836060000000 113.44262295081967000000
391.14754098360650000000 50.81967213114753400000
