# list of hand selected 2D points
394.09836065573770000000 540.16393442622950000000
399.18032786885243000000 493.93442622950820000000
403.93442622950820000000 448.03278688524586000000
408.68852459016390000000 403.44262295081960000000
439.34426229508193000000 546.22950819672120000000
443.77049180327870000000 499.50819672131144000000
448.68852459016390000000 453.44262295081960000000
453.11475409836060000000 408.68852459016390000000
485.08196721311470000000 551.96721311475400000000
489.50819672131144000000 505.24590163934420000000
493.77049180327870000000 458.85245901639340000000
498.19672131147536000000 414.09836065573770000000
530.98360655737700000000 557.86885245901640000000
534.91803278688520000000 510.65573770491800000000
539.50819672131140000000 464.75409836065570000000
542.95081967213100000000 419.01639344262290000000
577.70491803278680000000 564.26229508196720000000
581.47540983606550000000 517.04918032786880000000
585.08196721311470000000 469.99999999999994000000
589.01639344262290000000 424.91803278688520000000
625.24590163934420000000 570.81967213114750000000
628.19672131147540000000 522.62295081967200000000
631.63934426229500000000 476.39344262295080000000
634.91803278688520000000 430.16393442622945000000
