# list of hand selected 2D points
164.42622950819670000000 414.75409836065570000000
134.42622950819670000000 369.01639344262290000000
102.62295081967213000000 322.13114754098360000000
70.32786885245900000000 273.44262295081967000000
213.27868852459014000000 386.06557377049177000000
184.45945945945945000000 341.08108108108104000000
154.45945945945945000000 294.05405405405406000000
123.37837837837837000000 245.54054054054052000000
260.67567567567570000000 358.37837837837840000000
233.51351351351352000000 313.51351351351350000000
204.59459459459458000000 266.75675675675680000000
175.40540540540540000000 218.64864864864865000000
306.75675675675670000000 331.48648648648646000000
280.40540540540540000000 286.75675675675670000000
253.51351351351350000000 240.27027027027026000000
224.86486486486484000000 192.97297297297297000000
351.48648648648646000000 305.40540540540540000000
326.48648648648646000000 261.08108108108110000000
300.00000000000000000000 215.13513513513513000000
273.10810810810807000000 167.43243243243242000000
395.13513513513510000000 280.27027027027026000000
370.94594594594594000000 235.94594594594594000000
346.08108108108104000000 190.13513513513513000000
320.54054054054050000000 142.97297297297297000000
