# list of hand selected 2D points
172.75510204081633000000 157.34693877551018000000
176.42857142857142000000 113.57142857142857000000
179.38775510204080000000 71.53061224489795000000
182.75510204081633000000 31.63265306122448800000
222.44444444444446000000 157.55555555555554000000
224.44444444444446000000 113.55555555555556000000
226.66666666666666000000 71.77777777777777000000
228.22222222222223000000 31.33333333333333200000
271.81818181818180000000 156.72727272727272000000
272.72727272727275000000 113.45454545454545000000
273.45454545454544000000 71.45454545454545000000
274.90909090909093000000 31.45454545454545300000
320.90909090909093000000 156.36363636363637000000
321.09090909090907000000 112.36363636363636000000
321.09090909090907000000 71.09090909090910000000
320.72727272727275000000 30.72727272727272700000
370.54545454545456000000 155.63636363636363000000
369.27272727272725000000 112.36363636363636000000
368.00000000000000000000 70.90909090909090000000
366.72727272727275000000 30.72727272727272700000
419.81818181818180000000 156.00000000000000000000
417.27272727272725000000 112.54545454545455000000
414.90909090909093000000 70.36363636363636000000
412.72727272727275000000 30.36363636363636300000
