# File: bricks/rotate Algorithm = FAST-BRIEF  skip 1 tolerance = 5.0
# (time tick) ( F ) ( F all inside) (precision) (recall) (recall all inside) (tracks)
0001  0.835  0.835  0.970  0.733  0.733 401
0002  0.797  0.800  0.955  0.684  0.689 380
0003  0.760  0.769  0.939  0.638  0.651 361
0004  0.773  0.791  0.958  0.648  0.673 359
0005  0.745  0.764  0.940  0.618  0.643 349
0006  0.780  0.799  0.959  0.657  0.684 364
0007  0.747  0.767  0.953  0.614  0.642 342
0008  0.742  0.766  0.942  0.612  0.645 345
0009  0.731  0.759  0.920  0.606  0.647 350
0010  0.701  0.731  0.907  0.571  0.612 334
0011  0.652  0.682  0.898  0.512  0.550 303
0012  0.585  0.617  0.844  0.448  0.487 282
0013  0.430  0.458  0.707  0.309  0.339 232
0014  0.361  0.387  0.622  0.254  0.281 217
0015  0.301  0.323  0.562  0.205  0.227 194
0016  0.226  0.243  0.455  0.151  0.166 176
0017  0.166  0.179  0.368  0.107  0.118 155
0018  0.098  0.107  0.231  0.062  0.070 143
0019  0.070  0.077  0.157  0.045  0.051 153
0020  0.039  0.043  0.093  0.024  0.028 140
0021  0.024  0.027  0.062  0.015  0.017 130
0022  0.021  0.024  0.055  0.013  0.015 128
0023  0.021  0.025  0.057  0.013  0.016 122
0024  0.006  0.007  0.014  0.004  0.005 140
0025  0.009  0.011  0.024  0.006  0.007 127
0026  0.009  0.011  0.025  0.006  0.007 122
0027  0.009  0.011  0.025  0.006  0.007 122
0028  0.003  0.004  0.008  0.002  0.002 132
0029  0.003  0.004  0.008  0.002  0.002 119
0030  0.006  0.007  0.015  0.004  0.005 137
0031  0.003  0.004  0.008  0.002  0.002 127
0032  0.003  0.004  0.009  0.002  0.002 107
0033  0.000  0.000  0.000  0.000  0.000 111
0034  0.000  0.000  0.000  0.000  0.000 117
0035  0.000  0.000  0.000  0.000  0.000 126
0036  0.003  0.004  0.008  0.002  0.002 121
0037  0.000  0.000  0.000  0.000  0.000 122
0038  0.000  0.000  0.000  0.000  0.000 112
0039  0.000  0.000  0.000  0.000  0.000 121
0040  0.000  0.000  0.000  0.000  0.000 118
0041  0.000  0.000  0.000  0.000  0.000 121
0042  0.000  0.000  0.000  0.000  0.000 109
0043  0.000  0.000  0.000  0.000  0.000 121
0044  0.000  0.000  0.000  0.000  0.000 117
0045  0.000  0.000  0.000  0.000  0.000 133
0046  0.000  0.000  0.000  0.000  0.000 123
0047  0.000  0.000  0.000  0.000  0.000 132
0048  0.000  0.000  0.000  0.000  0.000 139
0049  0.000  0.000  0.000  0.000  0.000 134
0050  0.003  0.004  0.007  0.002  0.003 134
0051  0.000  0.000  0.000  0.000  0.000 127
0052  0.000  0.000  0.000  0.000  0.000 121
0053  0.000  0.000  0.000  0.000  0.000 133
0054  0.000  0.000  0.000  0.000  0.000 127
0055  0.000  0.000  0.000  0.000  0.000 129
0056  0.000  0.000  0.000  0.000  0.000 131
0057  0.000  0.000  0.000  0.000  0.000 124
0058  0.000  0.000  0.000  0.000  0.000 131
0059  0.003  0.004  0.007  0.002  0.003 138
0060  0.000  0.000  0.000  0.000  0.000 127
0061  0.000  0.000  0.000  0.000  0.000 129
0062  0.000  0.000  0.000  0.000  0.000 134
0063  0.000  0.000  0.000  0.000  0.000 131
0064  0.000  0.000  0.000  0.000  0.000 125
0065  0.000  0.000  0.000  0.000  0.000 127
0066  0.003  0.004  0.007  0.002  0.003 139
0067  0.000  0.000  0.000  0.000  0.000 117
0068  0.000  0.000  0.000  0.000  0.000 128
0069  0.000  0.000  0.000  0.000  0.000 127
0070  0.000  0.000  0.000  0.000  0.000 122
0071  0.000  0.000  0.000  0.000  0.000 125
0072  0.003  0.004  0.008  0.002  0.003 127
0073  0.000  0.000  0.000  0.000  0.000 117
0074  0.000  0.000  0.000  0.000  0.000 114
0075  0.003  0.004  0.009  0.002  0.003 115
0076  0.000  0.000  0.000  0.000  0.000 133
0077  0.003  0.004  0.008  0.002  0.003 121
0078  0.000  0.000  0.000  0.000  0.000 118
0079  0.000  0.000  0.000  0.000  0.000 131
0080  0.000  0.000  0.000  0.000  0.000 128
0081  0.000  0.000  0.000  0.000  0.000 120
0082  0.000  0.000  0.000  0.000  0.000 139
0083  0.000  0.000  0.000  0.000  0.000 125
0084  0.000  0.000  0.000  0.000  0.000 112
0085  0.000  0.000  0.000  0.000  0.000 130
0086  0.003  0.004  0.008  0.002  0.003 118
0087  0.000  0.000  0.000  0.000  0.000 128
0088  0.003  0.004  0.008  0.002  0.003 122
0089  0.003  0.004  0.008  0.002  0.003 124
0090  0.003  0.004  0.008  0.002  0.003 121
0091  0.006  0.008  0.016  0.004  0.006 125
0092  0.012  0.017  0.030  0.008  0.011 133
0093  0.006  0.008  0.015  0.004  0.006 136
0094  0.030  0.041  0.075  0.019  0.029 134
0095  0.062  0.076  0.141  0.040  0.052 149
0096  0.094  0.114  0.213  0.060  0.078 150
0097  0.191  0.204  0.394  0.126  0.138 170
0098  0.277  0.290  0.538  0.186  0.198 184
0099  0.399  0.411  0.671  0.284  0.296 225
0100  0.538  0.576  0.816  0.401  0.445 261
0101  0.649  0.709  0.897  0.508  0.586 301
0102  0.675  0.741  0.900  0.540  0.629 319
0103  0.720  0.782  0.945  0.582  0.667 327
0104  0.699  0.769  0.931  0.559  0.655 319
0105  0.688  0.746  0.935  0.544  0.621 309
0106  0.730  0.779  0.920  0.605  0.675 349
0107  0.745  0.790  0.953  0.612  0.675 341
0108  0.745  0.785  0.937  0.618  0.675 350
0109  0.758  0.809  0.931  0.638  0.716 364
0110  0.730  0.769  0.935  0.599  0.652 340
0111  0.758  0.786  0.946  0.633  0.672 355
0112  0.767  0.799  0.945  0.646  0.693 363
0113  0.750  0.783  0.953  0.618  0.664 344
0114  0.769  0.795  0.955  0.644  0.681 358
0115  0.764  0.783  0.955  0.637  0.664 354
0116  0.770  0.788  0.958  0.644  0.670 357
0117  0.741  0.774  0.934  0.614  0.661 349
0118  0.753  0.785  0.943  0.627  0.672 353
0119  0.776  0.800  0.958  0.652  0.687 361
0120  0.770  0.778  0.945  0.650  0.661 365
0121  0.786  0.793  0.972  0.659  0.670 360
0122  0.790  0.796  0.965  0.669  0.678 368
0123  0.766  0.783  0.960  0.637  0.661 352
0124  0.786  0.807  0.972  0.659  0.690 360
0125  0.778  0.809  0.956  0.655  0.701 364
0126  0.752  0.783  0.948  0.623  0.667 349
0127  0.747  0.760  0.945  0.618  0.635 347
