# File: bricks/move_out Algorithm = FAST-BRIEF  skip 4 tolerance = 5.0
# (time tick) ( F ) ( F all inside) (precision) (recall) (recall all inside) (tracks)
0004  0.764  0.764  0.940  0.643  0.643 349
0008  0.735  0.735  0.913  0.616  0.616 344
0012  0.686  0.686  0.918  0.547  0.547 304
0016  0.633  0.633  0.875  0.496  0.496 289
0020  0.568  0.568  0.816  0.435  0.435 272
0024  0.506  0.506  0.788  0.373  0.373 241
0028  0.348  0.348  0.624  0.241  0.241 197
0032  0.216  0.216  0.403  0.147  0.147 186
0036  0.122  0.122  0.239  0.082  0.082 176
0040  0.082  0.082  0.159  0.055  0.055 176
0044  0.074  0.074  0.148  0.049  0.049 169
0048  0.046  0.046  0.102  0.029  0.029 147
0052  0.027  0.027  0.058  0.018  0.018 155
0056  0.015  0.015  0.035  0.010  0.010 142
0060  0.021  0.021  0.043  0.014  0.014 164
0064  0.018  0.018  0.038  0.012  0.012 159
0068  0.012  0.012  0.026  0.008  0.008 155
0072  0.012  0.012  0.024  0.008  0.008 165
0076  0.012  0.012  0.025  0.008  0.008 158
0080  0.009  0.009  0.019  0.006  0.006 160
0084  0.006  0.006  0.013  0.004  0.004 154
0088  0.003  0.003  0.006  0.002  0.002 154
0092  0.012  0.012  0.024  0.008  0.008 165
0096  0.003  0.003  0.006  0.002  0.002 168
0100  0.003  0.003  0.006  0.002  0.002 163
0104  0.003  0.003  0.007  0.002  0.002 150
0108  0.003  0.003  0.007  0.002  0.002 140
0112  0.003  0.003  0.007  0.002  0.002 150
0116  0.003  0.003  0.007  0.002  0.002 149
0120  0.000  0.000  0.000  0.000  0.000 145
0124  0.000  0.000  0.000  0.000  0.000 139
0128  0.000  0.000  0.000  0.000  0.000 150
0132  0.000  0.000  0.000  0.000  0.000 135
0136  0.000  0.000  0.000  0.000  0.000 130
0140  0.000  0.000  0.000  0.000  0.000 126
0144  0.000  0.000  0.000  0.000  0.000 137
0148  0.000  0.000  0.000  0.000  0.000 147
0152  0.000  0.000  0.000  0.000  0.000 137
0156  0.000  0.000  0.000  0.000  0.000 133
0160  0.000  0.000  0.000  0.000  0.000 135
0164  0.000  0.000  0.000  0.000  0.000 140
0168  0.000  0.000  0.000  0.000  0.000 138
0172  0.000  0.000  0.000  0.000  0.000 144
