# File: bricks/move_out Algorithm = FAST-BRIEF  skip 1 tolerance = 5.0
# (time tick) ( F ) ( F all inside) (precision) (recall) (recall all inside) (tracks)
0001  0.826  0.826  0.973  0.718  0.718 376
0002  0.831  0.831  0.974  0.725  0.725 380
0003  0.770  0.770  0.951  0.647  0.647 347
0004  0.764  0.764  0.940  0.643  0.643 349
0005  0.772  0.772  0.936  0.657  0.657 358
0006  0.753  0.753  0.926  0.635  0.635 350
0007  0.746  0.746  0.932  0.622  0.622 340
0008  0.735  0.735  0.913  0.616  0.616 344
0009  0.721  0.721  0.918  0.594  0.594 330
0010  0.724  0.724  0.935  0.590  0.590 322
0011  0.684  0.684  0.917  0.545  0.545 303
0012  0.686  0.686  0.918  0.547  0.547 304
0013  0.660  0.660  0.887  0.525  0.525 302
0014  0.642  0.642  0.872  0.508  0.508 297
0015  0.640  0.640  0.861  0.510  0.510 302
0016  0.633  0.633  0.875  0.496  0.496 289
0017  0.603  0.603  0.853  0.467  0.467 279
0018  0.585  0.585  0.812  0.457  0.457 287
0019  0.562  0.562  0.798  0.433  0.433 277
0020  0.568  0.568  0.816  0.435  0.435 272
0021  0.515  0.515  0.764  0.388  0.388 259
0022  0.520  0.520  0.764  0.394  0.394 263
0023  0.509  0.509  0.770  0.380  0.380 252
0024  0.506  0.506  0.788  0.373  0.373 241
0025  0.478  0.478  0.741  0.353  0.353 243
0026  0.398  0.398  0.655  0.286  0.286 223
0027  0.350  0.350  0.597  0.247  0.247 211
0028  0.348  0.348  0.624  0.241  0.241 197
0029  0.255  0.255  0.436  0.180  0.180 211
0030  0.261  0.261  0.458  0.182  0.182 203
0031  0.218  0.218  0.419  0.147  0.147 179
0032  0.216  0.216  0.403  0.147  0.147 186
0033  0.170  0.170  0.322  0.116  0.116 183
0034  0.164  0.164  0.324  0.110  0.110 173
0035  0.138  0.138  0.261  0.094  0.094 184
0036  0.122  0.122  0.239  0.082  0.082 176
0037  0.122  0.122  0.239  0.082  0.082 176
0038  0.099  0.099  0.195  0.067  0.067 174
0039  0.080  0.080  0.164  0.053  0.053 165
0040  0.082  0.082  0.159  0.055  0.055 176
0041  0.066  0.066  0.143  0.043  0.043 154
0042  0.070  0.070  0.140  0.047  0.047 171
0043  0.068  0.068  0.140  0.045  0.045 164
0044  0.074  0.074  0.148  0.049  0.049 169
0045  0.062  0.062  0.123  0.041  0.041 171
0046  0.042  0.042  0.086  0.027  0.027 162
0047  0.047  0.047  0.098  0.031  0.031 164
0048  0.046  0.046  0.102  0.029  0.029 147
0049  0.045  0.045  0.093  0.029  0.029 162
0050  0.036  0.036  0.078  0.024  0.024 154
0051  0.024  0.024  0.051  0.016  0.016 157
0052  0.027  0.027  0.058  0.018  0.018 155
0053  0.024  0.024  0.048  0.016  0.016 166
0054  0.021  0.021  0.043  0.014  0.014 162
0055  0.021  0.021  0.044  0.014  0.014 159
0056  0.015  0.015  0.035  0.010  0.010 142
0057  0.024  0.024  0.051  0.016  0.016 158
0058  0.018  0.018  0.039  0.012  0.012 152
0059  0.021  0.021  0.042  0.014  0.014 165
0060  0.021  0.021  0.043  0.014  0.014 164
0061  0.018  0.018  0.038  0.012  0.012 160
0062  0.015  0.015  0.030  0.010  0.010 167
0063  0.015  0.015  0.032  0.010  0.010 157
0064  0.018  0.018  0.038  0.012  0.012 159
0065  0.015  0.015  0.030  0.010  0.010 164
0066  0.015  0.015  0.030  0.010  0.010 166
0067  0.012  0.012  0.023  0.008  0.008 171
0068  0.012  0.012  0.026  0.008  0.008 155
0069  0.012  0.012  0.024  0.008  0.008 165
0070  0.012  0.012  0.026  0.008  0.008 152
0071  0.015  0.015  0.030  0.010  0.010 169
0072  0.012  0.012  0.024  0.008  0.008 165
0073  0.018  0.018  0.038  0.012  0.012 158
0074  0.006  0.006  0.013  0.004  0.004 157
0075  0.003  0.003  0.006  0.002  0.002 154
0076  0.012  0.012  0.025  0.008  0.008 158
0077  0.006  0.006  0.013  0.004  0.004 153
0078  0.009  0.009  0.019  0.006  0.006 157
0079  0.006  0.006  0.012  0.004  0.004 163
0080  0.009  0.009  0.019  0.006  0.006 160
0081  0.006  0.006  0.012  0.004  0.004 168
0082  0.003  0.003  0.007  0.002  0.002 148
0083  0.015  0.015  0.031  0.010  0.010 161
0084  0.006  0.006  0.013  0.004  0.004 154
0085  0.009  0.009  0.018  0.006  0.006 169
0086  0.003  0.003  0.006  0.002  0.002 157
0087  0.003  0.003  0.006  0.002  0.002 157
0088  0.003  0.003  0.006  0.002  0.002 154
0089  0.006  0.006  0.013  0.004  0.004 159
0090  0.006  0.006  0.012  0.004  0.004 170
0091  0.009  0.009  0.019  0.006  0.006 160
0092  0.012  0.012  0.024  0.008  0.008 165
0093  0.003  0.003  0.006  0.002  0.002 166
0094  0.006  0.006  0.013  0.004  0.004 157
0095  0.009  0.009  0.018  0.006  0.006 164
0096  0.003  0.003  0.006  0.002  0.002 168
0097  0.003  0.003  0.007  0.002  0.002 151
0098  0.003  0.003  0.006  0.002  0.002 164
0099  0.009  0.009  0.020  0.006  0.006 151
0100  0.003  0.003  0.006  0.002  0.002 163
0101  0.003  0.003  0.006  0.002  0.002 160
0102  0.003  0.003  0.006  0.002  0.002 156
0103  0.003  0.003  0.006  0.002  0.002 161
0104  0.003  0.003  0.007  0.002  0.002 150
0105  0.000  0.000  0.000  0.000  0.000 158
0106  0.003  0.003  0.007  0.002  0.002 150
0107  0.003  0.003  0.007  0.002  0.002 144
0108  0.003  0.003  0.007  0.002  0.002 140
0109  0.000  0.000  0.000  0.000  0.000 144
0110  0.000  0.000  0.000  0.000  0.000 143
0111  0.006  0.006  0.014  0.004  0.004 140
0112  0.003  0.003  0.007  0.002  0.002 150
0113  0.000  0.000  0.000  0.000  0.000 146
0114  0.000  0.000  0.000  0.000  0.000 143
0115  0.003  0.003  0.007  0.002  0.002 148
0116  0.003  0.003  0.007  0.002  0.002 149
0117  0.000  0.000  0.000  0.000  0.000 137
0118  0.000  0.000  0.000  0.000  0.000 138
0119  0.003  0.003  0.007  0.002  0.002 138
0120  0.000  0.000  0.000  0.000  0.000 145
0121  0.000  0.000  0.000  0.000  0.000 145
0122  0.000  0.000  0.000  0.000  0.000 144
0123  0.003  0.003  0.007  0.002  0.002 143
0124  0.000  0.000  0.000  0.000  0.000 139
0125  0.000  0.000  0.000  0.000  0.000 137
0126  0.000  0.000  0.000  0.000  0.000 132
0127  0.000  0.000  0.000  0.000  0.000 142
0128  0.000  0.000  0.000  0.000  0.000 150
0129  0.003  0.003  0.007  0.002  0.002 140
0130  0.000  0.000  0.000  0.000  0.000 141
0131  0.000  0.000  0.000  0.000  0.000 137
0132  0.000  0.000  0.000  0.000  0.000 135
0133  0.000  0.000  0.000  0.000  0.000 131
0134  0.000  0.000  0.000  0.000  0.000 130
0135  0.000  0.000  0.000  0.000  0.000 132
0136  0.000  0.000  0.000  0.000  0.000 130
0137  0.000  0.000  0.000  0.000  0.000 150
0138  0.000  0.000  0.000  0.000  0.000 144
0139  0.000  0.000  0.000  0.000  0.000 134
0140  0.000  0.000  0.000  0.000  0.000 126
0141  0.000  0.000  0.000  0.000  0.000 144
0142  0.000  0.000  0.000  0.000  0.000 143
0143  0.000  0.000  0.000  0.000  0.000 148
0144  0.000  0.000  0.000  0.000  0.000 137
0145  0.000  0.000  0.000  0.000  0.000 136
0146  0.000  0.000  0.000  0.000  0.000 133
0147  0.000  0.000  0.000  0.000  0.000 140
0148  0.000  0.000  0.000  0.000  0.000 147
0149  0.000  0.000  0.000  0.000  0.000 135
0150  0.000  0.000  0.000  0.000  0.000 149
0151  0.000  0.000  0.000  0.000  0.000 125
0152  0.000  0.000  0.000  0.000  0.000 137
0153  0.000  0.000  0.000  0.000  0.000 130
0154  0.000  0.000  0.000  0.000  0.000 126
0155  0.000  0.000  0.000  0.000  0.000 131
0156  0.000  0.000  0.000  0.000  0.000 133
0157  0.000  0.000  0.000  0.000  0.000 139
0158  0.000  0.000  0.000  0.000  0.000 146
0159  0.000  0.000  0.000  0.000  0.000 153
0160  0.000  0.000  0.000  0.000  0.000 135
0161  0.003  0.003  0.008  0.002  0.002 130
0162  0.000  0.000  0.000  0.000  0.000 131
0163  0.000  0.000  0.000  0.000  0.000 130
0164  0.000  0.000  0.000  0.000  0.000 140
0165  0.000  0.000  0.000  0.000  0.000 143
0166  0.000  0.000  0.000  0.000  0.000 128
0167  0.000  0.000  0.000  0.000  0.000 147
0168  0.000  0.000  0.000  0.000  0.000 138
0169  0.000  0.000  0.000  0.000  0.000 130
0170  0.000  0.000  0.000  0.000  0.000 134
0171  0.000  0.000  0.000  0.000  0.000 134
0172  0.000  0.000  0.000  0.000  0.000 144
0173  0.000  0.000  0.000  0.000  0.000 142
