# File: bricks/rotate Algorithm = FAST-BRIEF  skip 4 tolerance = 5.0
# (time tick) ( F ) ( F all inside) (precision) (recall) (recall all inside) (tracks)
0004  0.773  0.791  0.958  0.648  0.673 359
0008  0.742  0.766  0.942  0.612  0.645 345
0012  0.585  0.617  0.844  0.448  0.487 282
0016  0.226  0.243  0.455  0.151  0.166 176
0020  0.039  0.043  0.093  0.024  0.028 140
0024  0.006  0.007  0.014  0.004  0.005 140
0028  0.003  0.004  0.008  0.002  0.002 132
0032  0.003  0.004  0.009  0.002  0.002 107
0036  0.003  0.004  0.008  0.002  0.002 121
0040  0.000  0.000  0.000  0.000  0.000 118
0044  0.000  0.000  0.000  0.000  0.000 117
0048  0.000  0.000  0.000  0.000  0.000 139
0052  0.000  0.000  0.000  0.000  0.000 121
0056  0.000  0.000  0.000  0.000  0.000 131
0060  0.000  0.000  0.000  0.000  0.000 127
0064  0.000  0.000  0.000  0.000  0.000 125
0068  0.000  0.000  0.000  0.000  0.000 128
0072  0.003  0.004  0.008  0.002  0.003 127
0076  0.000  0.000  0.000  0.000  0.000 133
0080  0.000  0.000  0.000  0.000  0.000 128
0084  0.000  0.000  0.000  0.000  0.000 112
0088  0.003  0.004  0.008  0.002  0.003 122
0092  0.012  0.017  0.030  0.008  0.011 133
0096  0.094  0.116  0.213  0.060  0.080 150
0100  0.538  0.577  0.816  0.401  0.446 261
0104  0.699  0.767  0.931  0.559  0.651 319
0108  0.745  0.782  0.937  0.618  0.671 350
0112  0.767  0.797  0.945  0.646  0.689 363
0116  0.770  0.788  0.958  0.644  0.669 357
0120  0.770  0.777  0.945  0.650  0.660 365
0124  0.786  0.808  0.972  0.659  0.691 360
