# File: bricks/skew Algorithm = FAST-BRIEF  skip 1 tolerance = 5.0
# (time tick) ( F ) ( F all inside) (precision) (recall) (recall all inside) (tracks)
0001  0.857  0.857  0.982  0.760  0.760 442
0002  0.856  0.856  0.973  0.764  0.764 448
0003  0.833  0.833  0.970  0.730  0.730 430
0004  0.842  0.843  0.968  0.744  0.747 439
0005  0.830  0.834  0.965  0.729  0.734 431
0006  0.815  0.821  0.960  0.708  0.718 421
0007  0.810  0.821  0.957  0.702  0.719 419
0008  0.837  0.851  0.959  0.743  0.765 442
0009  0.800  0.814  0.961  0.685  0.706 407
0010  0.781  0.797  0.957  0.660  0.683 394
0011  0.781  0.801  0.950  0.664  0.693 399
0012  0.800  0.823  0.956  0.688  0.722 411
0013  0.777  0.801  0.940  0.662  0.697 402
0014  0.778  0.811  0.954  0.657  0.705 393
0015  0.778  0.816  0.966  0.651  0.706 385
0016  0.765  0.811  0.941  0.644  0.713 391
0017  0.762  0.811  0.938  0.641  0.713 390
0018  0.753  0.805  0.937  0.629  0.705 383
0019  0.742  0.798  0.936  0.615  0.695 375
0020  0.738  0.800  0.943  0.606  0.695 367
0021  0.732  0.806  0.916  0.609  0.719 380
0022  0.721  0.805  0.926  0.590  0.712 364
0023  0.730  0.821  0.939  0.597  0.729 363
0024  0.680  0.772  0.890  0.550  0.683 353
0025  0.651  0.754  0.871  0.520  0.664 341
0026  0.646  0.756  0.882  0.510  0.662 330
0027  0.658  0.777  0.875  0.527  0.699 344
0028  0.636  0.762  0.864  0.503  0.682 332
0029  0.619  0.751  0.855  0.485  0.669 324
0030  0.602  0.742  0.858  0.464  0.653 309
0031  0.607  0.747  0.854  0.471  0.664 315
0032  0.568  0.706  0.814  0.436  0.624 306
0033  0.549  0.688  0.799  0.419  0.604 299
0034  0.556  0.700  0.795  0.427  0.625 307
0035  0.545  0.690  0.808  0.412  0.602 291
0036  0.542  0.693  0.794  0.412  0.615 296
0037  0.507  0.654  0.769  0.378  0.569 281
0038  0.501  0.656  0.779  0.370  0.566 271
0039  0.489  0.647  0.765  0.359  0.560 268
0040  0.495  0.661  0.766  0.366  0.581 273
0041  0.479  0.642  0.758  0.350  0.558 264
0042  0.478  0.649  0.755  0.350  0.569 265
0043  0.464  0.635  0.755  0.335  0.548 253
0044  0.456  0.633  0.743  0.329  0.552 253
0045  0.419  0.590  0.678  0.303  0.521 255
0046  0.429  0.609  0.704  0.308  0.537 250
0047  0.417  0.601  0.697  0.298  0.528 244
0048  0.378  0.550  0.665  0.264  0.469 227
0049  0.399  0.581  0.679  0.282  0.508 237
0050  0.387  0.566  0.642  0.277  0.506 246
0051  0.374  0.556  0.640  0.264  0.492 236
0052  0.343  0.514  0.601  0.240  0.449 228
0053  0.357  0.536  0.613  0.252  0.477 235
0054  0.352  0.537  0.625  0.245  0.471 224
0055  0.346  0.533  0.623  0.240  0.466 220
0056  0.328  0.504  0.575  0.229  0.448 228
0057  0.314  0.490  0.595  0.214  0.417 205
0058  0.322  0.500  0.594  0.221  0.432 212
0059  0.316  0.494  0.582  0.217  0.430 213
0060  0.294  0.463  0.535  0.203  0.408 217
0061  0.299  0.478  0.578  0.201  0.408 199
0062  0.311  0.497  0.587  0.212  0.431 206
0063  0.264  0.428  0.507  0.179  0.370 201
0064  0.253  0.413  0.497  0.170  0.353 195
0065  0.254  0.414  0.465  0.175  0.373 215
0066  0.255  0.423  0.492  0.172  0.370 199
0067  0.244  0.404  0.468  0.165  0.355 201
0068  0.240  0.406  0.484  0.159  0.349 188
0069  0.253  0.431  0.497  0.170  0.379 195
0070  0.230  0.385  0.438  0.156  0.344 203
0071  0.243  0.409  0.474  0.163  0.360 196
0072  0.230  0.391  0.456  0.154  0.343 193
0073  0.221  0.377  0.444  0.147  0.328 189
0074  0.229  0.391  0.449  0.154  0.347 196
0075  0.229  0.391  0.449  0.154  0.347 196
0076  0.200  0.346  0.419  0.131  0.294 179
0077  0.202  0.345  0.388  0.137  0.310 201
0078  0.202  0.351  0.418  0.133  0.302 182
0079  0.197  0.344  0.413  0.130  0.294 179
0080  0.186  0.324  0.387  0.123  0.278 181
0081  0.207  0.363  0.429  0.137  0.315 182
0082  0.195  0.342  0.415  0.128  0.290 176
0083  0.181  0.321  0.396  0.117  0.270 169
0084  0.208  0.366  0.438  0.137  0.315 178
0085  0.199  0.345  0.410  0.131  0.298 183
0086  0.196  0.343  0.420  0.128  0.290 174
0087  0.208  0.362  0.420  0.138  0.319 188
0088  0.191  0.331  0.408  0.124  0.278 174
0089  0.192  0.336  0.400  0.126  0.290 180
0090  0.198  0.343  0.390  0.133  0.306 195
0091  0.162  0.283  0.333  0.107  0.246 183
0092  0.182  0.316  0.389  0.119  0.266 175
0093  0.168  0.285  0.332  0.112  0.250 193
0094  0.158  0.270  0.319  0.105  0.234 188
0095  0.154  0.268  0.319  0.102  0.231 182
0096  0.135  0.235  0.276  0.089  0.204 185
0097  0.157  0.273  0.330  0.103  0.233 179
0098  0.147  0.257  0.313  0.096  0.218 176
0099  0.128  0.227  0.271  0.084  0.195 177
0100  0.162  0.288  0.339  0.107  0.251 180
0101  0.140  0.250  0.288  0.093  0.220 184
0102  0.121  0.215  0.260  0.079  0.183 173
0103  0.130  0.228  0.266  0.086  0.200 184
0104  0.107  0.191  0.223  0.070  0.167 179
0105  0.103  0.183  0.212  0.068  0.161 184
0106  0.090  0.166  0.201  0.058  0.141 164
0107  0.092  0.170  0.205  0.060  0.146 166
0108  0.110  0.201  0.232  0.072  0.178 177
0109  0.100  0.181  0.215  0.065  0.156 172
0110  0.090  0.166  0.199  0.058  0.143 166
0111  0.079  0.149  0.182  0.051  0.126 159
0112  0.082  0.155  0.183  0.053  0.135 164
0113  0.075  0.141  0.159  0.049  0.126 176
0114  0.073  0.140  0.164  0.047  0.122 165
0115  0.078  0.148  0.172  0.051  0.131 169
0116  0.084  0.157  0.188  0.054  0.135 165
0117  0.054  0.103  0.120  0.035  0.090 166
