# File: bricks/move_in Algorithm = FAST-BRIEF  skip 1 tolerance = 5.0
# (time tick) ( F ) ( F all inside) (precision) (recall) (recall all inside) (tracks)
0001  0.822  0.822  0.967  0.714  0.714 331
0002  0.796  0.796  0.962  0.679  0.679 316
0003  0.792  0.792  0.956  0.676  0.676 317
0004  0.795  0.795  0.956  0.681  0.681 319
0005  0.793  0.793  0.953  0.679  0.679 319
0006  0.772  0.772  0.942  0.654  0.654 311
0007  0.777  0.777  0.943  0.661  0.661 314
0008  0.761  0.761  0.941  0.638  0.638 304
0009  0.758  0.758  0.938  0.636  0.636 304
0010  0.741  0.741  0.909  0.625  0.625 308
0011  0.749  0.749  0.939  0.623  0.623 297
0012  0.739  0.739  0.932  0.612  0.612 294
0013  0.751  0.752  0.925  0.632  0.633 306
0014  0.727  0.730  0.927  0.598  0.602 289
0015  0.751  0.756  0.940  0.625  0.632 298
0016  0.718  0.726  0.894  0.600  0.611 301
0017  0.712  0.725  0.898  0.589  0.608 294
0018  0.713  0.732  0.887  0.596  0.622 301
0019  0.690  0.717  0.876  0.569  0.607 291
0020  0.708  0.737  0.924  0.574  0.613 278
0021  0.685  0.714  0.887  0.558  0.598 282
0022  0.693  0.725  0.909  0.560  0.603 276
0023  0.688  0.720  0.884  0.563  0.607 285
0024  0.671  0.705  0.886  0.540  0.585 273
0025  0.703  0.742  0.924  0.567  0.620 275
0026  0.690  0.730  0.894  0.563  0.618 282
0027  0.684  0.726  0.889  0.556  0.613 280
0028  0.700  0.743  0.914  0.567  0.626 278
0029  0.675  0.717  0.900  0.540  0.596 269
0030  0.711  0.755  0.913  0.583  0.644 286
0031  0.669  0.717  0.886  0.538  0.603 272
0032  0.689  0.740  0.899  0.558  0.628 278
0033  0.654  0.705  0.879  0.520  0.588 265
0034  0.673  0.726  0.881  0.545  0.618 277
0035  0.664  0.720  0.897  0.527  0.601 263
0036  0.690  0.751  0.903  0.558  0.643 277
0037  0.644  0.705  0.871  0.511  0.592 263
0038  0.669  0.733  0.886  0.538  0.624 272
0039  0.672  0.735  0.878  0.545  0.632 278
0040  0.660  0.726  0.903  0.520  0.607 258
0041  0.654  0.719  0.885  0.518  0.606 262
0042  0.639  0.710  0.873  0.504  0.598 259
0043  0.656  0.726  0.874  0.525  0.622 269
0044  0.646  0.722  0.865  0.516  0.619 267
0045  0.653  0.733  0.882  0.518  0.627 263
0046  0.666  0.747  0.873  0.538  0.653 276
0047  0.649  0.731  0.881  0.513  0.625 261
0048  0.654  0.740  0.885  0.518  0.636 262
0049  0.604  0.687  0.835  0.473  0.584 254
0050  0.626  0.715  0.857  0.493  0.614 258
0051  0.615  0.706  0.850  0.482  0.603 254
0052  0.578  0.666  0.814  0.449  0.563 247
0053  0.620  0.715  0.849  0.489  0.617 258
0054  0.586  0.679  0.838  0.451  0.571 241
0055  0.587  0.681  0.842  0.451  0.572 240
0056  0.562  0.653  0.808  0.431  0.548 239
0057  0.560  0.653  0.816  0.426  0.544 234
0058  0.561  0.652  0.781  0.438  0.560 251
0059  0.547  0.640  0.769  0.424  0.548 247
0060  0.585  0.685  0.819  0.455  0.588 249
0061  0.593  0.697  0.867  0.451  0.582 233
0062  0.559  0.655  0.798  0.431  0.556 242
0063  0.547  0.642  0.787  0.420  0.542 239
0064  0.574  0.672  0.812  0.444  0.573 245
0065  0.580  0.680  0.826  0.446  0.578 242
0066  0.572  0.672  0.827  0.438  0.566 237
0067  0.559  0.663  0.819  0.424  0.557 232
0068  0.550  0.658  0.839  0.408  0.541 218
0069  0.566  0.676  0.825  0.431  0.573 234
0070  0.533  0.639  0.789  0.402  0.537 228
0071  0.527  0.640  0.757  0.404  0.554 239
0072  0.510  0.622  0.752  0.386  0.531 230
0073  0.521  0.638  0.775  0.393  0.542 227
0074  0.484  0.600  0.742  0.359  0.503 217
0075  0.492  0.615  0.762  0.364  0.516 214
0076  0.497  0.621  0.755  0.371  0.527 220
0077  0.478  0.598  0.733  0.355  0.505 217
0078  0.461  0.579  0.720  0.339  0.484 211
0079  0.466  0.589  0.706  0.348  0.505 221
0080  0.461  0.583  0.717  0.339  0.492 212
0081  0.469  0.597  0.737  0.344  0.502 209
0082  0.449  0.578  0.732  0.324  0.477 198
0083  0.450  0.582  0.726  0.326  0.485 201
0084  0.463  0.598  0.718  0.342  0.512 213
0085  0.430  0.560  0.690  0.313  0.471 203
0086  0.422  0.554  0.678  0.306  0.468 202
0087  0.436  0.577  0.696  0.317  0.493 204
0088  0.426  0.566  0.690  0.308  0.479 200
0089  0.397  0.532  0.665  0.283  0.444 191
0090  0.446  0.598  0.727  0.321  0.507 198
0091  0.409  0.550  0.670  0.295  0.466 197
0092  0.425  0.571  0.683  0.308  0.491 202
0093  0.428  0.579  0.692  0.310  0.498 201
0094  0.446  0.609  0.741  0.319  0.516 193
0095  0.430  0.583  0.698  0.310  0.500 199
0096  0.419  0.570  0.677  0.304  0.493 201
0097  0.412  0.558  0.663  0.299  0.481 202
0098  0.404  0.546  0.663  0.290  0.465 196
0099  0.390  0.526  0.648  0.279  0.442 193
0100  0.407  0.547  0.657  0.295  0.468 201
0101  0.382  0.518  0.617  0.277  0.446 201
0102  0.385  0.522  0.659  0.272  0.432 185
0103  0.407  0.548  0.657  0.295  0.470 201
0104  0.377  0.513  0.635  0.268  0.430 189
0105  0.405  0.552  0.683  0.288  0.464 189
0106  0.402  0.546  0.645  0.292  0.473 203
0107  0.372  0.508  0.620  0.266  0.430 192
0108  0.391  0.540  0.643  0.281  0.465 196
0109  0.385  0.535  0.633  0.277  0.463 196
0110  0.386  0.539  0.651  0.275  0.461 189
0111  0.359  0.494  0.583  0.259  0.429 199
0112  0.332  0.464  0.555  0.237  0.399 191
0113  0.328  0.472  0.556  0.232  0.410 187
0114  0.362  0.520  0.615  0.257  0.450 187
0115  0.329  0.478  0.565  0.232  0.414 184
0116  0.316  0.463  0.570  0.219  0.390 172
0117  0.298  0.436  0.514  0.210  0.379 183
0118  0.290  0.430  0.536  0.199  0.359 166
0119  0.253  0.377  0.478  0.172  0.312 161
0120  0.249  0.368  0.450  0.172  0.312 171
0121  0.299  0.443  0.531  0.208  0.380 175
0122  0.296  0.446  0.548  0.203  0.376 166
0123  0.259  0.392  0.485  0.176  0.329 163
0124  0.243  0.377  0.463  0.165  0.318 160
0125  0.229  0.354  0.427  0.156  0.303 164
0126  0.225  0.352  0.436  0.152  0.296 156
0127  0.192  0.306  0.393  0.127  0.251 145
0128  0.187  0.295  0.354  0.127  0.252 161
0129  0.170  0.272  0.333  0.114  0.230 153
0130  0.161  0.259  0.308  0.109  0.224 159
0131  0.151  0.242  0.284  0.103  0.211 162
0132  0.167  0.273  0.333  0.112  0.231 150
0133  0.126  0.205  0.245  0.085  0.177 155
0134  0.099  0.163  0.192  0.067  0.142 156
0135  0.111  0.185  0.228  0.074  0.156 145
0136  0.107  0.182  0.215  0.071  0.158 149
0137  0.101  0.172  0.203  0.067  0.150 148
0138  0.081  0.140  0.167  0.054  0.121 144
0139  0.100  0.177  0.216  0.065  0.149 134
0140  0.054  0.094  0.108  0.036  0.083 148
0141  0.044  0.077  0.089  0.029  0.068 146
0142  0.077  0.137  0.156  0.051  0.122 147
0143  0.055  0.101  0.122  0.036  0.086 131
0144  0.044  0.079  0.091  0.029  0.070 143
0145  0.058  0.108  0.127  0.038  0.094 134
0146  0.054  0.099  0.112  0.036  0.089 143
0147  0.054  0.101  0.113  0.036  0.091 141
0148  0.049  0.093  0.109  0.031  0.081 129
0149  0.045  0.086  0.097  0.029  0.077 134
0150  0.027  0.053  0.060  0.018  0.048 134
0151  0.031  0.059  0.066  0.020  0.054 137
0152  0.027  0.052  0.056  0.018  0.049 142
0153  0.034  0.067  0.072  0.022  0.062 138
0154  0.024  0.048  0.053  0.016  0.044 133
0155  0.020  0.040  0.041  0.013  0.038 146
0156  0.010  0.022  0.024  0.007  0.020 126
0157  0.010  0.021  0.023  0.007  0.020 133
0158  0.017  0.037  0.040  0.011  0.034 124
0159  0.007  0.014  0.015  0.004  0.014 135
0160  0.004  0.008  0.008  0.002  0.007 119
0161  0.007  0.014  0.015  0.004  0.014 134
0162  0.007  0.014  0.015  0.004  0.014 136
0163  0.010  0.022  0.023  0.007  0.021 131
0164  0.007  0.014  0.014  0.004  0.014 138
0165  0.003  0.007  0.008  0.002  0.007 131
0166  0.007  0.015  0.014  0.004  0.015 139
0167  0.007  0.015  0.015  0.004  0.015 131
0168  0.003  0.008  0.008  0.002  0.008 132
0169  0.003  0.008  0.007  0.002  0.008 137
0170  0.010  0.023  0.022  0.007  0.024 134
0171  0.007  0.015  0.014  0.004  0.016 140
0172  0.003  0.007  0.007  0.002  0.008 144
0173  0.000  0.000  0.000  0.000  0.000 136
0174  0.010  0.024  0.022  0.007  0.026 135
0175  0.007  0.015  0.014  0.004  0.017 143
0176  0.007  0.015  0.014  0.004  0.017 145
0177  0.007  0.016  0.014  0.004  0.017 143
0178  0.004  0.009  0.008  0.002  0.009 120
0179  0.000  0.000  0.000  0.000  0.000 138
0180  0.003  0.008  0.008  0.002  0.009 132
0181  0.003  0.008  0.008  0.002  0.009 129
0182  0.007  0.016  0.015  0.004  0.018 130
0183  0.007  0.016  0.015  0.004  0.018 135
0184  0.003  0.008  0.008  0.002  0.009 132
0185  0.000  0.000  0.000  0.000  0.000 135
0186  0.003  0.008  0.007  0.002  0.009 139
0187  0.000  0.000  0.000  0.000  0.000 150
0188  0.000  0.000  0.000  0.000  0.000 143
0189  0.000  0.000  0.000  0.000  0.000 130
0190  0.007  0.016  0.014  0.004  0.018 138
0191  0.003  0.008  0.007  0.002  0.009 137
0192  0.003  0.008  0.007  0.002  0.009 136
0193  0.000  0.000  0.000  0.000  0.000 143
0194  0.003  0.008  0.007  0.002  0.010 144
0195  0.000  0.000  0.000  0.000  0.000 133
0196  0.000  0.000  0.000  0.000  0.000 128
0197  0.003  0.009  0.008  0.002  0.010 127
0198  0.003  0.009  0.008  0.002  0.010 129
0199  0.003  0.009  0.007  0.002  0.011 137
0200  0.000  0.000  0.000  0.000  0.000 133
0201  0.010  0.025  0.021  0.007  0.032 145
0202  0.000  0.000  0.000  0.000  0.000 138
0203  0.003  0.009  0.007  0.002  0.011 136
0204  0.000  0.000  0.000  0.000  0.000 134
0205  0.003  0.009  0.008  0.002  0.011 125
0206  0.000  0.000  0.000  0.000  0.000 134
0207  0.000  0.000  0.000  0.000  0.000 141
0208  0.000  0.000  0.000  0.000  0.000 130
0209  0.003  0.009  0.007  0.002  0.012 144
0210  0.003  0.009  0.007  0.002  0.012 138
0211  0.000  0.000  0.000  0.000  0.000 148
0212  0.000  0.000  0.000  0.000  0.000 141
0213  0.000  0.000  0.000  0.000  0.000 144
0214  0.000  0.000  0.000  0.000  0.000 139
0215  0.003  0.009  0.007  0.002  0.012 144
0216  0.000  0.000  0.000  0.000  0.000 135
0217  0.000  0.000  0.000  0.000  0.000 145
0218  0.000  0.000  0.000  0.000  0.000 131
0219  0.000  0.000  0.000  0.000  0.000 127
0220  0.000  0.000  0.000  0.000  0.000 135
0221  0.000  0.000  0.000  0.000  0.000 130
0222  0.000  0.000  0.000  0.000  0.000 129
0223  0.000  0.000  0.000  0.000  0.000 142
0224  0.000  0.000  0.000  0.000  0.000 151
0225  0.000  0.000  0.000  0.000  0.000 137
0226  0.000  0.000  0.000  0.000  0.000 140
0227  0.000  0.000  0.000  0.000  0.000 134
0228  0.000  0.000  0.000  0.000  0.000 142
0229  0.000  0.000  0.000  0.000  0.000 146
0230  0.000  0.000  0.000  0.000  0.000 139
0231  0.000  0.000  0.000  0.000  0.000 147
0232  0.000  0.000  0.000  0.000  0.000 148
0233  0.000  0.000  0.000  0.000  0.000 141
0234  0.000  0.000  0.000  0.000  0.000 147
0235  0.000  0.000  0.000  0.000  0.000 140
0236  0.000  0.000  0.000  0.000  0.000 142
0237  0.000  0.000  0.000  0.000  0.000 141
0238  0.000  0.000  0.000  0.000  0.000 137
0239  0.000  0.000  0.000  0.000  0.000 130
0240  0.000  0.000  0.000  0.000  0.000 133
0241  0.000  0.000  0.000  0.000  0.000 139
0242  0.000  0.000  0.000  0.000  0.000 135
0243  0.000  0.000  0.000  0.000  0.000 132
0244  0.000  0.000  0.000  0.000  0.000 131
0245  0.000  0.000  0.000  0.000  0.000 129
0246  0.000  0.000  0.000  0.000  0.000 140
0247  0.000  0.000  0.000  0.000  0.000 128
0248  0.000  0.000  0.000  0.000  0.000 124
0249  0.000  0.000  0.000  0.000  0.000 141
0250  0.000  0.000  0.000  0.000  0.000 131
0251  0.000  0.000  0.000  0.000  0.000 124
0252  0.000  0.000  0.000  0.000  0.000 127
0253  0.000  0.000  0.000  0.000  0.000 132
0254  0.000  0.000  0.000  0.000  0.000 131
0255  0.000  0.000  0.000  0.000  0.000 131
0256  0.000  0.000  0.000  0.000  0.000 128
0257  0.000  0.000  0.000  0.000  0.000 134
0258  0.000  0.000  0.000  0.000  0.000 137
0259  0.000  0.000  0.000  0.000  0.000 135
0260  0.000  0.000  0.000  0.000  0.000 132
0261  0.000  0.000  0.000  0.000  0.000 126
0262  0.000  0.000  0.000  0.000  0.000 122
0263  0.000  0.000  0.000  0.000  0.000 120
0264  0.000  0.000  0.000  0.000  0.000 123
0265  0.000  0.000  0.000  0.000  0.000 133
0266  0.000  0.000  0.000  0.000  0.000 122
0267  0.000  0.000  0.000  0.000  0.000 124
