# File: bricks/skew Algorithm = FAST-BRIEF  skip 4 tolerance = 5.0
# (time tick) ( F ) ( F all inside) (precision) (recall) (recall all inside) (tracks)
0004  0.842  0.843  0.968  0.744  0.747 439
0008  0.837  0.851  0.959  0.743  0.765 442
0012  0.800  0.823  0.956  0.688  0.722 411
0016  0.765  0.811  0.941  0.644  0.713 391
0020  0.738  0.800  0.943  0.606  0.695 367
0024  0.680  0.772  0.890  0.550  0.683 353
0028  0.636  0.762  0.864  0.503  0.682 332
0032  0.568  0.706  0.814  0.436  0.624 306
0036  0.542  0.693  0.794  0.412  0.615 296
0040  0.495  0.661  0.766  0.366  0.581 273
0044  0.456  0.633  0.743  0.329  0.552 253
0048  0.378  0.550  0.665  0.264  0.469 227
0052  0.343  0.514  0.601  0.240  0.449 228
0056  0.328  0.504  0.575  0.229  0.448 228
0060  0.294  0.463  0.535  0.203  0.408 217
0064  0.253  0.412  0.497  0.170  0.352 195
0068  0.240  0.405  0.484  0.159  0.348 188
0072  0.230  0.389  0.456  0.154  0.340 193
0076  0.200  0.343  0.419  0.131  0.290 179
0080  0.186  0.321  0.387  0.123  0.274 181
0084  0.208  0.363  0.438  0.137  0.310 178
0088  0.191  0.331  0.408  0.124  0.278 174
0092  0.182  0.313  0.389  0.119  0.262 175
0096  0.135  0.233  0.276  0.089  0.202 185
0100  0.162  0.287  0.339  0.107  0.249 180
0104  0.107  0.190  0.223  0.070  0.166 179
0108  0.110  0.200  0.232  0.072  0.176 177
0112  0.082  0.155  0.183  0.053  0.134 164
0116  0.084  0.156  0.188  0.054  0.134 165
