# File: bricks/move_out Algorithm = FAST-BRIEF  skip 8 tolerance = 5.0
# (time tick) ( F ) ( F all inside) (precision) (recall) (recall all inside) (tracks)
0008  0.735  0.735  0.913  0.616  0.616 344
0016  0.633  0.633  0.875  0.496  0.496 289
0024  0.506  0.506  0.788  0.373  0.373 241
0032  0.216  0.216  0.403  0.147  0.147 186
0040  0.082  0.082  0.159  0.055  0.055 176
0048  0.046  0.046  0.102  0.029  0.029 147
0056  0.015  0.015  0.035  0.010  0.010 142
0064  0.018  0.018  0.038  0.012  0.012 159
0072  0.012  0.012  0.024  0.008  0.008 165
0080  0.009  0.009  0.019  0.006  0.006 160
0088  0.003  0.003  0.006  0.002  0.002 154
0096  0.003  0.003  0.006  0.002  0.002 168
0104  0.003  0.003  0.007  0.002  0.002 150
0112  0.003  0.003  0.007  0.002  0.002 150
0120  0.000  0.000  0.000  0.000  0.000 145
0128  0.000  0.000  0.000  0.000  0.000 150
0136  0.000  0.000  0.000  0.000  0.000 130
0144  0.000  0.000  0.000  0.000  0.000 137
0152  0.000  0.000  0.000  0.000  0.000 137
0160  0.000  0.000  0.000  0.000  0.000 135
0168  0.000  0.000  0.000  0.000  0.000 138
