# File: bricks/move_in Algorithm = FAST-BRIEF  skip 4 tolerance = 5.0
# (time tick) ( F ) ( F all inside) (precision) (recall) (recall all inside) (tracks)
0004  0.795  0.795  0.956  0.681  0.681 319
0008  0.761  0.761  0.941  0.638  0.638 304
0012  0.739  0.739  0.932  0.612  0.612 294
0016  0.718  0.726  0.894  0.600  0.611 301
0020  0.708  0.737  0.924  0.574  0.613 278
0024  0.671  0.705  0.886  0.540  0.585 273
0028  0.700  0.742  0.914  0.567  0.624 278
0032  0.689  0.739  0.899  0.558  0.627 278
0036  0.690  0.750  0.903  0.558  0.641 277
0040  0.660  0.725  0.903  0.520  0.605 258
0044  0.646  0.721  0.865  0.516  0.618 267
0048  0.654  0.740  0.885  0.518  0.636 262
0052  0.578  0.664  0.814  0.449  0.561 247
0056  0.562  0.652  0.808  0.431  0.547 239
0060  0.585  0.683  0.819  0.455  0.586 249
0064  0.574  0.672  0.812  0.444  0.573 245
0068  0.550  0.658  0.839  0.408  0.541 218
0072  0.510  0.622  0.752  0.386  0.531 230
0076  0.497  0.621  0.755  0.371  0.527 220
0080  0.461  0.583  0.717  0.339  0.492 212
0084  0.463  0.598  0.718  0.342  0.512 213
0088  0.426  0.566  0.690  0.308  0.479 200
0092  0.425  0.571  0.683  0.308  0.491 202
0096  0.419  0.570  0.677  0.304  0.493 201
0100  0.407  0.547  0.657  0.295  0.468 201
0104  0.377  0.513  0.635  0.268  0.430 189
0108  0.391  0.540  0.643  0.281  0.465 196
0112  0.332  0.464  0.555  0.237  0.399 191
0116  0.316  0.463  0.570  0.219  0.390 172
0120  0.249  0.368  0.450  0.172  0.312 171
0124  0.243  0.377  0.463  0.165  0.318 160
0128  0.187  0.295  0.354  0.127  0.252 161
0132  0.167  0.273  0.333  0.112  0.231 150
0136  0.107  0.182  0.215  0.071  0.158 149
0140  0.054  0.094  0.108  0.036  0.083 148
0144  0.044  0.079  0.091  0.029  0.070 143
0148  0.049  0.093  0.109  0.031  0.081 129
0152  0.027  0.052  0.056  0.018  0.049 142
0156  0.010  0.022  0.024  0.007  0.020 126
0160  0.004  0.008  0.008  0.002  0.007 119
0164  0.007  0.014  0.014  0.004  0.014 138
0168  0.003  0.008  0.008  0.002  0.008 132
0172  0.003  0.007  0.007  0.002  0.008 144
0176  0.007  0.015  0.014  0.004  0.017 145
0180  0.003  0.008  0.008  0.002  0.009 132
0184  0.003  0.008  0.008  0.002  0.009 132
0188  0.000  0.000  0.000  0.000  0.000 143
0192  0.003  0.008  0.007  0.002  0.009 136
0196  0.000  0.000  0.000  0.000  0.000 128
0200  0.000  0.000  0.000  0.000  0.000 133
0204  0.000  0.000  0.000  0.000  0.000 134
0208  0.000  0.000  0.000  0.000  0.000 130
0212  0.000  0.000  0.000  0.000  0.000 141
0216  0.000  0.000  0.000  0.000  0.000 135
0220  0.000  0.000  0.000  0.000  0.000 135
0224  0.000  0.000  0.000  0.000  0.000 151
0228  0.000  0.000  0.000  0.000  0.000 142
0232  0.000  0.000  0.000  0.000  0.000 148
0236  0.000  0.000  0.000  0.000  0.000 142
0240  0.000  0.000  0.000  0.000  0.000 133
0244  0.000  0.000  0.000  0.000  0.000 131
0248  0.000  0.000  0.000  0.000  0.000 124
0252  0.000  0.000  0.000  0.000  0.000 127
0256  0.000  0.000  0.000  0.000  0.000 128
0260  0.000  0.000  0.000  0.000  0.000 132
0264  0.000  0.000  0.000  0.000  0.000 123
