# File: bricks/rotate Algorithm = FAST-BRIEF  skip 8 tolerance = 5.0
# (time tick) ( F ) ( F all inside) (precision) (recall) (recall all inside) (tracks)
0008  0.742  0.765  0.942  0.612  0.644 345
0016  0.226  0.245  0.455  0.151  0.168 176
0024  0.006  0.007  0.014  0.004  0.005 140
0032  0.003  0.004  0.009  0.002  0.002 107
0040  0.000  0.000  0.000  0.000  0.000 118
0048  0.000  0.000  0.000  0.000  0.000 139
0056  0.000  0.000  0.000  0.000  0.000 131
0064  0.000  0.000  0.000  0.000  0.000 125
0072  0.003  0.004  0.008  0.002  0.003 127
0080  0.000  0.000  0.000  0.000  0.000 128
0088  0.003  0.004  0.008  0.002  0.003 122
0096  0.094  0.115  0.213  0.060  0.079 150
0104  0.699  0.763  0.931  0.559  0.647 319
0112  0.767  0.793  0.945  0.646  0.684 363
0120  0.770  0.776  0.945  0.650  0.658 365
