# File: bricks/skew Algorithm = FAST-BRIEF  skip 8 tolerance = 5.0
# (time tick) ( F ) ( F all inside) (precision) (recall) (recall all inside) (tracks)
0008  0.837  0.851  0.959  0.743  0.765 442
0016  0.765  0.811  0.941  0.644  0.713 391
0024  0.680  0.770  0.890  0.550  0.678 353
0032  0.568  0.706  0.814  0.436  0.624 306
0040  0.495  0.659  0.766  0.366  0.579 273
0048  0.378  0.552  0.665  0.264  0.472 227
0056  0.328  0.504  0.575  0.229  0.449 228
0064  0.253  0.414  0.497  0.170  0.354 195
0072  0.230  0.391  0.456  0.154  0.342 193
0080  0.186  0.318  0.387  0.123  0.270 181
0088  0.191  0.331  0.408  0.124  0.278 174
0096  0.135  0.234  0.276  0.089  0.204 185
0104  0.107  0.189  0.223  0.070  0.164 179
0112  0.082  0.153  0.183  0.053  0.132 164
