# File: bricks/move_in Algorithm = FAST-BRIEF  skip 8 tolerance = 5.0
# (time tick) ( F ) ( F all inside) (precision) (recall) (recall all inside) (tracks)
0008  0.761  0.761  0.941  0.638  0.638 304
0016  0.718  0.726  0.894  0.600  0.611 301
0024  0.671  0.705  0.886  0.540  0.585 273
0032  0.689  0.739  0.899  0.558  0.627 278
0040  0.660  0.725  0.903  0.520  0.605 258
0048  0.654  0.740  0.885  0.518  0.636 262
0056  0.562  0.652  0.808  0.431  0.547 239
0064  0.574  0.672  0.812  0.444  0.573 245
0072  0.510  0.622  0.752  0.386  0.531 230
0080  0.461  0.583  0.717  0.339  0.492 212
0088  0.426  0.566  0.690  0.308  0.479 200
0096  0.419  0.570  0.677  0.304  0.493 201
0104  0.377  0.513  0.635  0.268  0.430 189
0112  0.332  0.464  0.555  0.237  0.399 191
0120  0.249  0.368  0.450  0.172  0.312 171
0128  0.187  0.295  0.354  0.127  0.252 161
0136  0.107  0.182  0.215  0.071  0.158 149
0144  0.044  0.079  0.091  0.029  0.070 143
0152  0.027  0.052  0.056  0.018  0.049 142
0160  0.004  0.008  0.008  0.002  0.007 119
0168  0.003  0.008  0.008  0.002  0.008 132
0176  0.007  0.015  0.014  0.004  0.017 145
0184  0.003  0.008  0.008  0.002  0.009 132
0192  0.003  0.008  0.007  0.002  0.009 136
0200  0.000  0.000  0.000  0.000  0.000 133
0208  0.000  0.000  0.000  0.000  0.000 130
0216  0.000  0.000  0.000  0.000  0.000 135
0224  0.000  0.000  0.000  0.000  0.000 151
0232  0.000  0.000  0.000  0.000  0.000 148
0240  0.000  0.000  0.000  0.000  0.000 133
0248  0.000  0.000  0.000  0.000  0.000 124
0256  0.000  0.000  0.000  0.000  0.000 128
0264  0.000  0.000  0.000  0.000  0.000 123
