# GENERATOR DetectDescribeRegression
# Elapsed time in milliseconds

BoofSURF-Fast
                              N       Mean      P05      P50      P95      MAX
  bikes/                        6   141.41  106.689  127.605  167.404  195.884
  boat/                         6  128.871  115.513  118.643  141.651  147.436
  graf/                         6  127.965  119.316  128.066  130.525  139.018
  leuven/                       6  107.212  91.7763  102.655  114.471  123.173
  ubc/                          6  116.348  101.752  118.108   121.21   123.33
  trees/                        6  168.912  144.269  168.359  179.098  182.676
  wall/                         6  157.327  149.891  151.993  154.151  184.144
  bark/                         6  93.6459  89.7795  90.5928  96.9853   99.114

BoofSURF-Fast_Color
                              N       Mean      P05      P50      P95      MAX
  bikes/                        6  209.343  160.375   188.23  234.088  291.624
  boat/                         6  127.918  113.853   117.97  138.125   147.52
  graf/                         6  239.452   223.32  238.209  250.938  251.345
  leuven/                       6   189.82  153.249  181.551  210.358  233.497
  ubc/                          6  217.594  183.512  219.476  231.039  232.158
  trees/                        6  326.588  269.264  322.152  347.517  360.416
  wall/                         6  306.045  291.493   294.31  299.422  359.544
  bark/                         6  176.417  166.348  171.592  184.128  189.015

BoofSURF-Stable
                              N       Mean      P05      P50      P95      MAX
  bikes/                        6  269.479  196.224  242.077  299.615  377.033
  boat/                         6  311.306  258.265  277.078   351.01  378.443
  graf/                         6  327.483   300.56  333.843  338.962  342.759
  leuven/                       6  245.934  188.426  231.745  277.634   312.33
  ubc/                          6  297.409  237.029  303.817  320.118  325.105
  trees/                        6  447.799  353.656  439.526  483.854  500.721
  wall/                         6  426.319  407.559  409.163  418.246  502.985
  bark/                         6  242.788   228.62  232.264  257.095  259.208

BoofSURF-Stable_Color
                              N       Mean      P05      P50      P95      MAX
  bikes/                        6  391.674   245.07  347.082  456.137   589.69
  boat/                         6  310.981  258.374  276.663  349.005  377.571
  graf/                         6  507.252  464.147  507.161  533.845  536.016
  leuven/                       6  379.397  285.576  352.856  431.039  488.269
  ubc/                          6  454.581  352.093  464.436  494.195  504.756
  trees/                        6  695.827  547.594  684.005  750.297  782.886
  wall/                         6  662.893  624.696  638.355  651.205  783.688
  bark/                         6   371.63  348.154  350.831  393.269  401.514

BoofSIFT
                              N       Mean      P05      P50      P95      MAX
  bikes/                        6  321.428  283.116  303.501  311.014  433.433
  boat/                         6  296.068  286.352   295.31  299.853  304.585
  graf/                         6   197.12  184.942  196.998   200.65  205.361
  leuven/                       6   223.73   219.36  222.281  224.549  233.053
  ubc/                          6  296.298  269.294  300.173  304.073  307.654
  trees/                        6    374.9  341.333  379.216  384.063  387.058
  wall/                         6  389.566  361.478  386.444  389.931  427.724
  bark/                         6  261.749  252.776  261.424  262.168  277.852


Summary:
                              N       Mean      P05      P50      P95      MAX
  BoofSURF-Fast                48  130.211  90.5928  123.173  179.098  195.884
  BoofSURF-Fast_Color          48  224.147   117.97  219.476  338.452  360.416
  BoofSURF-Stable              48  321.065  210.551   312.33  472.215  502.985
  BoofSURF-Stable_Color        48  471.779  270.087  456.137  732.391  783.688
  BoofSIFT                     48  295.107  196.998   295.31  388.384  433.433
