# File: bricks/move_in Algorithm = KLT  skip 1 tolerance = 5.0
# (time tick) ( F ) ( F all inside) (precision) (recall) (recall all inside) (tracks)
0001  1.000  1.000  1.000  1.000  1.000 549
0002  1.000  1.000  1.000  1.000  1.000 549
0003  1.000  1.000  1.000  1.000  1.000 549
0004  1.000  1.000  1.000  1.000  1.000 549
0005  1.000  1.000  1.000  1.000  1.000 549
0006  1.000  1.000  1.000  1.000  1.000 549
0007  1.000  1.000  1.000  1.000  1.000 549
0008  1.000  1.000  1.000  1.000  1.000 549
0009  0.999  0.999  1.000  0.998  0.998 548
0010  0.999  0.999  1.000  0.998  0.998 548
0011  0.997  0.997  1.000  0.995  0.995 546
0012  0.997  0.997  1.000  0.995  0.995 546
0013  0.995  0.995  1.000  0.989  0.991 543
0014  0.990  0.992  1.000  0.980  0.984 538
0015  0.990  0.997  1.000  0.980  0.994 538
0016  0.986  0.994  0.998  0.974  0.989 536
0017  0.982  0.991  0.998  0.967  0.983 532
0018  0.979  0.991  0.998  0.960  0.983 528
0019  0.971  0.985  1.000  0.944  0.970 518
0020  0.969  0.988  1.000  0.940  0.975 516
0021  0.968  0.991  1.000  0.938  0.983 515
0022  0.967  0.991  1.000  0.936  0.983 514
0023  0.963  0.989  1.000  0.929  0.979 510
0024  0.959  0.985  1.000  0.922  0.971 506
0025  0.951  0.980  1.000  0.907  0.961 498
0026  0.949  0.982  1.000  0.903  0.965 496
0027  0.946  0.980  1.000  0.898  0.961 493
0028  0.946  0.980  1.000  0.898  0.961 493
0029  0.946  0.982  1.000  0.898  0.965 493
0030  0.946  0.986  1.000  0.898  0.972 493
0031  0.945  0.988  1.000  0.896  0.976 492
0032  0.945  0.988  1.000  0.896  0.976 492
0033  0.943  0.987  1.000  0.893  0.974 490
0034  0.943  0.990  1.000  0.893  0.980 490
0035  0.941  0.988  1.000  0.889  0.976 488
0036  0.939  0.988  1.000  0.885  0.976 486
0037  0.937  0.988  1.000  0.882  0.976 484
0038  0.935  0.986  1.000  0.878  0.972 482
0039  0.932  0.984  1.000  0.872  0.968 479
0040  0.931  0.984  1.000  0.871  0.968 478
0041  0.927  0.982  1.000  0.863  0.965 474
0042  0.927  0.982  1.000  0.863  0.965 474
0043  0.927  0.985  1.000  0.863  0.971 474
0044  0.927  0.988  1.000  0.863  0.975 474
0045  0.925  0.988  1.000  0.860  0.977 472
0046  0.925  0.990  1.000  0.860  0.979 472
0047  0.922  0.987  1.000  0.856  0.975 470
0048  0.921  0.986  1.000  0.854  0.973 469
0049  0.919  0.987  1.000  0.851  0.975 467
0050  0.919  0.992  1.000  0.851  0.983 467
0051  0.916  0.991  1.000  0.845  0.983 464
0052  0.914  0.992  1.000  0.842  0.985 462
0053  0.911  0.990  1.000  0.836  0.981 459
0054  0.909  0.990  1.000  0.832  0.981 457
0055  0.909  0.996  1.000  0.832  0.991 457
0056  0.907  0.996  1.000  0.831  0.991 456
0057  0.906  0.995  1.000  0.829  0.989 455
0058  0.905  0.993  1.000  0.827  0.987 454
0059  0.903  0.992  1.000  0.823  0.985 452
0060  0.901  0.990  1.000  0.820  0.980 450
0061  0.900  0.991  1.000  0.818  0.982 449
0062  0.899  0.990  1.000  0.816  0.980 448
0063  0.898  0.989  1.000  0.814  0.978 447
0064  0.896  0.989  1.000  0.812  0.978 446
0065  0.894  0.987  1.000  0.809  0.974 444
0066  0.893  0.989  1.000  0.807  0.978 443
0067  0.891  0.988  1.000  0.803  0.976 441
0068  0.891  0.990  1.000  0.803  0.980 441
0069  0.886  0.986  1.000  0.796  0.973 437
0070  0.883  0.984  1.000  0.791  0.969 434
0071  0.880  0.982  1.000  0.785  0.964 431
0072  0.878  0.986  1.000  0.783  0.973 430
0073  0.878  0.987  1.000  0.783  0.975 430
0074  0.877  0.990  1.000  0.781  0.979 429
0075  0.874  0.986  1.000  0.776  0.973 426
0076  0.873  0.987  1.000  0.774  0.975 425
0077  0.872  0.986  1.000  0.772  0.972 424
0078  0.869  0.985  1.000  0.769  0.970 422
0079  0.863  0.981  1.000  0.760  0.963 417
0080  0.862  0.982  1.000  0.758  0.965 416
0081  0.861  0.985  1.000  0.756  0.970 415
0082  0.861  0.987  1.000  0.756  0.974 415
0083  0.860  0.988  1.000  0.754  0.976 414
0084  0.856  0.988  1.000  0.749  0.976 411
0085  0.855  0.990  1.000  0.747  0.981 410
0086  0.848  0.984  1.000  0.736  0.969 404
0087  0.843  0.985  0.998  0.730  0.973 402
0088  0.837  0.984  0.997  0.721  0.971 397
0089  0.831  0.986  0.997  0.712  0.975 392
0090  0.827  0.985  1.000  0.705  0.970 387
0091  0.823  0.986  1.000  0.699  0.972 384
0092  0.819  0.986  1.000  0.694  0.972 381
0093  0.818  0.991  1.000  0.692  0.982 380
0094  0.812  0.988  1.000  0.683  0.977 375
0095  0.807  0.984  1.000  0.676  0.969 371
0096  0.803  0.985  1.000  0.670  0.971 368
0097  0.795  0.981  0.997  0.661  0.965 364
0098  0.793  0.984  0.997  0.658  0.970 362
0099  0.790  0.989  0.997  0.654  0.981 360
0100  0.789  0.990  1.000  0.652  0.981 358
0101  0.785  0.990  1.000  0.647  0.981 355
0102  0.779  0.983  1.000  0.638  0.967 350
0103  0.779  0.987  1.000  0.638  0.975 350
0104  0.779  0.990  1.000  0.638  0.980 350
0105  0.777  0.990  1.000  0.636  0.980 349
0106  0.777  0.993  1.000  0.636  0.986 349
0107  0.776  0.994  1.000  0.634  0.989 348
0108  0.775  0.993  1.000  0.632  0.986 347
0109  0.775  0.994  1.000  0.632  0.989 347
0110  0.772  0.993  1.000  0.628  0.986 345
0111  0.770  0.993  1.000  0.627  0.986 344
0112  0.766  0.988  1.000  0.621  0.977 341
0113  0.766  0.990  1.000  0.621  0.980 341
0114  0.765  0.990  1.000  0.619  0.980 340
0115  0.764  0.991  1.000  0.617  0.983 339
0116  0.762  0.991  1.000  0.616  0.983 338
0117  0.762  0.993  1.000  0.616  0.985 338
0118  0.762  0.993  1.000  0.616  0.985 338
0119  0.762  0.996  1.000  0.616  0.991 338
0120  0.761  0.996  1.000  0.614  0.991 337
0121  0.758  0.994  1.000  0.610  0.988 335
0122  0.749  0.988  1.000  0.599  0.976 329
0123  0.747  0.991  1.000  0.596  0.982 327
0124  0.742  0.991  1.000  0.590  0.982 324
0125  0.735  0.988  1.000  0.581  0.976 319
0126  0.729  0.987  1.000  0.574  0.975 315
0127  0.729  0.992  1.000  0.574  0.984 315
0128  0.726  0.991  1.000  0.570  0.981 313
0129  0.722  0.992  1.000  0.565  0.984 310
0130  0.717  0.989  1.000  0.559  0.978 307
0131  0.714  0.989  1.000  0.556  0.978 305
0132  0.710  0.990  1.000  0.550  0.981 302
0133  0.705  0.988  1.000  0.545  0.977 299
0134  0.704  0.992  1.000  0.543  0.983 298
0135  0.700  0.990  0.997  0.539  0.983 297
0136  0.694  0.988  0.997  0.532  0.980 293
0137  0.694  0.992  0.997  0.532  0.986 293
0138  0.692  0.991  0.997  0.530  0.986 292
0139  0.690  0.991  1.000  0.526  0.983 289
0140  0.679  0.983  1.000  0.514  0.966 282
0141  0.672  0.979  1.000  0.506  0.959 278
0142  0.669  0.979  1.000  0.503  0.958 276
0143  0.666  0.986  1.000  0.499  0.972 274
0144  0.659  0.980  1.000  0.492  0.961 270
0145  0.656  0.982  1.000  0.488  0.964 268
0146  0.653  0.989  1.000  0.485  0.978 266
0147  0.641  0.976  1.000  0.472  0.952 259
0148  0.634  0.975  1.000  0.464  0.951 255
0149  0.628  0.982  1.000  0.457  0.965 251
0150  0.621  0.982  1.000  0.450  0.965 247
0151  0.615  0.982  0.996  0.444  0.968 245
0152  0.614  0.992  1.000  0.443  0.984 243
0153  0.604  0.986  0.996  0.434  0.975 239
0154  0.599  0.981  0.996  0.428  0.967 236
0155  0.599  0.985  0.996  0.428  0.975 236
0156  0.599  0.994  0.996  0.428  0.992 236
0157  0.591  0.983  0.991  0.421  0.975 233
0158  0.587  0.985  0.991  0.417  0.979 231
0159  0.582  0.983  0.991  0.412  0.974 228
0160  0.574  0.982  0.991  0.404  0.974 224
0161  0.569  0.976  0.991  0.399  0.961 221
0162  0.554  0.964  0.981  0.386  0.946 216
0163  0.548  0.957  0.977  0.381  0.937 214
0164  0.541  0.958  0.981  0.373  0.936 209
0165  0.523  0.938  0.961  0.359  0.916 205
0166  0.519  0.944  0.961  0.355  0.929 203
0167  0.507  0.931  0.950  0.346  0.913 200
0168  0.508  0.938  0.955  0.346  0.922 199
0169  0.501  0.937  0.949  0.341  0.926 197
0170  0.491  0.926  0.948  0.332  0.905 192
0171  0.486  0.921  0.938  0.328  0.905 192
0172  0.484  0.927  0.937  0.326  0.918 191
0173  0.480  0.924  0.937  0.322  0.912 189
0174  0.474  0.919  0.926  0.319  0.911 189
0175  0.464  0.900  0.910  0.311  0.891 188
0176  0.460  0.899  0.914  0.308  0.885 185
0177  0.462  0.909  0.923  0.308  0.894 183
0178  0.459  0.903  0.918  0.306  0.889 183
0179  0.447  0.888  0.906  0.297  0.872 180
0180  0.447  0.891  0.906  0.297  0.876 180
0181  0.443  0.887  0.904  0.293  0.870 178
0182  0.441  0.889  0.904  0.291  0.874 177
0183  0.439  0.891  0.909  0.290  0.874 175
0184  0.434  0.880  0.897  0.286  0.863 175
0185  0.434  0.882  0.897  0.286  0.867 175
0186  0.432  0.886  0.897  0.284  0.876 174
0187  0.426  0.875  0.885  0.281  0.865 174
0188  0.425  0.877  0.895  0.279  0.860 171
0189  0.405  0.843  0.868  0.264  0.819 167
0190  0.396  0.839  0.865  0.257  0.815 163
0191  0.390  0.844  0.868  0.251  0.821 159
0192  0.383  0.844  0.865  0.246  0.823 156
0193  0.379  0.844  0.869  0.242  0.821 153
0194  0.363  0.827  0.847  0.231  0.809 150
0195  0.363  0.833  0.847  0.231  0.819 150
0196  0.358  0.825  0.839  0.228  0.812 149
0197  0.348  0.804  0.823  0.220  0.786 147
0198  0.342  0.796  0.810  0.217  0.783 147
0199  0.336  0.792  0.817  0.211  0.768 142
0200  0.319  0.759  0.786  0.200  0.733 140
0201  0.326  0.780  0.806  0.204  0.757 139
0202  0.312  0.759  0.781  0.195  0.738 137
0203  0.304  0.746  0.770  0.189  0.722 135
0204  0.302  0.749  0.769  0.188  0.730 134
0205  0.302  0.755  0.774  0.188  0.736 133
0206  0.297  0.754  0.771  0.184  0.737 131
0207  0.289  0.737  0.760  0.179  0.715 129
0208  0.290  0.751  0.772  0.179  0.731 127
0209  0.284  0.747  0.762  0.175  0.733 126
0210  0.285  0.750  0.768  0.175  0.733 125
0211  0.277  0.735  0.762  0.169  0.710 122
0212  0.277  0.744  0.762  0.169  0.727 122
0213  0.277  0.747  0.762  0.169  0.732 122
0214  0.277  0.747  0.762  0.169  0.732 122
0215  0.277  0.750  0.762  0.169  0.738 122
0216  0.272  0.737  0.752  0.166  0.722 121
0217  0.272  0.746  0.758  0.166  0.734 120
0218  0.264  0.743  0.752  0.160  0.733 117
0219  0.260  0.745  0.768  0.157  0.723 112
0220  0.244  0.717  0.748  0.146  0.690 107
0221  0.236  0.716  0.740  0.140  0.694 104
0222  0.227  0.708  0.725  0.135  0.692 102
0223  0.234  0.734  0.752  0.138  0.717 101
0224  0.220  0.706  0.732  0.129  0.683 97
0225  0.206  0.691  0.717  0.120  0.667 92
0226  0.201  0.707  0.727  0.117  0.688 88
0227  0.186  0.678  0.702  0.107  0.656 84
0228  0.169  0.639  0.663  0.097  0.616 80
0229  0.169  0.663  0.679  0.097  0.646 78
0230  0.157  0.632  0.645  0.089  0.620 76
0231  0.148  0.609  0.630  0.084  0.590 73
0232  0.138  0.589  0.597  0.078  0.581 72
0233  0.142  0.611  0.611  0.080  0.611 72
0234  0.139  0.601  0.606  0.078  0.597 71
0235  0.129  0.580  0.580  0.073  0.580 69
0236  0.117  0.529  0.529  0.066  0.529 68
0237  0.105  0.496  0.508  0.058  0.485 63
0238  0.098  0.472  0.484  0.055  0.462 62
0239  0.085  0.423  0.433  0.047  0.413 60
0240  0.086  0.433  0.448  0.047  0.419 58
0241  0.079  0.421  0.436  0.044  0.407 55
0242  0.076  0.422  0.434  0.042  0.411 53
0243  0.077  0.442  0.442  0.042  0.442 52
0244  0.064  0.384  0.396  0.035  0.373 48
0245  0.061  0.387  0.391  0.033  0.383 46
0246  0.061  0.391  0.400  0.033  0.383 45
0247  0.061  0.400  0.400  0.033  0.400 45
0248  0.061  0.404  0.400  0.033  0.409 45
0249  0.057  0.386  0.386  0.031  0.386 44
0250  0.057  0.391  0.386  0.031  0.395 44
0251  0.058  0.400  0.405  0.031  0.395 42
0252  0.054  0.386  0.390  0.029  0.381 41
0253  0.054  0.390  0.390  0.029  0.390 41
0254  0.044  0.329  0.333  0.024  0.325 39
0255  0.041  0.329  0.333  0.022  0.324 36
0256  0.038  0.301  0.306  0.020  0.297 36
0257  0.038  0.301  0.306  0.020  0.297 36
0258  0.038  0.314  0.314  0.020  0.314 35
0259  0.038  0.319  0.314  0.020  0.324 35
0260  0.038  0.324  0.324  0.020  0.324 34
0261  0.038  0.333  0.344  0.020  0.324 32
0262  0.034  0.303  0.313  0.018  0.294 32
0263  0.034  0.303  0.313  0.018  0.294 32
0264  0.034  0.308  0.323  0.018  0.294 31
0265  0.034  0.323  0.323  0.018  0.323 31
0266  0.028  0.262  0.267  0.015  0.258 30
0267  0.031  0.295  0.300  0.016  0.290 30
