# File: bricks/skew Algorithm = KLT  skip 8 tolerance = 5.0
# (time tick) ( F ) ( F all inside) (precision) (recall) (recall all inside) (tracks)
0008  0.939  0.945  0.998  0.888  0.898 451
0016  0.917  0.945  0.991  0.854  0.904 437
0024  0.862  0.934  0.987  0.765  0.886 393
0032  0.515  0.617  0.967  0.351  0.453 184
0040  0.504  0.667  0.977  0.339  0.506 176
0048  0.431  0.631  0.959  0.278  0.470 147
0056  0.416  0.635  0.971  0.264  0.472 138
0064  0.408  0.650  0.970  0.258  0.489 135
0072  0.363  0.626  0.983  0.223  0.459 115
0080  0.363  0.630  0.983  0.223  0.463 115
0088  0.338  0.591  0.963  0.205  0.426 108
0096  0.220  0.414  0.969  0.124  0.264 65
0104  0.217  0.435  0.954  0.122  0.282 65
0112  0.208  0.428  0.967  0.116  0.274 61
