# File: bricks/move_in Algorithm = KLT  skip 8 tolerance = 5.0
# (time tick) ( F ) ( F all inside) (precision) (recall) (recall all inside) (tracks)
0008  0.998  0.998  1.000  0.996  0.996 547
0016  0.953  0.960  0.983  0.925  0.939 517
0024  0.921  0.947  0.990  0.862  0.908 478
0032  0.917  0.959  0.996  0.851  0.925 469
0040  0.903  0.954  0.991  0.829  0.919 459
0048  0.897  0.962  0.991  0.820  0.934 454
0056  0.889  0.977  0.993  0.805  0.961 445
0064  0.876  0.967  0.991  0.785  0.945 435
0072  0.843  0.949  0.981  0.740  0.919 414
0080  0.836  0.954  0.990  0.723  0.921 401
0088  0.808  0.951  0.984  0.685  0.919 382
0096  0.768  0.945  0.986  0.628  0.908 350
0104  0.754  0.961  0.991  0.608  0.933 337
0112  0.749  0.968  0.994  0.601  0.943 332
0120  0.738  0.968  0.994  0.587  0.944 324
0128  0.693  0.953  0.990  0.534  0.918 296
0136  0.666  0.954  0.979  0.505  0.930 283
0144  0.635  0.945  0.970  0.472  0.922 267
0152  0.598  0.961  0.971  0.432  0.952 244
0160  0.544  0.941  0.976  0.377  0.908 212
0168  0.479  0.890  0.918  0.324  0.864 194
0176  0.436  0.859  0.898  0.288  0.823 176
0184  0.417  0.847  0.877  0.273  0.820 171
0192  0.366  0.806  0.827  0.235  0.787 156
0200  0.299  0.721  0.767  0.186  0.680 133
0208  0.271  0.711  0.746  0.166  0.679 122
0216  0.256  0.705  0.739  0.155  0.675 115
0224  0.177  0.599  0.675  0.102  0.538 83
0232  0.123  0.539  0.567  0.069  0.514 67
0240  0.073  0.389  0.431  0.040  0.355 51
0248  0.048  0.341  0.368  0.026  0.318 38
0256  0.031  0.261  0.281  0.016  0.243 32
0264  0.028  0.254  0.276  0.015  0.235 29
