# File: bricks/rotate Algorithm = KLT  skip 8 tolerance = 5.0
# (time tick) ( F ) ( F all inside) (precision) (recall) (recall all inside) (tracks)
0008  0.704  0.720  1.000  0.543  0.562 275
0016  0.456  0.486  0.987  0.296  0.323 152
0024  0.278  0.314  0.976  0.162  0.187 84
0032  0.236  0.280  0.971  0.134  0.163 70
0040  0.125  0.156  0.944  0.067  0.085 36
0048  0.111  0.144  0.882  0.059  0.078 34
0056  0.100  0.135  0.844  0.053  0.073 32
0064  0.100  0.135  0.844  0.053  0.073 32
0072  0.093  0.126  0.862  0.049  0.068 29
0080  0.069  0.095  1.000  0.036  0.050 18
0088  0.069  0.096  1.000  0.036  0.050 18
0096  0.031  0.044  1.000  0.016  0.022 8
0104  0.031  0.044  1.000  0.016  0.022 8
0112  0.031  0.044  1.000  0.016  0.022 8
0120  0.031  0.044  1.000  0.016  0.022 8
