# File: bricks/rotate Algorithm = KLT  skip 1 tolerance = 5.0
# (time tick) ( F ) ( F all inside) (precision) (recall) (recall all inside) (tracks)
0001  0.994  0.994  1.000  0.988  0.988 500
0002  0.989  0.993  1.000  0.978  0.986 495
0003  0.982  0.993  1.000  0.964  0.986 488
0004  0.978  0.994  0.998  0.958  0.990 486
0005  0.977  0.995  0.998  0.957  0.992 485
0006  0.974  0.992  0.998  0.951  0.986 482
0007  0.973  0.992  0.998  0.949  0.986 481
0008  0.974  0.994  1.000  0.949  0.988 480
0009  0.973  0.993  1.000  0.947  0.986 479
0010  0.965  0.986  1.000  0.933  0.973 472
0011  0.960  0.987  1.000  0.923  0.975 467
0012  0.944  0.974  0.998  0.895  0.952 454
0013  0.937  0.973  0.996  0.885  0.951 450
0014  0.937  0.978  0.996  0.885  0.961 450
0015  0.937  0.979  0.996  0.885  0.963 450
0016  0.930  0.975  0.991  0.875  0.959 447
0017  0.924  0.974  0.993  0.864  0.956 440
0018  0.924  0.976  0.995  0.862  0.958 438
0019  0.916  0.973  0.998  0.846  0.949 429
0020  0.912  0.970  0.995  0.842  0.947 428
0021  0.910  0.971  0.993  0.840  0.951 428
0022  0.907  0.976  0.993  0.834  0.959 425
0023  0.901  0.972  0.991  0.826  0.954 422
0024  0.898  0.972  0.993  0.820  0.952 418
0025  0.895  0.969  0.993  0.814  0.947 415
0026  0.891  0.973  0.993  0.808  0.953 412
0027  0.886  0.971  0.993  0.800  0.951 408
0028  0.884  0.975  0.993  0.796  0.957 406
0029  0.880  0.973  0.993  0.791  0.955 403
0030  0.875  0.969  0.992  0.783  0.947 399
0031  0.875  0.971  0.992  0.783  0.950 399
0032  0.867  0.963  0.985  0.775  0.942 398
0033  0.868  0.965  0.990  0.773  0.942 395
0034  0.865  0.966  0.990  0.769  0.944 393
0035  0.865  0.968  0.990  0.769  0.946 393
0036  0.857  0.962  0.985  0.759  0.941 390
0037  0.840  0.946  0.971  0.739  0.921 385
0038  0.828  0.939  0.961  0.727  0.918 383
0039  0.819  0.932  0.955  0.717  0.910 380
0040  0.814  0.929  0.955  0.709  0.904 376
0041  0.806  0.924  0.947  0.702  0.903 375
0042  0.805  0.925  0.954  0.696  0.898 369
0043  0.798  0.921  0.946  0.690  0.897 369
0044  0.792  0.920  0.940  0.684  0.901 368
0045  0.791  0.925  0.945  0.680  0.905 364
0046  0.788  0.927  0.945  0.676  0.910 362
0047  0.769  0.907  0.932  0.654  0.883 355
0048  0.762  0.900  0.929  0.646  0.872 352
0049  0.761  0.901  0.929  0.644  0.874 351
0050  0.757  0.900  0.926  0.640  0.876 350
0051  0.750  0.893  0.917  0.634  0.870 350
0052  0.742  0.887  0.911  0.626  0.864 348
0053  0.733  0.877  0.907  0.615  0.850 343
0054  0.727  0.871  0.906  0.607  0.839 339
0055  0.720  0.869  0.897  0.601  0.842 339
0056  0.718  0.868  0.896  0.599  0.842 338
0057  0.716  0.868  0.893  0.597  0.844 338
0058  0.713  0.866  0.891  0.595  0.843 338
0059  0.716  0.869  0.893  0.597  0.846 338
0060  0.720  0.875  0.899  0.601  0.852 338
0061  0.727  0.883  0.908  0.607  0.860 338
0062  0.727  0.883  0.908  0.607  0.860 338
0063  0.725  0.881  0.905  0.605  0.857 338
0064  0.727  0.883  0.908  0.607  0.860 338
0065  0.730  0.886  0.911  0.609  0.863 338
0066  0.725  0.884  0.905  0.605  0.864 338
0067  0.725  0.884  0.905  0.605  0.864 338
0068  0.727  0.887  0.908  0.607  0.867 338
0069  0.730  0.890  0.911  0.609  0.870 338
0070  0.732  0.893  0.914  0.611  0.873 338
0071  0.740  0.903  0.926  0.617  0.881 337
0072  0.741  0.904  0.929  0.617  0.881 336
0073  0.739  0.901  0.926  0.615  0.879 336
0074  0.748  0.913  0.938  0.623  0.890 336
0075  0.751  0.917  0.940  0.625  0.895 336
0076  0.749  0.916  0.940  0.623  0.892 335
0077  0.747  0.914  0.943  0.619  0.887 332
0078  0.752  0.922  0.949  0.623  0.897 332
0079  0.749  0.921  0.946  0.621  0.897 332
0080  0.755  0.929  0.955  0.625  0.905 331
0081  0.756  0.931  0.958  0.625  0.905 330
0082  0.763  0.940  0.967  0.630  0.914 330
0083  0.764  0.941  0.970  0.630  0.914 329
0084  0.763  0.939  0.970  0.628  0.911 328
0085  0.767  0.948  0.976  0.632  0.922 328
0086  0.767  0.950  0.976  0.632  0.925 328
0087  0.766  0.949  0.976  0.630  0.925 327
0088  0.766  0.949  0.976  0.630  0.925 327
0089  0.764  0.948  0.975  0.628  0.922 326
0090  0.763  0.948  0.975  0.626  0.922 325
0091  0.763  0.948  0.975  0.626  0.922 325
0092  0.759  0.943  0.972  0.623  0.916 324
0093  0.759  0.943  0.972  0.623  0.916 324
0094  0.759  0.943  0.972  0.623  0.916 324
0095  0.757  0.940  0.969  0.621  0.913 324
0096  0.754  0.937  0.966  0.619  0.910 324
0097  0.754  0.937  0.966  0.619  0.910 324
0098  0.754  0.937  0.966  0.619  0.910 324
0099  0.752  0.934  0.963  0.617  0.907 324
0100  0.754  0.937  0.966  0.619  0.910 324
0101  0.754  0.937  0.966  0.619  0.910 324
0102  0.757  0.940  0.969  0.621  0.913 324
0103  0.757  0.940  0.969  0.621  0.913 324
0104  0.757  0.940  0.969  0.621  0.913 324
0105  0.757  0.940  0.969  0.621  0.913 324
0106  0.757  0.940  0.969  0.621  0.913 324
0107  0.757  0.940  0.969  0.621  0.913 324
0108  0.757  0.940  0.969  0.621  0.913 324
0109  0.757  0.940  0.969  0.621  0.913 324
0110  0.754  0.937  0.966  0.619  0.910 324
0111  0.757  0.940  0.969  0.621  0.913 324
0112  0.754  0.937  0.966  0.619  0.910 324
0113  0.754  0.937  0.966  0.619  0.910 324
0114  0.754  0.937  0.966  0.619  0.910 324
0115  0.757  0.940  0.969  0.621  0.913 324
0116  0.754  0.937  0.966  0.619  0.910 324
0117  0.757  0.940  0.969  0.621  0.913 324
0118  0.757  0.940  0.969  0.621  0.913 324
0119  0.757  0.940  0.969  0.621  0.913 324
0120  0.754  0.937  0.966  0.619  0.910 324
0121  0.754  0.937  0.966  0.619  0.910 324
0122  0.754  0.937  0.966  0.619  0.910 324
0123  0.754  0.937  0.966  0.619  0.910 324
0124  0.754  0.937  0.966  0.619  0.910 324
0125  0.754  0.937  0.966  0.619  0.910 324
0126  0.757  0.940  0.969  0.621  0.913 324
0127  0.757  0.940  0.969  0.621  0.913 324
