# File: bricks/move_in Algorithm = KLT  skip 4 tolerance = 5.0
# (time tick) ( F ) ( F all inside) (precision) (recall) (recall all inside) (tracks)
0004  1.000  1.000  1.000  1.000  1.000 549
0008  0.999  0.999  1.000  0.998  0.998 548
0012  0.997  0.997  1.000  0.995  0.995 546
0016  0.984  0.992  1.000  0.969  0.983 532
0020  0.961  0.980  1.000  0.925  0.960 508
0024  0.952  0.978  0.998  0.911  0.960 501
0028  0.942  0.975  0.998  0.893  0.953 491
0032  0.939  0.982  0.998  0.887  0.966 488
0036  0.934  0.983  1.000  0.876  0.966 481
0040  0.924  0.976  0.998  0.860  0.955 473
0044  0.921  0.981  0.998  0.854  0.965 470
0048  0.914  0.979  0.998  0.843  0.961 464
0052  0.908  0.986  0.998  0.832  0.974 458
0056  0.900  0.988  0.998  0.820  0.978 451
0060  0.897  0.986  0.998  0.814  0.974 448
0064  0.893  0.986  1.000  0.807  0.971 443
0068  0.886  0.984  0.995  0.798  0.973 440
0072  0.869  0.976  0.988  0.776  0.964 431
0076  0.867  0.981  0.998  0.767  0.966 422
0080  0.854  0.974  0.995  0.749  0.954 413
0084  0.842  0.972  1.000  0.727  0.945 399
0088  0.828  0.972  0.995  0.709  0.951 391
0092  0.813  0.977  0.995  0.687  0.959 379
0096  0.785  0.964  0.989  0.650  0.939 361
0100  0.769  0.964  0.980  0.632  0.948 354
0104  0.770  0.977  0.989  0.630  0.966 350
0108  0.766  0.980  0.988  0.625  0.972 347
0112  0.759  0.977  0.988  0.616  0.966 342
0116  0.754  0.979  0.991  0.608  0.968 337
0120  0.749  0.981  0.994  0.601  0.968 332
0124  0.727  0.972  0.988  0.576  0.958 320
0128  0.716  0.978  0.990  0.561  0.966 311
0132  0.703  0.980  0.990  0.545  0.971 302
0136  0.683  0.975  0.986  0.523  0.963 291
0140  0.669  0.970  0.993  0.505  0.949 279
0144  0.645  0.960  0.981  0.481  0.940 269
0148  0.618  0.947  0.969  0.454  0.926 257
0152  0.604  0.974  0.984  0.435  0.964 243
0156  0.586  0.974  0.987  0.417  0.962 232
0160  0.554  0.953  0.977  0.386  0.930 217
0164  0.521  0.929  0.966  0.357  0.895 203
0168  0.495  0.914  0.930  0.337  0.898 199
0172  0.471  0.902  0.916  0.317  0.888 190
0176  0.444  0.869  0.895  0.295  0.844 181
0180  0.438  0.874  0.898  0.290  0.850 177
0184  0.428  0.866  0.886  0.282  0.847 175
0188  0.415  0.859  0.882  0.271  0.837 169
0192  0.373  0.817  0.830  0.240  0.805 159
0196  0.341  0.785  0.799  0.217  0.773 149
0200  0.311  0.740  0.770  0.195  0.713 139
0204  0.288  0.718  0.742  0.179  0.695 132
0208  0.279  0.726  0.752  0.171  0.701 125
0212  0.269  0.729  0.756  0.164  0.703 119
0216  0.261  0.713  0.737  0.158  0.690 118
0220  0.235  0.697  0.733  0.140  0.664 105
0224  0.209  0.684  0.728  0.122  0.644 92
0228  0.172  0.651  0.675  0.098  0.628 80
0232  0.142  0.611  0.629  0.080  0.595 70
0236  0.111  0.519  0.540  0.062  0.500 63
0240  0.086  0.452  0.491  0.047  0.419 53
0244  0.070  0.424  0.438  0.038  0.412 48
0248  0.061  0.409  0.409  0.033  0.409 44
0252  0.047  0.337  0.341  0.026  0.333 41
0256  0.027  0.225  0.235  0.015  0.216 34
0260  0.024  0.212  0.219  0.013  0.206 32
0264  0.028  0.250  0.267  0.015  0.235 30
