# File: bricks/skew Algorithm = KLT  skip 4 tolerance = 5.0
# (time tick) ( F ) ( F all inside) (precision) (recall) (recall all inside) (tracks)
0004  0.965  0.967  0.996  0.937  0.941 477
0008  0.961  0.967  0.996  0.929  0.940 473
0012  0.958  0.971  0.994  0.925  0.949 472
0016  0.926  0.954  0.995  0.866  0.916 441
0020  0.913  0.962  0.984  0.852  0.941 439
0024  0.874  0.949  0.990  0.783  0.911 401
0028  0.785  0.891  0.979  0.655  0.818 339
0032  0.756  0.880  0.984  0.613  0.795 316
0036  0.737  0.889  0.977  0.592  0.815 307
0040  0.712  0.904  0.983  0.558  0.837 288
0044  0.691  0.917  0.978  0.535  0.863 277
0048  0.672  0.920  0.981  0.511  0.866 264
0052  0.646  0.905  0.980  0.481  0.841 249
0056  0.639  0.909  0.976  0.475  0.852 247
0060  0.636  0.914  0.976  0.471  0.860 245
0064  0.605  0.899  0.978  0.438  0.831 227
0068  0.550  0.870  0.980  0.383  0.782 198
0072  0.542  0.868  0.979  0.375  0.779 194
0076  0.524  0.848  0.973  0.359  0.752 187
0080  0.527  0.853  0.979  0.361  0.756 187
0084  0.527  0.853  0.979  0.361  0.756 187
0088  0.523  0.848  0.978  0.357  0.748 185
0092  0.509  0.831  0.983  0.343  0.719 177
0096  0.495  0.822  0.977  0.331  0.709 172
0100  0.490  0.832  0.971  0.327  0.728 171
0104  0.475  0.835  0.975  0.314  0.729 163
0108  0.464  0.828  0.981  0.304  0.716 157
0112  0.464  0.832  0.981  0.304  0.723 157
0116  0.459  0.826  0.981  0.300  0.714 155
