# File: bricks/move_out Algorithm = KLT  skip 1 tolerance = 5.0
# (time tick) ( F ) ( F all inside) (precision) (recall) (recall all inside) (tracks)
0001  1.000  1.000  1.000  1.000  1.000 546
0002  1.000  1.000  1.000  1.000  1.000 546
0003  1.000  1.000  1.000  1.000  1.000 546
0004  1.000  1.000  1.000  1.000  1.000 546
0005  1.000  1.000  1.000  1.000  1.000 546
0006  1.000  1.000  1.000  1.000  1.000 546
0007  1.000  1.000  1.000  1.000  1.000 546
0008  1.000  1.000  1.000  1.000  1.000 546
0009  1.000  1.000  1.000  1.000  1.000 546
0010  1.000  1.000  1.000  1.000  1.000 546
0011  1.000  1.000  1.000  1.000  1.000 546
0012  1.000  1.000  1.000  1.000  1.000 546
0013  1.000  1.000  1.000  1.000  1.000 546
0014  1.000  1.000  1.000  1.000  1.000 546
0015  1.000  1.000  1.000  1.000  1.000 546
0016  1.000  1.000  1.000  1.000  1.000 546
0017  1.000  1.000  1.000  1.000  1.000 546
0018  1.000  1.000  1.000  1.000  1.000 546
0019  1.000  1.000  1.000  1.000  1.000 546
0020  1.000  1.000  1.000  1.000  1.000 546
0021  1.000  1.000  1.000  1.000  1.000 546
0022  1.000  1.000  1.000  1.000  1.000 546
0023  1.000  1.000  1.000  1.000  1.000 546
0024  1.000  1.000  1.000  1.000  1.000 546
0025  1.000  1.000  1.000  1.000  1.000 546
0026  1.000  1.000  1.000  1.000  1.000 546
0027  1.000  1.000  1.000  1.000  1.000 546
0028  1.000  1.000  1.000  1.000  1.000 546
0029  1.000  1.000  1.000  1.000  1.000 546
0030  1.000  1.000  1.000  1.000  1.000 546
0031  1.000  1.000  1.000  1.000  1.000 546
0032  1.000  1.000  1.000  1.000  1.000 546
0033  1.000  1.000  1.000  1.000  1.000 546
0034  1.000  1.000  1.000  1.000  1.000 546
0035  1.000  1.000  1.000  1.000  1.000 546
0036  1.000  1.000  1.000  1.000  1.000 546
0037  1.000  1.000  1.000  1.000  1.000 546
0038  1.000  1.000  1.000  1.000  1.000 546
0039  1.000  1.000  1.000  1.000  1.000 546
0040  1.000  1.000  1.000  1.000  1.000 546
0041  1.000  1.000  1.000  1.000  1.000 546
0042  1.000  1.000  1.000  1.000  1.000 546
0043  1.000  1.000  1.000  1.000  1.000 546
0044  1.000  1.000  1.000  1.000  1.000 546
0045  1.000  1.000  1.000  1.000  1.000 546
0046  1.000  1.000  1.000  1.000  1.000 546
0047  1.000  1.000  1.000  1.000  1.000 546
0048  1.000  1.000  1.000  1.000  1.000 546
0049  1.000  1.000  1.000  1.000  1.000 546
0050  1.000  1.000  1.000  1.000  1.000 546
0051  1.000  1.000  1.000  1.000  1.000 546
0052  1.000  1.000  1.000  1.000  1.000 546
0053  1.000  1.000  1.000  1.000  1.000 546
0054  1.000  1.000  1.000  1.000  1.000 546
0055  1.000  1.000  1.000  1.000  1.000 546
0056  1.000  1.000  1.000  1.000  1.000 546
0057  1.000  1.000  1.000  1.000  1.000 546
0058  1.000  1.000  1.000  1.000  1.000 546
0059  1.000  1.000  1.000  1.000  1.000 546
0060  1.000  1.000  1.000  1.000  1.000 546
0061  1.000  1.000  1.000  1.000  1.000 546
0062  1.000  1.000  1.000  1.000  1.000 546
0063  1.000  1.000  1.000  1.000  1.000 546
0064  1.000  1.000  1.000  1.000  1.000 546
0065  1.000  1.000  1.000  1.000  1.000 546
0066  1.000  1.000  1.000  1.000  1.000 546
0067  1.000  1.000  1.000  1.000  1.000 546
0068  1.000  1.000  1.000  1.000  1.000 546
0069  1.000  1.000  1.000  1.000  1.000 546
0070  1.000  1.000  1.000  1.000  1.000 546
0071  1.000  1.000  1.000  1.000  1.000 546
0072  1.000  1.000  1.000  1.000  1.000 546
0073  1.000  1.000  1.000  1.000  1.000 546
0074  1.000  1.000  1.000  1.000  1.000 546
0075  1.000  1.000  1.000  1.000  1.000 546
0076  1.000  1.000  1.000  1.000  1.000 546
0077  1.000  1.000  1.000  1.000  1.000 546
0078  1.000  1.000  1.000  1.000  1.000 546
0079  1.000  1.000  1.000  1.000  1.000 546
0080  1.000  1.000  1.000  1.000  1.000 546
0081  1.000  1.000  1.000  1.000  1.000 546
0082  1.000  1.000  1.000  1.000  1.000 546
0083  1.000  1.000  1.000  1.000  1.000 546
0084  1.000  1.000  1.000  1.000  1.000 546
0085  1.000  1.000  1.000  1.000  1.000 546
0086  1.000  1.000  1.000  1.000  1.000 546
0087  1.000  1.000  1.000  1.000  1.000 546
0088  1.000  1.000  1.000  1.000  1.000 546
0089  1.000  1.000  1.000  1.000  1.000 546
0090  1.000  1.000  1.000  1.000  1.000 546
0091  1.000  1.000  1.000  1.000  1.000 546
0092  1.000  1.000  1.000  1.000  1.000 546
0093  1.000  1.000  1.000  1.000  1.000 546
0094  1.000  1.000  1.000  1.000  1.000 546
0095  1.000  1.000  1.000  1.000  1.000 546
0096  1.000  1.000  1.000  1.000  1.000 546
0097  1.000  1.000  1.000  1.000  1.000 546
0098  1.000  1.000  1.000  1.000  1.000 546
0099  1.000  1.000  1.000  1.000  1.000 546
0100  1.000  1.000  1.000  1.000  1.000 546
0101  1.000  1.000  1.000  1.000  1.000 546
0102  1.000  1.000  1.000  1.000  1.000 546
0103  1.000  1.000  1.000  1.000  1.000 546
0104  1.000  1.000  1.000  1.000  1.000 546
0105  1.000  1.000  1.000  1.000  1.000 546
0106  1.000  1.000  1.000  1.000  1.000 546
0107  1.000  1.000  1.000  1.000  1.000 546
0108  1.000  1.000  1.000  1.000  1.000 546
0109  1.000  1.000  1.000  1.000  1.000 546
0110  1.000  1.000  1.000  1.000  1.000 546
0111  1.000  1.000  1.000  1.000  1.000 546
0112  1.000  1.000  1.000  1.000  1.000 546
0113  1.000  1.000  1.000  1.000  1.000 546
0114  1.000  1.000  1.000  1.000  1.000 546
0115  1.000  1.000  1.000  1.000  1.000 546
0116  1.000  1.000  1.000  1.000  1.000 546
0117  1.000  1.000  1.000  1.000  1.000 546
0118  1.000  1.000  1.000  1.000  1.000 546
0119  1.000  1.000  1.000  1.000  1.000 546
0120  1.000  1.000  1.000  1.000  1.000 546
0121  1.000  1.000  1.000  1.000  1.000 546
0122  1.000  1.000  1.000  1.000  1.000 546
0123  1.000  1.000  1.000  1.000  1.000 546
0124  1.000  1.000  1.000  1.000  1.000 546
0125  1.000  1.000  1.000  1.000  1.000 546
0126  1.000  1.000  1.000  1.000  1.000 546
0127  1.000  1.000  1.000  1.000  1.000 546
0128  1.000  1.000  1.000  1.000  1.000 546
0129  1.000  1.000  1.000  1.000  1.000 546
0130  1.000  1.000  1.000  1.000  1.000 546
0131  1.000  1.000  1.000  1.000  1.000 546
0132  1.000  1.000  1.000  1.000  1.000 546
0133  1.000  1.000  1.000  1.000  1.000 546
0134  1.000  1.000  1.000  1.000  1.000 546
0135  1.000  1.000  1.000  1.000  1.000 546
0136  1.000  1.000  1.000  1.000  1.000 546
0137  1.000  1.000  1.000  1.000  1.000 546
0138  1.000  1.000  1.000  1.000  1.000 546
0139  1.000  1.000  1.000  1.000  1.000 546
0140  1.000  1.000  1.000  1.000  1.000 546
0141  1.000  1.000  1.000  1.000  1.000 546
0142  1.000  1.000  1.000  1.000  1.000 546
0143  1.000  1.000  1.000  1.000  1.000 546
0144  1.000  1.000  1.000  1.000  1.000 546
0145  1.000  1.000  1.000  1.000  1.000 546
0146  1.000  1.000  1.000  1.000  1.000 546
0147  1.000  1.000  1.000  1.000  1.000 546
0148  1.000  1.000  1.000  1.000  1.000 546
0149  1.000  1.000  1.000  1.000  1.000 546
0150  1.000  1.000  1.000  1.000  1.000 546
0151  1.000  1.000  1.000  1.000  1.000 546
0152  1.000  1.000  1.000  1.000  1.000 546
0153  1.000  1.000  1.000  1.000  1.000 546
0154  1.000  1.000  1.000  1.000  1.000 546
0155  1.000  1.000  1.000  1.000  1.000 546
0156  1.000  1.000  1.000  1.000  1.000 546
0157  1.000  1.000  1.000  1.000  1.000 546
0158  1.000  1.000  1.000  1.000  1.000 546
0159  1.000  1.000  1.000  1.000  1.000 546
0160  1.000  1.000  1.000  1.000  1.000 546
0161  1.000  1.000  1.000  1.000  1.000 546
0162  1.000  1.000  1.000  1.000  1.000 546
0163  1.000  1.000  1.000  1.000  1.000 546
0164  1.000  1.000  1.000  1.000  1.000 546
0165  1.000  1.000  1.000  1.000  1.000 546
0166  1.000  1.000  1.000  1.000  1.000 546
0167  1.000  1.000  1.000  1.000  1.000 546
0168  1.000  1.000  1.000  1.000  1.000 546
0169  1.000  1.000  1.000  1.000  1.000 546
0170  1.000  1.000  1.000  1.000  1.000 546
0171  1.000  1.000  1.000  1.000  1.000 546
0172  1.000  1.000  1.000  1.000  1.000 546
0173  1.000  1.000  1.000  1.000  1.000 546
