# File: bricks/rotate Algorithm = KLT  skip 4 tolerance = 5.0
# (time tick) ( F ) ( F all inside) (precision) (recall) (recall all inside) (tracks)
0004  0.783  0.799  0.994  0.646  0.667 329
0008  0.774  0.793  0.994  0.634  0.659 323
0012  0.737  0.764  0.990  0.587  0.623 300
0016  0.727  0.769  0.990  0.575  0.629 294
0020  0.719  0.772  0.993  0.563  0.632 287
0024  0.690  0.757  0.989  0.530  0.613 271
0028  0.668  0.752  0.985  0.506  0.608 260
0032  0.661  0.750  0.984  0.498  0.606 256
0036  0.641  0.736  0.972  0.478  0.592 249
0040  0.541  0.635  0.928  0.381  0.483 208
0044  0.510  0.613  0.900  0.356  0.465 200
0048  0.494  0.600  0.887  0.342  0.453 195
0052  0.487  0.601  0.885  0.336  0.455 192
0056  0.480  0.600  0.879  0.330  0.455 190
0060  0.480  0.603  0.879  0.330  0.459 190
0064  0.483  0.608  0.889  0.332  0.462 189
0068  0.478  0.605  0.883  0.328  0.460 188
0072  0.480  0.608  0.897  0.328  0.460 185
0076  0.478  0.610  0.911  0.324  0.458 180
0080  0.443  0.574  0.930  0.291  0.415 158
0084  0.444  0.576  0.942  0.291  0.415 156
0088  0.436  0.569  0.935  0.285  0.409 154
0092  0.421  0.552  0.945  0.271  0.390 145
0096  0.407  0.536  0.949  0.259  0.373 138
0100  0.404  0.533  0.949  0.257  0.370 137
0104  0.404  0.533  0.949  0.257  0.370 137
0108  0.401  0.529  0.942  0.255  0.368 137
0112  0.401  0.529  0.942  0.255  0.368 137
0116  0.401  0.529  0.942  0.255  0.368 137
0120  0.401  0.529  0.942  0.255  0.368 137
0124  0.401  0.529  0.942  0.255  0.368 137
