# File: bricks/move_out Algorithm = KLT  skip 8 tolerance = 5.0
# (time tick) ( F ) ( F all inside) (precision) (recall) (recall all inside) (tracks)
0008  0.894  0.894  0.998  0.810  0.810 443
0016  0.885  0.885  0.998  0.795  0.795 435
0024  0.885  0.885  0.998  0.795  0.795 435
0032  0.885  0.885  0.998  0.795  0.795 435
0040  0.885  0.885  0.998  0.795  0.795 435
0048  0.883  0.883  0.995  0.793  0.793 435
0056  0.885  0.885  0.998  0.795  0.795 435
0064  0.883  0.883  0.995  0.793  0.793 435
0072  0.885  0.885  0.998  0.795  0.795 435
0080  0.885  0.885  0.998  0.795  0.795 435
0088  0.885  0.885  0.998  0.795  0.795 435
0096  0.885  0.885  0.998  0.795  0.795 435
0104  0.885  0.885  0.998  0.795  0.795 435
0112  0.885  0.885  0.998  0.795  0.795 435
0120  0.885  0.885  0.998  0.795  0.795 435
0128  0.885  0.885  0.998  0.795  0.795 435
0136  0.885  0.885  0.998  0.795  0.795 435
0144  0.885  0.885  0.998  0.795  0.795 435
0152  0.885  0.885  0.998  0.795  0.795 435
0160  0.885  0.885  0.998  0.795  0.795 435
0168  0.885  0.885  0.998  0.795  0.795 435
