# File: bricks/skew Algorithm = KLT  skip 1 tolerance = 5.0
# (time tick) ( F ) ( F all inside) (precision) (recall) (recall all inside) (tracks)
0001  1.000  1.000  1.000  1.000  1.000 507
0002  0.998  0.999  1.000  0.996  0.998 505
0003  0.997  0.998  1.000  0.994  0.996 504
0004  0.995  0.997  1.000  0.990  0.994 502
0005  0.994  0.999  1.000  0.988  0.998 501
0006  0.993  0.998  1.000  0.986  0.996 500
0007  0.991  0.997  1.000  0.982  0.994 498
0008  0.989  0.995  1.000  0.978  0.990 496
0009  0.988  0.994  1.000  0.976  0.988 495
0010  0.987  0.996  1.000  0.974  0.992 494
0011  0.986  0.995  1.000  0.972  0.990 493
0012  0.982  0.995  1.000  0.964  0.990 489
0013  0.976  0.992  1.000  0.953  0.984 483
0014  0.967  0.993  1.000  0.937  0.985 475
0015  0.967  0.995  1.000  0.937  0.990 475
0016  0.960  0.988  1.000  0.923  0.977 468
0017  0.956  0.990  1.000  0.915  0.981 464
0018  0.949  0.987  1.000  0.903  0.974 458
0019  0.943  0.988  0.998  0.893  0.978 454
0020  0.938  0.988  0.998  0.886  0.978 450
0021  0.936  0.989  0.998  0.882  0.980 448
0022  0.931  0.989  0.996  0.874  0.982 445
0023  0.921  0.985  0.998  0.856  0.973 435
0024  0.904  0.979  0.995  0.828  0.963 422
0025  0.892  0.979  0.995  0.809  0.962 412
0026  0.885  0.983  0.993  0.799  0.974 408
0027  0.879  0.982  0.995  0.787  0.968 401
0028  0.871  0.981  1.000  0.771  0.963 391
0029  0.860  0.976  0.992  0.759  0.960 388
0030  0.859  0.980  0.995  0.755  0.965 385
0031  0.857  0.979  0.995  0.753  0.965 384
0032  0.852  0.981  0.995  0.746  0.967 380
0033  0.848  0.980  0.997  0.738  0.964 375
0034  0.842  0.983  0.997  0.728  0.969 370
0035  0.831  0.977  0.995  0.714  0.960 364
0036  0.821  0.979  1.000  0.696  0.959 353
0037  0.804  0.980  0.994  0.675  0.966 344
0038  0.798  0.985  0.997  0.665  0.974 338
0039  0.791  0.987  1.000  0.655  0.974 332
0040  0.789  0.988  1.000  0.651  0.976 330
0041  0.777  0.977  1.000  0.635  0.955 322
0042  0.768  0.980  1.000  0.623  0.960 316
0043  0.759  0.984  0.997  0.613  0.972 312
0044  0.752  0.986  0.997  0.604  0.975 307
0045  0.737  0.975  0.993  0.586  0.958 299
0046  0.736  0.987  0.997  0.584  0.977 297
0047  0.732  0.985  0.997  0.578  0.973 294
0048  0.728  0.985  0.997  0.574  0.973 292
0049  0.727  0.986  0.997  0.572  0.976 291
0050  0.721  0.986  1.000  0.564  0.973 286
0051  0.721  0.993  1.000  0.564  0.986 286
0052  0.716  0.986  0.996  0.558  0.976 284
0053  0.706  0.982  0.993  0.548  0.972 280
0054  0.706  0.984  0.993  0.548  0.975 280
0055  0.706  0.988  0.993  0.548  0.982 280
0056  0.702  0.982  0.989  0.544  0.975 279
0057  0.698  0.980  0.993  0.538  0.968 275
0058  0.697  0.986  0.993  0.536  0.978 274
0059  0.694  0.984  0.996  0.533  0.971 271
0060  0.692  0.982  0.996  0.531  0.968 270
0061  0.692  0.982  0.996  0.531  0.968 270
0062  0.689  0.978  0.996  0.527  0.960 268
0063  0.679  0.970  0.996  0.515  0.946 262
0064  0.662  0.966  0.984  0.499  0.948 257
0065  0.657  0.971  0.992  0.491  0.950 251
0066  0.641  0.964  0.992  0.473  0.938 242
0067  0.637  0.971  0.992  0.469  0.952 240
0068  0.627  0.963  0.987  0.460  0.940 236
0069  0.622  0.964  0.991  0.454  0.939 232
0070  0.622  0.968  0.991  0.454  0.947 232
0071  0.622  0.968  0.991  0.454  0.947 232
0072  0.619  0.964  0.991  0.450  0.938 230
0073  0.617  0.966  0.991  0.448  0.942 229
0074  0.617  0.966  0.991  0.448  0.942 229
0075  0.617  0.966  0.991  0.448  0.942 229
0076  0.617  0.966  0.991  0.448  0.942 229
0077  0.617  0.966  0.991  0.448  0.942 229
0078  0.617  0.966  0.991  0.448  0.942 229
0079  0.617  0.966  0.991  0.448  0.942 229
0080  0.617  0.966  0.991  0.448  0.942 229
0081  0.617  0.966  0.991  0.448  0.942 229
0082  0.617  0.966  0.991  0.448  0.942 229
0083  0.617  0.966  0.991  0.448  0.942 229
0084  0.617  0.966  0.991  0.448  0.942 229
0085  0.617  0.966  0.991  0.448  0.942 229
0086  0.617  0.966  0.991  0.448  0.942 229
0087  0.617  0.966  0.991  0.448  0.942 229
0088  0.617  0.966  0.991  0.448  0.942 229
0089  0.617  0.966  0.991  0.448  0.942 229
0090  0.617  0.966  0.991  0.448  0.942 229
0091  0.617  0.966  0.991  0.448  0.942 229
0092  0.617  0.966  0.991  0.448  0.942 229
0093  0.617  0.966  0.991  0.448  0.942 229
0094  0.611  0.961  0.991  0.442  0.933 226
0095  0.609  0.963  0.991  0.440  0.937 225
0096  0.601  0.956  0.986  0.432  0.928 222
0097  0.591  0.949  0.986  0.422  0.915 217
0098  0.591  0.957  0.986  0.422  0.930 217
0099  0.587  0.959  0.986  0.418  0.934 215
0100  0.585  0.957  0.986  0.416  0.930 214
0101  0.579  0.954  0.986  0.410  0.924 211
0102  0.579  0.961  0.986  0.410  0.937 211
0103  0.569  0.949  0.985  0.400  0.914 206
0104  0.569  0.960  0.985  0.400  0.935 206
0105  0.565  0.955  0.985  0.396  0.926 204
0106  0.563  0.952  0.980  0.394  0.926 204
0107  0.561  0.950  0.980  0.393  0.921 203
0108  0.561  0.954  0.980  0.393  0.930 203
0109  0.561  0.954  0.980  0.393  0.930 203
0110  0.561  0.954  0.980  0.393  0.930 203
0111  0.561  0.959  0.980  0.393  0.939 203
0112  0.561  0.961  0.985  0.393  0.939 202
0113  0.561  0.961  0.985  0.393  0.939 202
0114  0.561  0.961  0.985  0.393  0.939 202
0115  0.561  0.961  0.985  0.393  0.939 202
0116  0.561  0.961  0.985  0.393  0.939 202
0117  0.561  0.961  0.985  0.393  0.939 202
