# File: carpet/skew Algorithm = FAST-BRIEF  skip 4 tolerance = 5.0
# (time tick) ( F ) ( F all inside) (precision) (recall) (recall all inside) (tracks)
0004  0.642  0.642  0.855  0.514  0.514 221
0008  0.649  0.649  0.831  0.533  0.533 236
0012  0.660  0.667  0.860  0.535  0.544 229
0016  0.614  0.625  0.809  0.495  0.510 225
0020  0.602  0.625  0.805  0.481  0.512 220
0024  0.594  0.629  0.792  0.476  0.522 221
0028  0.597  0.655  0.809  0.473  0.551 215
0032  0.573  0.642  0.793  0.448  0.539 208
0036  0.532  0.605  0.765  0.408  0.500 196
0040  0.470  0.546  0.663  0.364  0.464 202
0044  0.471  0.561  0.675  0.361  0.480 197
0048  0.459  0.564  0.696  0.342  0.474 181
0052  0.390  0.486  0.591  0.291  0.413 181
0056  0.357  0.456  0.554  0.264  0.388 175
0060  0.352  0.465  0.566  0.255  0.395 166
0064  0.286  0.399  0.478  0.204  0.342 157
0068  0.285  0.416  0.490  0.201  0.361 151
0072  0.217  0.334  0.399  0.149  0.288 138
0076  0.212  0.338  0.380  0.147  0.303 142
0080  0.174  0.292  0.319  0.120  0.270 138
0084  0.172  0.296  0.308  0.120  0.286 143
0088  0.114  0.201  0.203  0.079  0.199 143
0092  0.069  0.133  0.139  0.046  0.127 122
0096  0.064  0.125  0.119  0.043  0.131 135
0100  0.049  0.103  0.102  0.033  0.103 118
0104  0.029  0.062  0.060  0.019  0.065 117
0108  0.021  0.046  0.043  0.014  0.048 115
0112  0.033  0.073  0.068  0.022  0.080 118
0116  0.025  0.057  0.051  0.016  0.065 118
0120  0.025  0.063  0.056  0.016  0.072 108
0124  0.013  0.032  0.028  0.008  0.038 107
0128  0.012  0.030  0.025  0.008  0.039 121
0132  0.021  0.053  0.043  0.014  0.068 115
0136  0.017  0.043  0.035  0.011  0.056 114
0140  0.017  0.047  0.039  0.011  0.059 102
0144  0.012  0.032  0.025  0.008  0.045 119
0148  0.025  0.067  0.053  0.016  0.091 114
0152  0.020  0.054  0.041  0.014  0.078 121
0156  0.012  0.034  0.027  0.008  0.048 113
0160  0.012  0.034  0.026  0.008  0.048 116
0164  0.016  0.044  0.033  0.011  0.065 120
0168  0.021  0.061  0.049  0.014  0.083 103
0172  0.026  0.075  0.059  0.016  0.100 101
0176  0.030  0.088  0.070  0.019  0.119 100
0180  0.025  0.074  0.058  0.016  0.102 104
0184  0.017  0.051  0.040  0.011  0.068 99
0188  0.013  0.039  0.032  0.008  0.051 94
0192  0.021  0.061  0.048  0.014  0.085 105
0196  0.013  0.039  0.031  0.008  0.052 96
0200  0.013  0.038  0.030  0.008  0.053 99
0204  0.004  0.014  0.011  0.003  0.018 91
0208  0.000  0.000  0.000  0.000  0.000 86
