# File: carpet/move_out Algorithm = FAST-BRIEF  skip 1 tolerance = 5.0
# (time tick) ( F ) ( F all inside) (precision) (recall) (recall all inside) (tracks)
0001  0.621  0.621  0.874  0.482  0.482 261
0002  0.620  0.620  0.861  0.484  0.484 266
0003  0.617  0.617  0.857  0.482  0.482 266
0004  0.610  0.610  0.864  0.471  0.471 258
0005  0.577  0.577  0.829  0.442  0.442 252
0006  0.564  0.564  0.813  0.431  0.431 251
0007  0.550  0.550  0.807  0.416  0.416 244
0008  0.569  0.569  0.852  0.427  0.427 237
0009  0.546  0.546  0.800  0.414  0.414 245
0010  0.554  0.554  0.828  0.416  0.416 238
0011  0.548  0.548  0.816  0.412  0.412 239
0012  0.521  0.521  0.790  0.389  0.389 233
0013  0.480  0.480  0.749  0.353  0.353 223
0014  0.490  0.490  0.779  0.357  0.357 217
0015  0.458  0.458  0.716  0.336  0.336 222
0016  0.483  0.483  0.766  0.353  0.353 218
0017  0.442  0.442  0.732  0.317  0.317 205
0018  0.446  0.446  0.718  0.323  0.323 213
0019  0.446  0.446  0.710  0.326  0.326 217
0020  0.426  0.426  0.689  0.309  0.309 212
0021  0.458  0.458  0.711  0.338  0.338 225
0022  0.463  0.463  0.725  0.340  0.340 222
0023  0.450  0.450  0.730  0.326  0.326 211
0024  0.503  0.503  0.795  0.368  0.368 219
0025  0.419  0.419  0.705  0.298  0.298 200
0026  0.428  0.428  0.720  0.304  0.304 200
0027  0.395  0.395  0.717  0.273  0.273 180
0028  0.401  0.401  0.663  0.288  0.288 205
0029  0.391  0.391  0.707  0.271  0.271 181
0030  0.419  0.419  0.732  0.294  0.294 190
0031  0.379  0.379  0.681  0.262  0.262 182
0032  0.395  0.395  0.699  0.275  0.275 186
0033  0.370  0.370  0.652  0.258  0.258 187
0034  0.347  0.347  0.605  0.243  0.243 190
0035  0.339  0.339  0.659  0.228  0.228 164
0036  0.337  0.337  0.615  0.233  0.233 179
0037  0.299  0.299  0.551  0.205  0.205 176
0038  0.263  0.263  0.522  0.175  0.175 159
0039  0.319  0.319  0.578  0.220  0.220 180
0040  0.315  0.315  0.617  0.211  0.211 162
0041  0.283  0.283  0.535  0.192  0.192 170
0042  0.312  0.312  0.564  0.216  0.216 181
0043  0.295  0.295  0.570  0.199  0.199 165
0044  0.280  0.280  0.549  0.188  0.188 162
0045  0.292  0.292  0.553  0.199  0.199 170
0046  0.290  0.290  0.550  0.197  0.197 169
0047  0.262  0.262  0.519  0.175  0.175 160
0048  0.279  0.279  0.543  0.188  0.188 164
0049  0.269  0.269  0.538  0.180  0.180 158
0050  0.241  0.241  0.484  0.161  0.161 157
0051  0.254  0.254  0.510  0.169  0.169 157
0052  0.236  0.236  0.481  0.156  0.156 154
0053  0.195  0.195  0.420  0.127  0.127 143
0054  0.212  0.212  0.421  0.142  0.142 159
0055  0.193  0.193  0.400  0.127  0.127 150
0056  0.207  0.207  0.441  0.135  0.135 145
0057  0.201  0.201  0.434  0.131  0.131 143
0058  0.210  0.210  0.448  0.137  0.137 145
0059  0.183  0.183  0.400  0.118  0.118 140
0060  0.185  0.185  0.401  0.121  0.121 142
0061  0.179  0.179  0.390  0.116  0.116 141
0062  0.184  0.184  0.390  0.121  0.121 146
0063  0.158  0.158  0.329  0.104  0.104 149
0064  0.188  0.188  0.378  0.125  0.125 156
0065  0.210  0.210  0.448  0.137  0.137 145
0066  0.173  0.173  0.376  0.112  0.112 141
0067  0.152  0.152  0.326  0.099  0.099 144
0068  0.189  0.189  0.391  0.125  0.125 151
0069  0.134  0.134  0.293  0.087  0.087 140
0070  0.195  0.195  0.401  0.129  0.129 152
0071  0.134  0.134  0.317  0.085  0.085 126
0072  0.140  0.140  0.303  0.091  0.091 142
0073  0.158  0.158  0.333  0.104  0.104 147
0074  0.122  0.122  0.276  0.078  0.078 134
0075  0.141  0.141  0.309  0.091  0.091 139
0076  0.138  0.138  0.309  0.089  0.089 136
0077  0.111  0.111  0.239  0.072  0.072 142
0078  0.103  0.103  0.219  0.068  0.068 146
0079  0.133  0.133  0.287  0.087  0.087 143
0080  0.119  0.119  0.248  0.078  0.078 149
0081  0.110  0.110  0.238  0.072  0.072 143
0082  0.105  0.105  0.235  0.068  0.068 136
0083  0.140  0.140  0.301  0.091  0.091 143
0084  0.117  0.117  0.257  0.076  0.076 140
0085  0.104  0.104  0.222  0.068  0.068 144
0086  0.120  0.120  0.279  0.076  0.076 129
0087  0.077  0.077  0.161  0.051  0.051 149
0088  0.094  0.094  0.228  0.059  0.059 123
0089  0.076  0.076  0.172  0.049  0.049 134
0090  0.086  0.086  0.198  0.055  0.055 131
0091  0.072  0.072  0.157  0.047  0.047 140
0092  0.087  0.087  0.203  0.055  0.055 128
0093  0.079  0.079  0.174  0.051  0.051 138
0094  0.070  0.070  0.162  0.044  0.044 130
0095  0.090  0.090  0.209  0.057  0.057 129
0096  0.061  0.061  0.151  0.038  0.038 119
0097  0.078  0.078  0.204  0.049  0.049 113
0098  0.073  0.073  0.173  0.047  0.047 127
0099  0.064  0.064  0.157  0.040  0.040 121
0100  0.074  0.074  0.182  0.047  0.047 121
0101  0.063  0.063  0.151  0.040  0.040 126
0102  0.064  0.064  0.152  0.040  0.040 125
0103  0.066  0.066  0.154  0.042  0.042 130
0104  0.050  0.050  0.117  0.032  0.032 128
0105  0.044  0.044  0.111  0.027  0.027 117
0106  0.060  0.060  0.145  0.038  0.038 124
0107  0.047  0.047  0.118  0.030  0.030 119
0108  0.040  0.040  0.098  0.025  0.025 122
0109  0.044  0.044  0.110  0.027  0.027 118
0110  0.060  0.060  0.138  0.038  0.038 130
0111  0.048  0.048  0.124  0.030  0.030 113
0112  0.048  0.048  0.123  0.030  0.030 114
0113  0.054  0.054  0.129  0.034  0.034 124
0114  0.046  0.046  0.133  0.027  0.027 98
0115  0.051  0.051  0.125  0.032  0.032 120
0116  0.043  0.043  0.100  0.027  0.027 130
0117  0.038  0.038  0.097  0.023  0.023 113
0118  0.041  0.041  0.107  0.025  0.025 112
0119  0.031  0.031  0.080  0.019  0.019 113
0120  0.054  0.054  0.129  0.034  0.034 124
0121  0.040  0.040  0.094  0.025  0.025 128
0122  0.034  0.034  0.082  0.021  0.021 122
0123  0.044  0.044  0.113  0.027  0.027 115
0124  0.024  0.024  0.060  0.015  0.015 116
0125  0.017  0.017  0.046  0.011  0.011 108
0126  0.027  0.027  0.070  0.017  0.017 115
0127  0.037  0.037  0.090  0.023  0.023 122
0128  0.041  0.041  0.112  0.025  0.025 107
0129  0.014  0.014  0.037  0.008  0.008 108
0130  0.027  0.027  0.072  0.017  0.017 111
0131  0.017  0.017  0.043  0.011  0.011 115
0132  0.027  0.027  0.063  0.017  0.017 127
0133  0.021  0.021  0.054  0.013  0.013 111
0134  0.017  0.017  0.044  0.011  0.011 114
0135  0.007  0.007  0.016  0.004  0.004 124
0136  0.021  0.021  0.055  0.013  0.013 109
0137  0.017  0.017  0.043  0.011  0.011 116
0138  0.024  0.024  0.069  0.015  0.015 102
0139  0.024  0.024  0.059  0.015  0.015 118
0140  0.038  0.038  0.101  0.023  0.023 109
0141  0.017  0.017  0.045  0.011  0.011 110
0142  0.020  0.020  0.050  0.013  0.013 119
0143  0.014  0.014  0.036  0.008  0.008 112
0144  0.014  0.014  0.040  0.008  0.008 100
0145  0.027  0.027  0.073  0.017  0.017 109
0146  0.007  0.007  0.019  0.004  0.004 104
0147  0.010  0.010  0.028  0.006  0.006 108
0148  0.010  0.010  0.026  0.006  0.006 114
0149  0.017  0.017  0.045  0.011  0.011 112
0150  0.014  0.014  0.036  0.008  0.008 110
0151  0.014  0.014  0.035  0.008  0.008 115
0152  0.007  0.007  0.018  0.004  0.004 111
0153  0.017  0.017  0.045  0.011  0.011 112
0154  0.014  0.014  0.039  0.008  0.008 103
0155  0.010  0.010  0.028  0.006  0.006 106
0156  0.007  0.007  0.017  0.004  0.004 118
0157  0.010  0.010  0.028  0.006  0.006 108
0158  0.010  0.010  0.029  0.006  0.006 104
0159  0.014  0.014  0.037  0.008  0.008 109
0160  0.017  0.017  0.045  0.011  0.011 112
0161  0.010  0.010  0.029  0.006  0.006 105
0162  0.007  0.007  0.019  0.004  0.004 107
0163  0.013  0.013  0.032  0.008  0.008 124
0164  0.007  0.007  0.019  0.004  0.004 103
0165  0.010  0.010  0.027  0.006  0.006 113
0166  0.014  0.014  0.038  0.008  0.008 105
0167  0.011  0.011  0.031  0.006  0.006 96
0168  0.010  0.010  0.027  0.006  0.006 111
0169  0.014  0.014  0.034  0.008  0.008 117
0170  0.007  0.007  0.019  0.004  0.004 108
0171  0.014  0.014  0.039  0.008  0.008 103
0172  0.007  0.007  0.020  0.004  0.004 102
0173  0.003  0.003  0.010  0.002  0.002 101
0174  0.010  0.010  0.029  0.006  0.006 103
0175  0.014  0.014  0.037  0.008  0.008 109
0176  0.007  0.007  0.021  0.004  0.004 96
0177  0.014  0.014  0.036  0.008  0.008 111
0178  0.003  0.003  0.009  0.002  0.002 114
0179  0.003  0.003  0.010  0.002  0.002 105
0180  0.007  0.007  0.019  0.004  0.004 108
0181  0.014  0.014  0.037  0.008  0.008 107
0182  0.007  0.007  0.018  0.004  0.004 109
0183  0.003  0.003  0.009  0.002  0.002 106
0184  0.003  0.003  0.009  0.002  0.002 114
0185  0.003  0.003  0.010  0.002  0.002 105
0186  0.000  0.000  0.000  0.000  0.000 102
0187  0.003  0.003  0.010  0.002  0.002 103
0188  0.003  0.003  0.009  0.002  0.002 109
0189  0.007  0.007  0.021  0.004  0.004 97
0190  0.007  0.007  0.021  0.004  0.004 95
0191  0.007  0.007  0.018  0.004  0.004 114
0192  0.000  0.000  0.000  0.000  0.000 97
0193  0.007  0.007  0.019  0.004  0.004 106
0194  0.011  0.011  0.031  0.006  0.006 97
0195  0.003  0.003  0.010  0.002  0.002 102
0196  0.003  0.003  0.010  0.002  0.002 104
0197  0.011  0.011  0.034  0.006  0.006 88
0198  0.003  0.003  0.009  0.002  0.002 110
0199  0.003  0.003  0.010  0.002  0.002 101
0200  0.000  0.000  0.000  0.000  0.000 100
0201  0.007  0.007  0.022  0.004  0.004 92
0202  0.003  0.003  0.010  0.002  0.002 103
0203  0.000  0.000  0.000  0.000  0.000 103
0204  0.000  0.000  0.000  0.000  0.000 96
0205  0.007  0.007  0.018  0.004  0.004 109
0206  0.007  0.007  0.020  0.004  0.004 100
0207  0.000  0.000  0.000  0.000  0.000 99
0208  0.007  0.007  0.020  0.004  0.004 99
0209  0.000  0.000  0.000  0.000  0.000 106
0210  0.000  0.000  0.000  0.000  0.000 102
0211  0.000  0.000  0.000  0.000  0.000 109
0212  0.004  0.004  0.010  0.002  0.002 97
0213  0.003  0.003  0.009  0.002  0.002 114
0214  0.004  0.004  0.011  0.002  0.002 94
0215  0.000  0.000  0.000  0.000  0.000 92
0216  0.004  0.004  0.010  0.002  0.002 97
0217  0.000  0.000  0.000  0.000  0.000 113
0218  0.000  0.000  0.000  0.000  0.000 107
0219  0.000  0.000  0.000  0.000  0.000 100
0220  0.004  0.004  0.011  0.002  0.002 91
0221  0.003  0.003  0.010  0.002  0.002 102
0222  0.003  0.003  0.009  0.002  0.002 110
0223  0.003  0.003  0.010  0.002  0.002 103
0224  0.000  0.000  0.000  0.000  0.000 97
0225  0.000  0.000  0.000  0.000  0.000 103
0226  0.007  0.007  0.019  0.004  0.004 106
0227  0.007  0.007  0.020  0.004  0.004 101
0228  0.007  0.007  0.019  0.004  0.004 106
0229  0.003  0.003  0.010  0.002  0.002 104
0230  0.003  0.003  0.010  0.002  0.002 100
