# File: carpet/move_in Algorithm = FAST-BRIEF  skip 4 tolerance = 5.0
# (time tick) ( F ) ( F all inside) (precision) (recall) (recall all inside) (tracks)
0004  0.704  0.704  0.884  0.585  0.585 241
0008  0.719  0.722  0.894  0.602  0.605 245
0012  0.666  0.676  0.844  0.549  0.563 237
0016  0.650  0.663  0.833  0.533  0.551 233
0020  0.624  0.650  0.802  0.511  0.547 232
0024  0.659  0.690  0.862  0.533  0.576 225
0028  0.685  0.720  0.886  0.558  0.606 229
0032  0.679  0.714  0.835  0.571  0.623 249
0036  0.681  0.720  0.875  0.558  0.611 232
0040  0.626  0.665  0.815  0.508  0.562 227
0044  0.626  0.669  0.809  0.511  0.571 230
0048  0.667  0.717  0.841  0.552  0.624 239
0052  0.626  0.682  0.828  0.503  0.579 221
0056  0.639  0.707  0.876  0.503  0.593 209
0060  0.617  0.693  0.836  0.489  0.591 213
0064  0.529  0.604  0.766  0.404  0.498 192
0068  0.547  0.643  0.785  0.420  0.545 195
0072  0.520  0.615  0.747  0.398  0.522 194
0076  0.489  0.592  0.718  0.371  0.504 188
0080  0.433  0.532  0.652  0.324  0.449 181
0084  0.453  0.560  0.678  0.341  0.477 183
0088  0.420  0.538  0.677  0.305  0.446 164
0092  0.388  0.499  0.582  0.291  0.436 182
0096  0.378  0.494  0.591  0.277  0.424 171
0100  0.342  0.465  0.571  0.245  0.392 156
0104  0.294  0.406  0.497  0.209  0.344 153
0108  0.281  0.402  0.486  0.198  0.343 148
0112  0.269  0.391  0.449  0.192  0.347 156
0116  0.201  0.302  0.354  0.140  0.263 144
0120  0.182  0.284  0.344  0.124  0.242 131
0124  0.102  0.162  0.195  0.069  0.139 128
0128  0.199  0.322  0.383  0.135  0.278 128
0132  0.156  0.254  0.285  0.107  0.229 137
0136  0.100  0.171  0.205  0.066  0.146 117
0140  0.132  0.228  0.262  0.088  0.201 122
0144  0.083  0.145  0.168  0.055  0.128 119
0148  0.095  0.172  0.192  0.063  0.155 120
0152  0.086  0.158  0.172  0.058  0.146 122
0156  0.056  0.110  0.131  0.036  0.094 99
0160  0.034  0.066  0.075  0.022  0.059 107
0164  0.067  0.131  0.138  0.044  0.125 116
0168  0.038  0.078  0.080  0.025  0.075 112
0172  0.033  0.070  0.069  0.022  0.071 116
0176  0.017  0.036  0.035  0.011  0.037 114
0180  0.025  0.057  0.055  0.016  0.059 109
0184  0.012  0.029  0.025  0.008  0.033 119
0188  0.017  0.040  0.034  0.011  0.047 116
0192  0.008  0.021  0.018  0.005  0.024 112
0196  0.012  0.030  0.024  0.008  0.041 123
0200  0.004  0.011  0.009  0.003  0.014 109
0204  0.004  0.011  0.009  0.003  0.014 110
0208  0.008  0.021  0.016  0.005  0.031 125
0212  0.017  0.050  0.039  0.011  0.068 102
0216  0.008  0.023  0.018  0.005  0.034 113
0220  0.004  0.013  0.010  0.003  0.018 104
0224  0.004  0.013  0.009  0.003  0.020 107
0228  0.004  0.014  0.010  0.003  0.021 97
0232  0.000  0.000  0.000  0.000  0.000 118
0236  0.004  0.013  0.009  0.003  0.022 112
0240  0.000  0.000  0.000  0.000  0.000 108
