# File: carpet/move_out Algorithm = FAST-BRIEF  skip 8 tolerance = 5.0
# (time tick) ( F ) ( F all inside) (precision) (recall) (recall all inside) (tracks)
0008  0.569  0.569  0.852  0.427  0.427 237
0016  0.483  0.483  0.766  0.353  0.353 218
0024  0.503  0.503  0.795  0.368  0.368 219
0032  0.395  0.395  0.699  0.275  0.275 186
0040  0.315  0.315  0.617  0.211  0.211 162
0048  0.279  0.279  0.543  0.188  0.188 164
0056  0.207  0.207  0.441  0.135  0.135 145
0064  0.188  0.188  0.378  0.125  0.125 156
0072  0.140  0.140  0.303  0.091  0.091 142
0080  0.119  0.119  0.248  0.078  0.078 149
0088  0.094  0.094  0.228  0.059  0.059 123
0096  0.061  0.061  0.151  0.038  0.038 119
0104  0.050  0.050  0.117  0.032  0.032 128
0112  0.048  0.048  0.123  0.030  0.030 114
0120  0.054  0.054  0.129  0.034  0.034 124
0128  0.041  0.041  0.112  0.025  0.025 107
0136  0.021  0.021  0.055  0.013  0.013 109
0144  0.014  0.014  0.040  0.008  0.008 100
0152  0.007  0.007  0.018  0.004  0.004 111
0160  0.017  0.017  0.045  0.011  0.011 112
0168  0.010  0.010  0.027  0.006  0.006 111
0176  0.007  0.007  0.021  0.004  0.004 96
0184  0.003  0.003  0.009  0.002  0.002 114
0192  0.000  0.000  0.000  0.000  0.000 97
0200  0.000  0.000  0.000  0.000  0.000 100
0208  0.007  0.007  0.020  0.004  0.004 99
0216  0.004  0.004  0.010  0.002  0.002 97
0224  0.000  0.000  0.000  0.000  0.000 97
