# File: carpet/rotate Algorithm = FAST-BRIEF  skip 4 tolerance = 5.0
# (time tick) ( F ) ( F all inside) (precision) (recall) (recall all inside) (tracks)
0004  0.701  0.701  0.867  0.589  0.589 241
0008  0.675  0.683  0.853  0.558  0.569 232
0012  0.654  0.673  0.855  0.530  0.555 220
0016  0.532  0.554  0.763  0.408  0.435 190
0020  0.460  0.484  0.674  0.349  0.378 184
0024  0.383  0.405  0.584  0.285  0.310 173
0028  0.281  0.302  0.445  0.206  0.228 164
0032  0.136  0.147  0.233  0.096  0.107 146
0036  0.123  0.134  0.226  0.085  0.096 133
0040  0.067  0.073  0.127  0.045  0.051 126
0044  0.030  0.033  0.059  0.020  0.023 118
0048  0.017  0.019  0.034  0.011  0.013 119
0052  0.008  0.010  0.017  0.006  0.007 119
0056  0.004  0.005  0.008  0.003  0.003 118
0060  0.000  0.000  0.000  0.000  0.000 122
0064  0.000  0.000  0.000  0.000  0.000 125
0068  0.000  0.000  0.000  0.000  0.000 119
0072  0.000  0.000  0.000  0.000  0.000 116
0076  0.000  0.000  0.000  0.000  0.000 113
0080  0.000  0.000  0.000  0.000  0.000 115
0084  0.000  0.000  0.000  0.000  0.000 117
0088  0.000  0.000  0.000  0.000  0.000 115
0092  0.000  0.000  0.000  0.000  0.000 112
0096  0.000  0.000  0.000  0.000  0.000 115
0100  0.000  0.000  0.000  0.000  0.000 125
0104  0.000  0.000  0.000  0.000  0.000 112
0108  0.000  0.000  0.000  0.000  0.000 122
0112  0.000  0.000  0.000  0.000  0.000 110
0116  0.000  0.000  0.000  0.000  0.000 110
0120  0.000  0.000  0.000  0.000  0.000 116
0124  0.000  0.000  0.000  0.000  0.000 111
0128  0.000  0.000  0.000  0.000  0.000 113
0132  0.000  0.000  0.000  0.000  0.000 115
0136  0.000  0.000  0.000  0.000  0.000 134
0140  0.000  0.000  0.000  0.000  0.000 126
0144  0.000  0.000  0.000  0.000  0.000 119
0148  0.000  0.000  0.000  0.000  0.000 119
0152  0.000  0.000  0.000  0.000  0.000 122
0156  0.000  0.000  0.000  0.000  0.000 122
0160  0.000  0.000  0.000  0.000  0.000 104
0164  0.000  0.000  0.000  0.000  0.000 109
0168  0.025  0.028  0.049  0.017  0.020 122
0172  0.021  0.022  0.038  0.014  0.016 132
0176  0.143  0.170  0.245  0.101  0.130 147
0180  0.227  0.248  0.372  0.163  0.186 156
0184  0.331  0.385  0.524  0.242  0.304 164
0188  0.495  0.539  0.711  0.380  0.435 190
0192  0.618  0.652  0.819  0.496  0.542 215
0196  0.664  0.718  0.868  0.538  0.613 220
