# File: carpet/skew Algorithm = FAST-BRIEF  skip 1 tolerance = 5.0
# (time tick) ( F ) ( F all inside) (precision) (recall) (recall all inside) (tracks)
0001  0.731  0.731  0.907  0.611  0.611 248
0002  0.702  0.702  0.906  0.573  0.573 233
0003  0.668  0.668  0.852  0.549  0.549 237
0004  0.642  0.642  0.855  0.514  0.514 221
0005  0.645  0.645  0.846  0.522  0.522 227
0006  0.621  0.621  0.784  0.514  0.514 241
0007  0.653  0.653  0.858  0.527  0.527 226
0008  0.649  0.649  0.831  0.533  0.533 236
0009  0.669  0.669  0.856  0.549  0.549 236
0010  0.643  0.645  0.845  0.519  0.522 226
0011  0.641  0.646  0.844  0.516  0.523 225
0012  0.660  0.667  0.860  0.535  0.544 229
0013  0.641  0.647  0.851  0.514  0.522 222
0014  0.624  0.632  0.836  0.497  0.508 219
0015  0.621  0.631  0.805  0.505  0.518 231
0016  0.614  0.625  0.809  0.495  0.510 225
0017  0.629  0.642  0.841  0.503  0.520 220
0018  0.612  0.630  0.802  0.495  0.519 227
0019  0.587  0.605  0.795  0.465  0.489 215
0020  0.602  0.625  0.805  0.481  0.512 220
0021  0.583  0.608  0.791  0.462  0.494 215
0022  0.619  0.648  0.827  0.495  0.532 220
0023  0.584  0.614  0.784  0.465  0.504 218
0024  0.594  0.629  0.792  0.476  0.522 221
0025  0.593  0.632  0.788  0.476  0.527 222
0026  0.578  0.624  0.779  0.459  0.520 217
0027  0.574  0.627  0.797  0.448  0.517 207
0028  0.597  0.655  0.809  0.473  0.551 215
0029  0.567  0.625  0.798  0.440  0.514 203
0030  0.559  0.620  0.758  0.443  0.524 215
0031  0.574  0.642  0.808  0.446  0.532 203
0032  0.573  0.642  0.793  0.448  0.539 208
0033  0.545  0.613  0.755  0.427  0.516 208
0034  0.557  0.628  0.801  0.427  0.516 196
0035  0.548  0.623  0.794  0.418  0.513 194
0036  0.532  0.606  0.765  0.408  0.502 196
0037  0.542  0.622  0.806  0.408  0.507 186
0038  0.525  0.603  0.745  0.405  0.507 200
0039  0.550  0.636  0.802  0.418  0.527 192
0040  0.470  0.547  0.663  0.364  0.465 202
0041  0.483  0.567  0.727  0.361  0.465 183
0042  0.468  0.552  0.691  0.353  0.459 188
0043  0.447  0.532  0.654  0.340  0.448 191
0044  0.471  0.562  0.675  0.361  0.482 197
0045  0.467  0.559  0.670  0.359  0.480 197
0046  0.476  0.574  0.678  0.367  0.498 199
0047  0.468  0.571  0.715  0.348  0.476 179
0048  0.459  0.564  0.696  0.342  0.474 181
0049  0.407  0.506  0.636  0.299  0.420 173
0050  0.399  0.495  0.609  0.296  0.418 179
0051  0.425  0.529  0.643  0.318  0.450 182
0052  0.390  0.486  0.591  0.291  0.413 181
0053  0.414  0.520  0.647  0.304  0.434 173
0054  0.393  0.493  0.593  0.293  0.422 182
0055  0.356  0.453  0.561  0.261  0.379 171
0056  0.357  0.456  0.554  0.264  0.388 175
0057  0.381  0.495  0.611  0.277  0.416 167
0058  0.387  0.504  0.603  0.285  0.432 174
0059  0.374  0.493  0.599  0.272  0.418 167
0060  0.352  0.465  0.566  0.255  0.395 166
0061  0.341  0.455  0.538  0.250  0.395 171
0062  0.328  0.447  0.537  0.236  0.383 162
0063  0.325  0.447  0.531  0.234  0.386 162
0064  0.286  0.399  0.478  0.204  0.342 157
0065  0.305  0.431  0.497  0.220  0.380 163
0066  0.344  0.489  0.551  0.250  0.440 167
0067  0.281  0.408  0.500  0.196  0.344 144
0068  0.285  0.416  0.490  0.201  0.361 151
0069  0.282  0.409  0.457  0.204  0.369 164
0070  0.269  0.393  0.447  0.193  0.351 159
0071  0.237  0.355  0.415  0.166  0.310 147
0072  0.217  0.334  0.399  0.149  0.288 138
0073  0.212  0.329  0.380  0.147  0.290 142
0074  0.182  0.283  0.315  0.128  0.257 149
0075  0.209  0.328  0.362  0.147  0.300 149
0076  0.212  0.338  0.380  0.147  0.303 142
0077  0.191  0.305  0.336  0.133  0.280 146
0078  0.200  0.326  0.362  0.139  0.297 141
0079  0.203  0.331  0.359  0.141  0.308 145
0080  0.174  0.292  0.319  0.120  0.270 138
0081  0.172  0.296  0.326  0.117  0.270 132
0082  0.169  0.289  0.303  0.117  0.276 142
0083  0.151  0.260  0.279  0.103  0.244 136
0084  0.172  0.296  0.308  0.120  0.286 143
0085  0.159  0.278  0.294  0.109  0.263 136
0086  0.120  0.215  0.231  0.082  0.201 130
0087  0.132  0.237  0.248  0.090  0.226 133
0088  0.114  0.201  0.203  0.079  0.199 143
0089  0.117  0.213  0.225  0.079  0.203 129
0090  0.105  0.195  0.206  0.071  0.186 126
0091  0.071  0.132  0.131  0.049  0.132 137
0092  0.069  0.133  0.139  0.046  0.127 122
0093  0.073  0.143  0.146  0.049  0.140 123
0094  0.079  0.152  0.146  0.054  0.157 137
0095  0.076  0.150  0.146  0.052  0.153 130
0096  0.064  0.125  0.119  0.043  0.131 135
0097  0.078  0.160  0.161  0.052  0.158 118
0098  0.077  0.154  0.151  0.052  0.158 126
0099  0.070  0.143  0.140  0.046  0.145 121
0100  0.049  0.103  0.102  0.033  0.103 118
0101  0.058  0.121  0.121  0.038  0.122 116
0102  0.046  0.100  0.103  0.030  0.098 107
0103  0.041  0.087  0.083  0.027  0.092 121
0104  0.029  0.062  0.060  0.019  0.065 117
0105  0.048  0.103  0.094  0.033  0.112 127
0106  0.037  0.080  0.074  0.024  0.087 121
0107  0.029  0.062  0.057  0.019  0.067 122
0108  0.021  0.046  0.043  0.014  0.048 115
0109  0.012  0.027  0.025  0.008  0.029 121
0110  0.029  0.065  0.063  0.019  0.069 112
0111  0.025  0.056  0.052  0.016  0.060 115
0112  0.033  0.073  0.068  0.022  0.080 118
0113  0.024  0.054  0.048  0.016  0.060 124
0114  0.025  0.058  0.054  0.016  0.063 112
0115  0.021  0.047  0.042  0.014  0.053 118
0116  0.025  0.057  0.051  0.016  0.065 118
0117  0.025  0.058  0.050  0.016  0.067 119
0118  0.029  0.068  0.058  0.019  0.081 121
0119  0.025  0.060  0.053  0.016  0.070 114
0120  0.025  0.063  0.056  0.016  0.072 108
0121  0.033  0.082  0.070  0.022  0.099 115
0122  0.012  0.030  0.025  0.008  0.037 120
0123  0.021  0.051  0.042  0.014  0.063 119
0124  0.013  0.032  0.028  0.008  0.038 107
0125  0.021  0.051  0.042  0.014  0.064 118
0126  0.021  0.055  0.047  0.014  0.065 106
0127  0.029  0.074  0.062  0.019  0.092 113
0128  0.012  0.030  0.025  0.008  0.039 121
0129  0.021  0.052  0.042  0.014  0.066 118
0130  0.013  0.033  0.028  0.008  0.041 107
0131  0.012  0.031  0.026  0.008  0.041 117
0132  0.021  0.053  0.043  0.014  0.068 115
0133  0.008  0.021  0.018  0.005  0.027 114
0134  0.012  0.031  0.025  0.008  0.041 119
0135  0.025  0.063  0.052  0.016  0.082 116
0136  0.017  0.043  0.035  0.011  0.056 114
0137  0.030  0.083  0.071  0.019  0.100 98
0138  0.017  0.045  0.037  0.011  0.057 109
0139  0.021  0.058  0.049  0.014  0.072 103
0140  0.017  0.047  0.039  0.011  0.059 102
0141  0.017  0.045  0.037  0.011  0.059 108
0142  0.021  0.058  0.048  0.014  0.074 104
0143  0.008  0.023  0.019  0.005  0.030 108
0144  0.012  0.032  0.025  0.008  0.045 119
0145  0.012  0.033  0.027  0.008  0.045 113
0146  0.016  0.043  0.033  0.011  0.060 120
0147  0.008  0.023  0.019  0.005  0.030 106
0148  0.025  0.067  0.053  0.016  0.091 114
0149  0.013  0.036  0.029  0.008  0.045 103
0150  0.021  0.057  0.045  0.014  0.077 110
0151  0.017  0.044  0.034  0.011  0.062 116
0152  0.020  0.054  0.041  0.014  0.078 121
0153  0.017  0.048  0.039  0.011  0.063 102
0154  0.021  0.057  0.045  0.014  0.078 110
0155  0.013  0.034  0.027  0.008  0.048 112
0156  0.012  0.034  0.027  0.008  0.048 113
0157  0.008  0.022  0.017  0.005  0.032 116
0158  0.021  0.058  0.046  0.014  0.079 108
0159  0.008  0.023  0.018  0.005  0.032 113
0160  0.012  0.034  0.026  0.008  0.048 116
0161  0.025  0.072  0.058  0.016  0.097 104
0162  0.025  0.071  0.056  0.016  0.097 108
0163  0.013  0.035  0.028  0.008  0.048 109
0164  0.016  0.044  0.033  0.011  0.065 120
0165  0.008  0.024  0.019  0.005  0.033 107
0166  0.017  0.047  0.036  0.011  0.066 110
0167  0.013  0.035  0.027  0.008  0.050 110
0168  0.021  0.061  0.049  0.014  0.083 103
0169  0.017  0.047  0.036  0.011  0.067 110
0170  0.017  0.048  0.037  0.011  0.067 108
0171  0.025  0.072  0.056  0.016  0.100 107
0172  0.026  0.075  0.059  0.016  0.100 101
0173  0.017  0.047  0.036  0.011  0.067 112
0174  0.009  0.025  0.020  0.005  0.033 98
0175  0.012  0.034  0.026  0.008  0.051 115
0176  0.030  0.088  0.070  0.019  0.119 100
0177  0.020  0.056  0.042  0.014  0.085 120
0178  0.013  0.036  0.027  0.008  0.051 110
0179  0.009  0.025  0.020  0.005  0.034 99
0180  0.025  0.074  0.058  0.016  0.102 104
0181  0.017  0.050  0.039  0.011  0.068 102
0182  0.017  0.048  0.038  0.011  0.068 106
0183  0.017  0.050  0.040  0.011  0.068 100
0184  0.017  0.051  0.040  0.011  0.068 99
0185  0.013  0.036  0.028  0.008  0.051 109
0186  0.021  0.058  0.044  0.014  0.085 114
0187  0.021  0.060  0.047  0.014  0.085 107
0188  0.013  0.039  0.032  0.008  0.051 94
0189  0.029  0.084  0.065  0.019  0.119 108
0190  0.013  0.036  0.028  0.008  0.051 107
0191  0.022  0.065  0.052  0.014  0.085 96
0192  0.021  0.061  0.048  0.014  0.085 105
0193  0.021  0.060  0.046  0.014  0.085 109
0194  0.017  0.048  0.038  0.011  0.068 106
0195  0.013  0.037  0.029  0.008  0.051 102
0196  0.013  0.039  0.031  0.008  0.052 96
0197  0.004  0.013  0.011  0.003  0.017 95
0198  0.009  0.026  0.020  0.005  0.035 98
0199  0.009  0.026  0.021  0.005  0.035 95
0200  0.013  0.038  0.030  0.008  0.053 99
0201  0.009  0.027  0.022  0.005  0.035 90
0202  0.009  0.026  0.020  0.005  0.036 98
0203  0.009  0.027  0.022  0.005  0.036 91
0204  0.004  0.014  0.011  0.003  0.018 91
0205  0.004  0.014  0.012  0.003  0.018 86
0206  0.004  0.013  0.011  0.003  0.018 95
0207  0.009  0.026  0.021  0.005  0.036 96
0208  0.000  0.000  0.000  0.000  0.000 86
0209  0.009  0.026  0.021  0.005  0.036 95
