# File: carpet/rotate Algorithm = FAST-BRIEF  skip 8 tolerance = 5.0
# (time tick) ( F ) ( F all inside) (precision) (recall) (recall all inside) (tracks)
0008  0.675  0.683  0.853  0.558  0.569 232
0016  0.532  0.554  0.763  0.408  0.435 190
0024  0.383  0.405  0.584  0.285  0.310 173
0032  0.136  0.147  0.233  0.096  0.107 146
0040  0.067  0.073  0.127  0.045  0.051 126
0048  0.017  0.019  0.034  0.011  0.013 119
0056  0.004  0.005  0.008  0.003  0.003 118
0064  0.000  0.000  0.000  0.000  0.000 125
0072  0.000  0.000  0.000  0.000  0.000 116
0080  0.000  0.000  0.000  0.000  0.000 115
0088  0.000  0.000  0.000  0.000  0.000 115
0096  0.000  0.000  0.000  0.000  0.000 115
0104  0.000  0.000  0.000  0.000  0.000 112
0112  0.000  0.000  0.000  0.000  0.000 110
0120  0.000  0.000  0.000  0.000  0.000 116
0128  0.000  0.000  0.000  0.000  0.000 113
0136  0.000  0.000  0.000  0.000  0.000 134
0144  0.000  0.000  0.000  0.000  0.000 119
0152  0.000  0.000  0.000  0.000  0.000 122
0160  0.000  0.000  0.000  0.000  0.000 104
0168  0.025  0.028  0.049  0.017  0.020 122
0176  0.143  0.170  0.245  0.101  0.130 147
0184  0.331  0.385  0.524  0.242  0.304 164
0192  0.618  0.652  0.819  0.496  0.542 215
