# File: carpet/move_in Algorithm = FAST-BRIEF  skip 8 tolerance = 5.0
# (time tick) ( F ) ( F all inside) (precision) (recall) (recall all inside) (tracks)
0008  0.719  0.722  0.894  0.602  0.605 245
0016  0.650  0.663  0.833  0.533  0.551 233
0024  0.659  0.690  0.862  0.533  0.576 225
0032  0.679  0.714  0.835  0.571  0.623 249
0040  0.626  0.665  0.815  0.508  0.562 227
0048  0.667  0.717  0.841  0.552  0.624 239
0056  0.639  0.707  0.876  0.503  0.593 209
0064  0.529  0.604  0.766  0.404  0.498 192
0072  0.520  0.615  0.747  0.398  0.522 194
0080  0.433  0.532  0.652  0.324  0.449 181
0088  0.420  0.538  0.677  0.305  0.446 164
0096  0.378  0.494  0.591  0.277  0.424 171
0104  0.294  0.406  0.497  0.209  0.344 153
0112  0.269  0.391  0.449  0.192  0.347 156
0120  0.182  0.284  0.344  0.124  0.242 131
0128  0.199  0.322  0.383  0.135  0.278 128
0136  0.100  0.171  0.205  0.066  0.146 117
0144  0.083  0.145  0.168  0.055  0.128 119
0152  0.086  0.158  0.172  0.058  0.146 122
0160  0.034  0.066  0.075  0.022  0.059 107
0168  0.038  0.078  0.080  0.025  0.075 112
0176  0.017  0.036  0.035  0.011  0.037 114
0184  0.012  0.029  0.025  0.008  0.033 119
0192  0.008  0.021  0.018  0.005  0.024 112
0200  0.004  0.011  0.009  0.003  0.014 109
0208  0.008  0.021  0.016  0.005  0.031 125
0216  0.008  0.023  0.018  0.005  0.034 113
0224  0.004  0.013  0.009  0.003  0.020 107
0232  0.000  0.000  0.000  0.000  0.000 118
0240  0.000  0.000  0.000  0.000  0.000 108
