# File: carpet/rotate Algorithm = FAST-BRIEF  skip 1 tolerance = 5.0
# (time tick) ( F ) ( F all inside) (precision) (recall) (recall all inside) (tracks)
0001  0.754  0.754  0.912  0.642  0.642 250
0002  0.739  0.739  0.920  0.617  0.617 238
0003  0.694  0.694  0.862  0.580  0.580 239
0004  0.701  0.701  0.867  0.589  0.589 241
0005  0.715  0.716  0.884  0.600  0.602 241
0006  0.721  0.723  0.903  0.600  0.603 236
0007  0.707  0.713  0.865  0.597  0.606 245
0008  0.675  0.683  0.853  0.558  0.569 232
0009  0.681  0.691  0.894  0.549  0.564 218
0010  0.664  0.676  0.868  0.538  0.554 220
0011  0.664  0.682  0.854  0.544  0.568 226
0012  0.654  0.673  0.855  0.530  0.555 220
0013  0.642  0.662  0.844  0.518  0.544 218
0014  0.609  0.630  0.789  0.496  0.524 223
0015  0.610  0.634  0.816  0.487  0.518 212
0016  0.532  0.554  0.763  0.408  0.435 190
0017  0.537  0.560  0.766  0.414  0.441 192
0018  0.526  0.548  0.740  0.408  0.435 196
0019  0.491  0.515  0.711  0.375  0.403 187
0020  0.460  0.484  0.674  0.349  0.378 184
0021  0.487  0.514  0.706  0.372  0.404 187
0022  0.458  0.483  0.685  0.344  0.373 178
0023  0.399  0.420  0.578  0.304  0.330 187
0024  0.383  0.405  0.584  0.285  0.310 173
0025  0.343  0.363  0.543  0.251  0.273 164
0026  0.324  0.346  0.529  0.234  0.257 157
0027  0.248  0.266  0.398  0.180  0.200 161
0028  0.281  0.302  0.445  0.206  0.228 164
0029  0.258  0.276  0.406  0.189  0.209 165
0030  0.259  0.279  0.414  0.189  0.210 162
0031  0.177  0.192  0.312  0.124  0.138 141
0032  0.136  0.147  0.233  0.096  0.107 146
0033  0.147  0.159  0.267  0.101  0.114 135
0034  0.152  0.165  0.262  0.107  0.120 145
0035  0.133  0.145  0.236  0.093  0.105 140
0036  0.123  0.134  0.226  0.085  0.096 133
0037  0.115  0.126  0.215  0.079  0.089 130
0038  0.120  0.132  0.227  0.082  0.093 128
0039  0.074  0.081  0.136  0.051  0.058 132
0040  0.067  0.073  0.127  0.045  0.051 126
0041  0.050  0.056  0.098  0.034  0.039 122
0042  0.025  0.028  0.048  0.017  0.020 125
0043  0.025  0.028  0.050  0.017  0.020 119
0044  0.030  0.033  0.059  0.020  0.023 118
0045  0.017  0.019  0.031  0.011  0.013 127
0046  0.009  0.010  0.018  0.006  0.007 114
0047  0.008  0.009  0.016  0.006  0.007 123
0048  0.017  0.019  0.034  0.011  0.013 119
0049  0.008  0.009  0.016  0.006  0.007 127
0050  0.013  0.015  0.026  0.008  0.010 115
0051  0.008  0.010  0.016  0.006  0.007 123
0052  0.008  0.010  0.017  0.006  0.007 119
0053  0.000  0.000  0.000  0.000  0.000 118
0054  0.004  0.005  0.008  0.003  0.003 132
0055  0.004  0.005  0.009  0.003  0.003 107
0056  0.004  0.005  0.008  0.003  0.003 118
0057  0.000  0.000  0.000  0.000  0.000 112
0058  0.000  0.000  0.000  0.000  0.000 116
0059  0.000  0.000  0.000  0.000  0.000 131
0060  0.000  0.000  0.000  0.000  0.000 122
0061  0.000  0.000  0.000  0.000  0.000 116
0062  0.000  0.000  0.000  0.000  0.000 115
0063  0.000  0.000  0.000  0.000  0.000 117
0064  0.000  0.000  0.000  0.000  0.000 125
0065  0.000  0.000  0.000  0.000  0.000 125
0066  0.000  0.000  0.000  0.000  0.000 124
0067  0.000  0.000  0.000  0.000  0.000 121
0068  0.000  0.000  0.000  0.000  0.000 119
0069  0.000  0.000  0.000  0.000  0.000 114
0070  0.000  0.000  0.000  0.000  0.000 127
0071  0.000  0.000  0.000  0.000  0.000 126
0072  0.000  0.000  0.000  0.000  0.000 116
0073  0.000  0.000  0.000  0.000  0.000 117
0074  0.000  0.000  0.000  0.000  0.000 114
0075  0.000  0.000  0.000  0.000  0.000 121
0076  0.000  0.000  0.000  0.000  0.000 113
0077  0.000  0.000  0.000  0.000  0.000 107
0078  0.000  0.000  0.000  0.000  0.000 116
0079  0.000  0.000  0.000  0.000  0.000 118
0080  0.000  0.000  0.000  0.000  0.000 115
0081  0.000  0.000  0.000  0.000  0.000 124
0082  0.000  0.000  0.000  0.000  0.000 124
0083  0.000  0.000  0.000  0.000  0.000 111
0084  0.000  0.000  0.000  0.000  0.000 117
0085  0.000  0.000  0.000  0.000  0.000 116
0086  0.000  0.000  0.000  0.000  0.000 112
0087  0.000  0.000  0.000  0.000  0.000 112
0088  0.000  0.000  0.000  0.000  0.000 115
0089  0.000  0.000  0.000  0.000  0.000 105
0090  0.000  0.000  0.000  0.000  0.000 113
0091  0.000  0.000  0.000  0.000  0.000 110
0092  0.000  0.000  0.000  0.000  0.000 112
0093  0.000  0.000  0.000  0.000  0.000 114
0094  0.000  0.000  0.000  0.000  0.000 111
0095  0.000  0.000  0.000  0.000  0.000 117
0096  0.000  0.000  0.000  0.000  0.000 115
0097  0.000  0.000  0.000  0.000  0.000 108
0098  0.000  0.000  0.000  0.000  0.000 120
0099  0.000  0.000  0.000  0.000  0.000 119
0100  0.000  0.000  0.000  0.000  0.000 125
0101  0.000  0.000  0.000  0.000  0.000 110
0102  0.000  0.000  0.000  0.000  0.000 124
0103  0.000  0.000  0.000  0.000  0.000 105
0104  0.000  0.000  0.000  0.000  0.000 112
0105  0.000  0.000  0.000  0.000  0.000 119
0106  0.000  0.000  0.000  0.000  0.000 119
0107  0.000  0.000  0.000  0.000  0.000 111
0108  0.000  0.000  0.000  0.000  0.000 122
0109  0.000  0.000  0.000  0.000  0.000 111
0110  0.000  0.000  0.000  0.000  0.000 124
0111  0.000  0.000  0.000  0.000  0.000 121
0112  0.000  0.000  0.000  0.000  0.000 110
0113  0.000  0.000  0.000  0.000  0.000 123
0114  0.000  0.000  0.000  0.000  0.000 114
0115  0.000  0.000  0.000  0.000  0.000 110
0116  0.000  0.000  0.000  0.000  0.000 110
0117  0.000  0.000  0.000  0.000  0.000 106
0118  0.000  0.000  0.000  0.000  0.000 121
0119  0.000  0.000  0.000  0.000  0.000 110
0120  0.000  0.000  0.000  0.000  0.000 116
0121  0.000  0.000  0.000  0.000  0.000 110
0122  0.000  0.000  0.000  0.000  0.000 109
0123  0.000  0.000  0.000  0.000  0.000 120
0124  0.000  0.000  0.000  0.000  0.000 111
0125  0.000  0.000  0.000  0.000  0.000 106
0126  0.000  0.000  0.000  0.000  0.000 110
0127  0.000  0.000  0.000  0.000  0.000 115
0128  0.000  0.000  0.000  0.000  0.000 113
0129  0.000  0.000  0.000  0.000  0.000 115
0130  0.000  0.000  0.000  0.000  0.000 119
0131  0.000  0.000  0.000  0.000  0.000 111
0132  0.000  0.000  0.000  0.000  0.000 115
0133  0.000  0.000  0.000  0.000  0.000 124
0134  0.000  0.000  0.000  0.000  0.000 108
0135  0.000  0.000  0.000  0.000  0.000 110
0136  0.000  0.000  0.000  0.000  0.000 134
0137  0.000  0.000  0.000  0.000  0.000 126
0138  0.000  0.000  0.000  0.000  0.000 110
0139  0.000  0.000  0.000  0.000  0.000 134
0140  0.000  0.000  0.000  0.000  0.000 126
0141  0.000  0.000  0.000  0.000  0.000 125
0142  0.000  0.000  0.000  0.000  0.000 125
0143  0.000  0.000  0.000  0.000  0.000 124
0144  0.000  0.000  0.000  0.000  0.000 119
0145  0.000  0.000  0.000  0.000  0.000 129
0146  0.000  0.000  0.000  0.000  0.000 133
0147  0.000  0.000  0.000  0.000  0.000 117
0148  0.000  0.000  0.000  0.000  0.000 119
0149  0.000  0.000  0.000  0.000  0.000 109
0150  0.000  0.000  0.000  0.000  0.000 122
0151  0.000  0.000  0.000  0.000  0.000 124
0152  0.000  0.000  0.000  0.000  0.000 122
0153  0.000  0.000  0.000  0.000  0.000 118
0154  0.000  0.000  0.000  0.000  0.000 128
0155  0.000  0.000  0.000  0.000  0.000 118
0156  0.000  0.000  0.000  0.000  0.000 122
0157  0.000  0.000  0.000  0.000  0.000 126
0158  0.004  0.005  0.009  0.003  0.004 117
0159  0.000  0.000  0.000  0.000  0.000 125
0160  0.000  0.000  0.000  0.000  0.000 104
0161  0.000  0.000  0.000  0.000  0.000 114
0162  0.000  0.000  0.000  0.000  0.000 116
0163  0.000  0.000  0.000  0.000  0.000 111
0164  0.000  0.000  0.000  0.000  0.000 109
0165  0.004  0.005  0.008  0.003  0.004 124
0166  0.009  0.007  0.019  0.006  0.004 108
0167  0.017  0.018  0.034  0.011  0.012 118
0168  0.025  0.028  0.049  0.017  0.020 122
0169  0.038  0.040  0.074  0.025  0.028 122
0170  0.036  0.038  0.063  0.025  0.028 144
0171  0.046  0.055  0.088  0.031  0.040 125
0172  0.021  0.022  0.038  0.014  0.016 132
0173  0.083  0.098  0.160  0.056  0.071 125
0174  0.093  0.111  0.168  0.065  0.083 137
0175  0.093  0.107  0.164  0.065  0.079 140
0176  0.143  0.170  0.245  0.101  0.130 147
0177  0.130  0.149  0.230  0.090  0.111 139
0178  0.174  0.205  0.293  0.124  0.158 150
0179  0.179  0.205  0.321  0.124  0.150 137
0180  0.227  0.248  0.372  0.163  0.186 156
0181  0.247  0.292  0.404  0.177  0.229 156
0182  0.324  0.367  0.515  0.237  0.285 163
0183  0.381  0.422  0.577  0.285  0.332 175
0184  0.331  0.385  0.524  0.242  0.304 164
0185  0.395  0.439  0.597  0.296  0.348 176
0186  0.480  0.542  0.709  0.363  0.439 182
0187  0.449  0.503  0.658  0.341  0.407 184
0188  0.495  0.539  0.711  0.380  0.435 190
0189  0.538  0.604  0.759  0.417  0.502 195
0190  0.532  0.596  0.742  0.414  0.498 198
0191  0.603  0.653  0.832  0.473  0.538 202
0192  0.618  0.652  0.819  0.496  0.542 215
0193  0.623  0.667  0.831  0.499  0.557 213
0194  0.635  0.685  0.842  0.510  0.577 215
0195  0.630  0.684  0.816  0.513  0.589 223
0196  0.664  0.718  0.868  0.538  0.613 220
0197  0.652  0.692  0.847  0.530  0.585 222
0198  0.655  0.693  0.851  0.532  0.585 222
0199  0.645  0.681  0.838  0.524  0.573 222
