# File: carpet/move_in Algorithm = FAST-BRIEF  skip 1 tolerance = 5.0
# (time tick) ( F ) ( F all inside) (precision) (recall) (recall all inside) (tracks)
0001  0.754  0.754  0.911  0.643  0.643 257
0002  0.778  0.778  0.928  0.670  0.670 263
0003  0.733  0.733  0.900  0.618  0.618 250
0004  0.704  0.704  0.884  0.585  0.585 241
0005  0.693  0.693  0.861  0.580  0.580 245
0006  0.686  0.686  0.841  0.580  0.580 251
0007  0.728  0.729  0.902  0.610  0.612 246
0008  0.719  0.722  0.894  0.602  0.605 245
0009  0.688  0.691  0.857  0.574  0.579 244
0010  0.683  0.689  0.869  0.563  0.571 236
0011  0.672  0.680  0.852  0.555  0.566 237
0012  0.666  0.676  0.844  0.549  0.563 237
0013  0.667  0.679  0.861  0.544  0.561 230
0014  0.661  0.673  0.843  0.544  0.561 235
0015  0.682  0.696  0.879  0.558  0.577 231
0016  0.650  0.663  0.833  0.533  0.551 233
0017  0.701  0.715  0.880  0.582  0.602 241
0018  0.686  0.703  0.876  0.563  0.587 234
0019  0.629  0.649  0.797  0.519  0.548 237
0020  0.624  0.650  0.802  0.511  0.547 232
0021  0.663  0.694  0.850  0.544  0.586 233
0022  0.625  0.654  0.811  0.508  0.547 228
0023  0.658  0.689  0.852  0.536  0.579 229
0024  0.659  0.690  0.862  0.533  0.576 225
0025  0.638  0.670  0.842  0.514  0.557 222
0026  0.657  0.689  0.848  0.536  0.580 230
0027  0.646  0.680  0.835  0.527  0.573 230
0028  0.685  0.720  0.886  0.558  0.606 229
0029  0.663  0.697  0.843  0.547  0.594 236
0030  0.661  0.695  0.856  0.538  0.585 229
0031  0.658  0.692  0.820  0.549  0.599 244
0032  0.679  0.714  0.835  0.571  0.623 249
0033  0.686  0.726  0.853  0.574  0.631 245
0034  0.645  0.682  0.803  0.538  0.592 244
0035  0.662  0.701  0.846  0.544  0.598 234
0036  0.681  0.724  0.875  0.558  0.617 232
0037  0.679  0.725  0.868  0.558  0.623 234
0038  0.656  0.702  0.862  0.530  0.592 224
0039  0.657  0.702  0.855  0.533  0.595 227
0040  0.626  0.669  0.815  0.508  0.567 227
0041  0.660  0.705  0.852  0.538  0.601 230
0042  0.659  0.705  0.862  0.533  0.597 225
0043  0.650  0.697  0.833  0.533  0.599 233
0044  0.626  0.673  0.809  0.511  0.576 230
0045  0.632  0.679  0.820  0.514  0.579 228
0046  0.608  0.654  0.812  0.486  0.548 218
0047  0.669  0.720  0.876  0.541  0.612 225
0048  0.667  0.720  0.841  0.552  0.630 239
0049  0.683  0.742  0.901  0.549  0.631 222
0050  0.628  0.684  0.822  0.508  0.586 225
0051  0.622  0.674  0.817  0.503  0.573 224
0052  0.626  0.681  0.828  0.503  0.578 221
0053  0.645  0.702  0.844  0.522  0.601 225
0054  0.643  0.703  0.858  0.514  0.595 218
0055  0.621  0.681  0.826  0.497  0.579 219
0056  0.639  0.706  0.876  0.503  0.592 209
0057  0.578  0.637  0.790  0.456  0.533 210
0058  0.628  0.698  0.836  0.503  0.599 219
0059  0.551  0.620  0.779  0.426  0.515 199
0060  0.617  0.692  0.836  0.489  0.590 213
0061  0.603  0.681  0.824  0.475  0.581 210
0062  0.615  0.694  0.869  0.475  0.577 199
0063  0.592  0.672  0.824  0.462  0.568 204
0064  0.529  0.601  0.766  0.404  0.495 192
0065  0.551  0.636  0.779  0.426  0.538 199
0066  0.541  0.621  0.757  0.420  0.527 202
0067  0.577  0.658  0.811  0.448  0.554 201
0068  0.547  0.640  0.785  0.420  0.540 195
0069  0.563  0.657  0.791  0.437  0.562 201
0070  0.539  0.633  0.770  0.415  0.536 196
0071  0.520  0.614  0.758  0.396  0.516 190
0072  0.520  0.611  0.747  0.398  0.516 194
0073  0.510  0.602  0.716  0.396  0.518 201
0074  0.535  0.634  0.751  0.415  0.548 201
0075  0.525  0.629  0.740  0.407  0.547 200
0076  0.489  0.591  0.718  0.371  0.502 188
0077  0.466  0.568  0.679  0.354  0.489 190
0078  0.492  0.602  0.710  0.376  0.523 193
0079  0.482  0.593  0.717  0.363  0.506 184
0080  0.433  0.535  0.652  0.324  0.454 181
0081  0.462  0.570  0.674  0.352  0.494 190
0082  0.484  0.603  0.729  0.363  0.514 181
0083  0.433  0.540  0.665  0.321  0.455 176
0084  0.453  0.564  0.678  0.341  0.482 183
0085  0.442  0.556  0.680  0.327  0.470 175
0086  0.408  0.518  0.641  0.299  0.434 170
0087  0.425  0.537  0.637  0.319  0.464 182
0088  0.420  0.538  0.677  0.305  0.446 164
0089  0.417  0.529  0.635  0.310  0.454 178
0090  0.410  0.526  0.627  0.305  0.453 177
0091  0.396  0.514  0.646  0.286  0.426 161
0092  0.388  0.499  0.582  0.291  0.436 182
0093  0.393  0.507  0.602  0.291  0.438 176
0094  0.374  0.486  0.600  0.272  0.409 165
0095  0.356  0.465  0.585  0.255  0.386 159
0096  0.378  0.494  0.591  0.277  0.424 171
0097  0.371  0.492  0.610  0.266  0.413 159
0098  0.373  0.496  0.609  0.269  0.419 161
0099  0.343  0.458  0.548  0.250  0.394 166
0100  0.342  0.465  0.571  0.245  0.392 156
0101  0.332  0.448  0.530  0.242  0.388 166
0102  0.342  0.467  0.571  0.245  0.396 156
0103  0.329  0.451  0.527  0.239  0.394 165
0104  0.294  0.406  0.497  0.209  0.344 153
0105  0.306  0.426  0.534  0.214  0.355 146
0106  0.302  0.418  0.494  0.217  0.362 160
0107  0.296  0.416  0.507  0.209  0.353 150
0108  0.281  0.402  0.486  0.198  0.343 148
0109  0.264  0.379  0.450  0.187  0.327 151
0110  0.251  0.366  0.438  0.176  0.314 146
0111  0.301  0.437  0.506  0.214  0.384 154
0112  0.269  0.391  0.449  0.192  0.347 156
0113  0.247  0.363  0.416  0.176  0.322 154
0114  0.255  0.379  0.445  0.179  0.330 146
0115  0.212  0.319  0.390  0.146  0.270 136
0116  0.201  0.302  0.354  0.140  0.263 144
0117  0.243  0.372  0.462  0.165  0.311 130
0118  0.247  0.377  0.446  0.170  0.326 139
0119  0.205  0.318  0.383  0.140  0.271 133
0120  0.182  0.284  0.344  0.124  0.242 131
0121  0.204  0.316  0.372  0.140  0.274 137
0122  0.204  0.321  0.378  0.140  0.279 135
0123  0.187  0.298  0.359  0.126  0.254 128
0124  0.102  0.162  0.195  0.069  0.139 128
0125  0.145  0.232  0.273  0.099  0.201 132
0126  0.189  0.301  0.351  0.129  0.264 134
0127  0.177  0.283  0.331  0.121  0.247 133
0128  0.199  0.322  0.383  0.135  0.278 128
0129  0.158  0.252  0.280  0.110  0.229 143
0130  0.133  0.216  0.250  0.091  0.191 132
0131  0.130  0.218  0.272  0.085  0.182 114
0132  0.156  0.255  0.285  0.107  0.231 137
0133  0.135  0.226  0.266  0.091  0.196 124
0134  0.123  0.205  0.240  0.082  0.179 125
0135  0.125  0.214  0.261  0.082  0.181 115
0136  0.100  0.171  0.205  0.066  0.147 117
0137  0.118  0.199  0.225  0.080  0.179 129
0138  0.125  0.212  0.235  0.085  0.193 132
0139  0.134  0.229  0.256  0.091  0.208 129
0140  0.132  0.229  0.262  0.088  0.203 122
0141  0.116  0.202  0.235  0.077  0.177 119
0142  0.086  0.151  0.172  0.058  0.134 122
0143  0.123  0.215  0.246  0.082  0.191 122
0144  0.083  0.146  0.168  0.055  0.129 119
0145  0.129  0.224  0.241  0.088  0.209 133
0146  0.094  0.168  0.185  0.063  0.154 124
0147  0.086  0.153  0.167  0.058  0.142 126
0148  0.095  0.172  0.192  0.063  0.155 120
0149  0.078  0.140  0.154  0.052  0.128 123
0150  0.091  0.165  0.183  0.060  0.150 120
0151  0.054  0.098  0.109  0.036  0.090 119
0152  0.086  0.158  0.172  0.058  0.146 122
0153  0.086  0.157  0.165  0.058  0.150 127
0154  0.068  0.128  0.145  0.044  0.114 110
0155  0.055  0.103  0.115  0.036  0.093 113
0156  0.056  0.110  0.131  0.036  0.094 99
0157  0.065  0.122  0.128  0.044  0.116 125
0158  0.059  0.112  0.123  0.038  0.102 114
0159  0.065  0.123  0.128  0.044  0.119 125
0160  0.034  0.066  0.075  0.022  0.059 107
0161  0.042  0.080  0.087  0.027  0.075 115
0162  0.054  0.105  0.114  0.036  0.097 114
0163  0.038  0.074  0.080  0.025  0.069 112
0164  0.067  0.131  0.138  0.044  0.125 116
0165  0.046  0.091  0.094  0.030  0.088 117
0166  0.038  0.077  0.082  0.025  0.073 110
0167  0.042  0.085  0.088  0.027  0.082 114
0168  0.038  0.078  0.080  0.025  0.075 112
0169  0.037  0.075  0.073  0.025  0.077 123
0170  0.033  0.068  0.068  0.022  0.068 118
0171  0.025  0.053  0.056  0.016  0.051 108
0172  0.033  0.070  0.069  0.022  0.071 116
0173  0.029  0.062  0.061  0.019  0.063 114
0174  0.033  0.070  0.067  0.022  0.073 120
0175  0.025  0.053  0.050  0.016  0.056 119
0176  0.017  0.036  0.035  0.011  0.037 114
0177  0.021  0.046  0.044  0.014  0.048 114
0178  0.021  0.047  0.046  0.014  0.048 108
0179  0.021  0.045  0.042  0.014  0.049 120
0180  0.025  0.057  0.055  0.016  0.059 109
0181  0.021  0.048  0.045  0.014  0.051 111
0182  0.017  0.037  0.034  0.011  0.041 117
0183  0.021  0.047  0.042  0.014  0.053 120
0184  0.012  0.029  0.025  0.008  0.033 119
0185  0.017  0.039  0.034  0.011  0.045 117
0186  0.013  0.031  0.028  0.008  0.034 109
0187  0.017  0.040  0.035  0.011  0.047 113
0188  0.017  0.040  0.034  0.011  0.047 116
0189  0.025  0.061  0.053  0.016  0.071 113
0190  0.029  0.070  0.060  0.019  0.083 116
0191  0.009  0.021  0.019  0.005  0.024 106
0192  0.008  0.021  0.018  0.005  0.024 112
0193  0.013  0.031  0.027  0.008  0.037 113
0194  0.004  0.011  0.010  0.003  0.013 103
0195  0.017  0.044  0.038  0.011  0.052 104
0196  0.012  0.030  0.024  0.008  0.041 123
0197  0.013  0.032  0.026  0.008  0.041 115
0198  0.008  0.021  0.018  0.005  0.027 114
0199  0.008  0.022  0.018  0.005  0.027 112
0200  0.004  0.011  0.009  0.003  0.014 109
0201  0.008  0.021  0.016  0.005  0.028 123
0202  0.012  0.032  0.025  0.008  0.042 119
0203  0.008  0.022  0.018  0.005  0.029 111
0204  0.004  0.011  0.009  0.003  0.014 110
0205  0.004  0.011  0.009  0.003  0.015 110
0206  0.008  0.022  0.018  0.005  0.030 114
0207  0.004  0.012  0.010  0.003  0.015 105
0208  0.008  0.021  0.016  0.005  0.031 125
0209  0.013  0.038  0.031  0.008  0.048 97
0210  0.009  0.024  0.019  0.005  0.033 105
0211  0.012  0.034  0.025  0.008  0.051 120
0212  0.017  0.050  0.039  0.011  0.068 102
0213  0.004  0.012  0.010  0.003  0.017 103
0214  0.004  0.012  0.009  0.003  0.017 107
0215  0.017  0.045  0.034  0.011  0.069 118
0216  0.008  0.023  0.018  0.005  0.034 113
0217  0.008  0.024  0.018  0.005  0.034 110
0218  0.004  0.012  0.009  0.003  0.018 111
0219  0.004  0.012  0.009  0.003  0.018 114
0220  0.004  0.013  0.010  0.003  0.018 104
0221  0.004  0.012  0.009  0.003  0.018 110
0222  0.004  0.012  0.008  0.003  0.019 121
0223  0.004  0.012  0.008  0.003  0.020 121
0224  0.004  0.013  0.009  0.003  0.020 107
0225  0.004  0.012  0.009  0.003  0.020 112
0226  0.008  0.025  0.018  0.005  0.041 110
0227  0.000  0.000  0.000  0.000  0.000 112
0228  0.004  0.014  0.010  0.003  0.021 97
0229  0.008  0.025  0.018  0.005  0.042 110
0230  0.004  0.012  0.009  0.003  0.021 116
0231  0.008  0.025  0.017  0.005  0.043 115
0232  0.000  0.000  0.000  0.000  0.000 118
0233  0.009  0.026  0.019  0.005  0.043 106
0234  0.004  0.012  0.009  0.003  0.021 114
0235  0.008  0.024  0.017  0.005  0.043 119
0236  0.004  0.013  0.009  0.003  0.022 112
0237  0.004  0.013  0.010  0.003  0.022 105
0238  0.004  0.013  0.009  0.003  0.022 111
0239  0.000  0.000  0.000  0.000  0.000 100
0240  0.000  0.000  0.000  0.000  0.000 108
