# File: carpet/move_out Algorithm = FAST-BRIEF  skip 4 tolerance = 5.0
# (time tick) ( F ) ( F all inside) (precision) (recall) (recall all inside) (tracks)
0004  0.610  0.610  0.864  0.471  0.471 258
0008  0.569  0.569  0.852  0.427  0.427 237
0012  0.521  0.521  0.790  0.389  0.389 233
0016  0.483  0.483  0.766  0.353  0.353 218
0020  0.426  0.426  0.689  0.309  0.309 212
0024  0.503  0.503  0.795  0.368  0.368 219
0028  0.401  0.401  0.663  0.288  0.288 205
0032  0.395  0.395  0.699  0.275  0.275 186
0036  0.337  0.337  0.615  0.233  0.233 179
0040  0.315  0.315  0.617  0.211  0.211 162
0044  0.280  0.280  0.549  0.188  0.188 162
0048  0.279  0.279  0.543  0.188  0.188 164
0052  0.236  0.236  0.481  0.156  0.156 154
0056  0.207  0.207  0.441  0.135  0.135 145
0060  0.185  0.185  0.401  0.121  0.121 142
0064  0.188  0.188  0.378  0.125  0.125 156
0068  0.189  0.189  0.391  0.125  0.125 151
0072  0.140  0.140  0.303  0.091  0.091 142
0076  0.138  0.138  0.309  0.089  0.089 136
0080  0.119  0.119  0.248  0.078  0.078 149
0084  0.117  0.117  0.257  0.076  0.076 140
0088  0.094  0.094  0.228  0.059  0.059 123
0092  0.087  0.087  0.203  0.055  0.055 128
0096  0.061  0.061  0.151  0.038  0.038 119
0100  0.074  0.074  0.182  0.047  0.047 121
0104  0.050  0.050  0.117  0.032  0.032 128
0108  0.040  0.040  0.098  0.025  0.025 122
0112  0.048  0.048  0.123  0.030  0.030 114
0116  0.043  0.043  0.100  0.027  0.027 130
0120  0.054  0.054  0.129  0.034  0.034 124
0124  0.024  0.024  0.060  0.015  0.015 116
0128  0.041  0.041  0.112  0.025  0.025 107
0132  0.027  0.027  0.063  0.017  0.017 127
0136  0.021  0.021  0.055  0.013  0.013 109
0140  0.038  0.038  0.101  0.023  0.023 109
0144  0.014  0.014  0.040  0.008  0.008 100
0148  0.010  0.010  0.026  0.006  0.006 114
0152  0.007  0.007  0.018  0.004  0.004 111
0156  0.007  0.007  0.017  0.004  0.004 118
0160  0.017  0.017  0.045  0.011  0.011 112
0164  0.007  0.007  0.019  0.004  0.004 103
0168  0.010  0.010  0.027  0.006  0.006 111
0172  0.007  0.007  0.020  0.004  0.004 102
0176  0.007  0.007  0.021  0.004  0.004 96
0180  0.007  0.007  0.019  0.004  0.004 108
0184  0.003  0.003  0.009  0.002  0.002 114
0188  0.003  0.003  0.009  0.002  0.002 109
0192  0.000  0.000  0.000  0.000  0.000 97
0196  0.003  0.003  0.010  0.002  0.002 104
0200  0.000  0.000  0.000  0.000  0.000 100
0204  0.000  0.000  0.000  0.000  0.000 96
0208  0.007  0.007  0.020  0.004  0.004 99
0212  0.004  0.004  0.010  0.002  0.002 97
0216  0.004  0.004  0.010  0.002  0.002 97
0220  0.004  0.004  0.011  0.002  0.002 91
0224  0.000  0.000  0.000  0.000  0.000 97
0228  0.007  0.007  0.019  0.004  0.004 106
