# File: carpet/skew Algorithm = FAST-BRIEF  skip 8 tolerance = 5.0
# (time tick) ( F ) ( F all inside) (precision) (recall) (recall all inside) (tracks)
0008  0.649  0.649  0.831  0.533  0.533 236
0016  0.614  0.625  0.809  0.495  0.510 225
0024  0.594  0.629  0.792  0.476  0.522 221
0032  0.573  0.642  0.793  0.448  0.539 208
0040  0.470  0.546  0.663  0.364  0.464 202
0048  0.459  0.564  0.696  0.342  0.474 181
0056  0.357  0.456  0.554  0.264  0.388 175
0064  0.286  0.399  0.478  0.204  0.342 157
0072  0.217  0.334  0.399  0.149  0.288 138
0080  0.174  0.292  0.319  0.120  0.270 138
0088  0.114  0.201  0.203  0.079  0.199 143
0096  0.064  0.125  0.119  0.043  0.131 135
0104  0.029  0.062  0.060  0.019  0.065 117
0112  0.033  0.073  0.068  0.022  0.080 118
0120  0.025  0.063  0.056  0.016  0.071 108
0128  0.012  0.030  0.025  0.008  0.039 121
0136  0.017  0.043  0.035  0.011  0.054 114
0144  0.012  0.032  0.025  0.008  0.045 119
0152  0.020  0.054  0.041  0.014  0.078 121
0160  0.012  0.034  0.026  0.008  0.048 116
0168  0.021  0.061  0.049  0.014  0.083 103
0176  0.030  0.088  0.070  0.019  0.119 100
0184  0.017  0.051  0.040  0.011  0.068 99
0192  0.021  0.061  0.048  0.014  0.085 105
0200  0.013  0.038  0.030  0.008  0.053 99
0208  0.000  0.000  0.000  0.000  0.000 86
