# list of hand selected 2D points
SETS
53.95061728395062000000 70.98765432098766000000 67.03703703703704000000 158.02469135802470000000 78.27160493827161000000 157.90123456790124000000 89.25925925925927000000 108.27160493827161000000 90.86419753086420000000 108.14814814814815000000 101.72839506172840000000 157.65432098765433000000 113.08641975308643000000 157.77777777777777000000 125.80246913580247000000 71.11111111111111000000 114.44444444444444000000 70.74074074074075000000 106.54320987654322000000 139.75308641975310000000 105.30864197530865000000 138.76543209876544000000 96.04938271604940000000 95.18518518518519000000 83.82716049382717000000 94.93827160493828000000 74.93827160493828000000 139.25925925925927000000 73.20987654320987000000 138.02469135802470000000 65.55555555555556000000 71.23456790123457000000
138.27160493827162000000 71.11111111111111000000 137.90123456790124000000 158.02469135802470000000 190.98765432098767000000 158.14814814814815000000 190.98765432098767000000 147.77777777777777000000 150.00000000000000000000 147.90123456790124000000 149.87654320987656000000 116.91358024691358000000 187.90123456790124000000 116.79012345679013000000 188.02469135802470000000 107.03703703703704000000 150.24691358024690000000 106.79012345679013000000 150.00000000000000000000 80.74074074074075000000 190.12345679012347000000 80.86419753086420000000 190.12345679012347000000 70.86419753086420000000
201.23456790123458000000 70.86419753086420000000 201.23456790123458000000 80.86419753086420000000 227.95918367346937000000 80.91836734693877000000 227.95918367346937000000 157.85714285714283000000 240.20408163265304000000 157.95918367346937000000 239.99999999999997000000 80.81632653061224000000 267.04081632653060000000 80.81632653061224000000 267.04081632653060000000 70.91836734693877000000
272.04081632653060000000 71.02040816326530000000 300.00000000000000000000 117.95918367346938000000 299.89795918367344000000 157.85714285714283000000 312.24489795918370000000 157.95918367346937000000 312.24489795918370000000 118.36734693877550000000 340.00000000000000000000 71.22448979591836000000 327.14285714285710000000 70.81632653061224000000 306.73469387755100000000 108.46938775510203000000 305.20408163265300000000 108.36734693877550000000 284.89795918367344000000 71.12244897959184000000
354.18367346938770000000 70.91836734693877000000 354.08163265306120000000 80.91836734693877000000 372.04081632653060000000 81.02040816326530000000 372.14285714285710000000 147.95918367346937000000 354.08163265306120000000 147.75510204081633000000 354.08163265306120000000 157.95918367346937000000 402.04081632653060000000 158.06122448979590000000 402.14285714285710000000 147.85714285714283000000 384.08163265306120000000 147.95918367346937000000 384.08163265306120000000 81.02040816326530000000 402.14285714285710000000 81.12244897959184000000 402.04081632653060000000 71.02040816326530000000
442.55102040816325000000 71.12244897959184000000 415.91836734693874000000 157.95918367346937000000 428.16326530612240000000 157.85714285714283000000 434.08163265306120000000 136.02040816326530000000 464.18367346938770000000 135.81632653061223000000 470.81632653061223000000 157.65306122448980000000 483.16326530612240000000 157.75510204081633000000 456.83673469387753000000 70.81632653061224000000
499.99999999999994000000 71.11111111111110000000 500.14925373134326000000 157.91044776119404000000 512.23880597014920000000 158.05970149253730000000 511.94029850746267000000 116.71641791044776000000 547.01492537313440000000 117.16417910447761000000 547.01492537313440000000 106.86567164179104000000 511.79104477611940000000 107.01492537313433000000 511.94029850746267000000 80.89552238805970000000 551.04477611940300000000 81.04477611940298000000 551.19402985074620000000 70.89552238805970000000
566.26865671641790000000 70.89552238805970000000 565.97014925373130000000 158.05970149253730000000 578.20895522388060000000 157.91044776119404000000 578.20895522388060000000 116.71641791044776000000 610.00000000000000000000 116.86567164179104000000 610.00000000000000000000 157.86516853932585000000 622.13483146067410000000 157.86516853932585000000 621.91011235955060000000 71.01123595505618000000 610.00000000000000000000 70.78651685393258000000 610.00000000000000000000 106.93877551020407000000 577.95918367346940000000 106.93877551020407000000 577.75510204081630000000 71.02040816326530000000
638.06122448979590000000 71.12244897959184000000 637.85714285714280000000 157.85714285714283000000 650.00000000000000000000 157.85714285714283000000 650.00000000000000000000 123.87755102040815000000 658.67346938775510000000 114.59183673469387000000 687.14285714285710000000 157.85714285714283000000 701.73469387755100000000 157.75510204081633000000 666.93877551020400000000 106.73469387755101000000 700.71428571428570000000 71.22448979591836000000 686.53061224489800000000 71.02040816326530000000 650.20408163265300000000 109.18367346938774000000 650.00000000000000000000 71.12244897959184000000
67.02702702702702000000 210.81081081081080000000 67.02702702702702000000 297.97297297297297000000 121.02040816326530000000 297.95918367346934000000 121.02040816326530000000 287.95918367346934000000 78.97959183673468000000 287.95918367346934000000 78.97959183673468000000 210.91836734693877000000
136.02040816326530000000 210.91836734693877000000 136.02040816326530000000 221.02040816326530000000 179.18367346938774000000 221.12244897959180000000 135.30612244897958000000 288.16326530612240000000 135.10204081632650000000 298.16326530612240000000 193.97959183673467000000 297.85714285714283000000 193.97959183673467000000 287.95918367346934000000 147.34693877551018000000 287.85714285714283000000 192.85714285714283000000 220.61224489795916000000 192.95918367346937000000 210.91836734693877000000
202.85714285714283000000 210.91836734693877000000 227.95918367346937000000 250.81632653061223000000 227.95918367346937000000 252.75510204081630000000 198.87755102040816000000 297.75510204081630000000 211.93877551020407000000 298.06122448979590000000 234.59183673469386000000 260.91836734693874000000 255.91836734693877000000 297.65306122448976000000 269.28571428571430000000 297.65306122448976000000 241.22448979591834000000 252.85714285714283000000 241.12244897959180000000 251.22448979591834000000 267.14285714285710000000 211.02040816326530000000 254.08163265306120000000 210.81632653061223000000 234.89795918367346000000 242.95918367346937000000 215.91836734693877000000 211.22448979591834000000
272.85714285714283000000 211.02040816326530000000 297.85714285714283000000 297.75510204081630000000 312.85714285714283000000 298.06122448979590000000 338.06122448979590000000 211.12244897959180000000 325.40816326530610000000 210.91836734693877000000 305.51020408163265000000 286.93877551020404000000 284.89795918367344000000 211.02040816326530000000
350.10204081632650000000 210.81632653061223000000 349.89795918367344000000 297.95918367346934000000 361.02040816326530000000 297.85714285714283000000 361.22448979591830000000 227.55102040816325000000 390.00000000000000000000 297.75510204081630000000 404.99999999999994000000 297.95918367346934000000 405.10204081632650000000 211.02040816326530000000 393.97959183673464000000 210.91836734693877000000 393.67346938775506000000 281.53061224489795000000 364.79591836734690000000 211.22448979591834000000
418.97959183673464000000 211.02040816326530000000 418.77551020408160000000 297.75510204081630000000 430.10204081632650000000 297.85714285714283000000 430.10204081632650000000 222.34693877551018000000 445.10204081632650000000 266.73469387755100000000 454.59183673469386000000 266.83673469387753000000 469.69387755102036000000 222.24489795918365000000 469.89795918367344000000 297.75510204081630000000 481.12244897959180000000 297.95918367346934000000 481.02040816326524000000 210.91836734693877000000 464.99999999999994000000 211.02040816326530000000 450.81632653061223000000 253.67346938775510000000 449.18367346938770000000 253.67346938775510000000 434.99999999999994000000 211.12244897959180000000
491.32653061224490000000 256.12244897959180000000 552.04081632653060000000 231.83673469387753000000 552.14285714285710000000 242.65306122448980000000 504.28571428571420000000 260.10204081632650000000 504.18367346938770000000 261.93877551020404000000 551.83673469387750000000 279.28571428571430000000 552.14285714285710000000 290.20408163265300000000 491.12244897959180000000 265.91836734693874000000
563.26530612244890000000 231.83673469387753000000 624.08163265306120000000 255.91836734693877000000 624.08163265306120000000 266.02040816326530000000 562.95918367346940000000 290.20408163265300000000 562.95918367346940000000 278.97959183673470000000 610.00000000000000000000 261.63265306122446000000 610.00000000000000000000 260.10204081632650000000 563.16326530612240000000 242.85714285714283000000
51.00840336134453400000 346.97478991596637000000 57.39495798319327000000 390.84033613445376000000 62.94117647058823000000 390.92436974789916000000 68.31932773109243000000 367.39495798319325000000 69.74789915966386000000 367.31092436974790000000 74.70588235294117000000 390.58823529411760000000 80.67226890756302000000 390.75630252100837000000 87.05882352941177000000 346.89075630252097000000 82.01680672268907000000 346.89075630252097000000 76.63865546218487000000 380.50420168067230000000 72.01680672268907000000 358.90756302521010000000 65.96638655462185000000 358.82352941176470000000 61.42857142857142000000 380.16806722689074000000 56.05042016806723000000 346.97478991596637000000
94.03361344537815000000 346.89075630252097000000 93.94957983193277000000 391.00840336134450000000 121.09243697478992000000 390.92436974789916000000 121.00840336134453000000 385.79831932773106000000 98.99159663865547000000 385.88235294117646000000 98.99159663865547000000 369.91596638655460000000 120.00000000000000000000 370.08403361344534000000 119.91596638655462000000 364.95798319327730000000 98.99159663865547000000 364.95798319327730000000 99.07563025210084000000 352.01680672268907000000 119.91596638655462000000 352.01680672268907000000 120.00000000000000000000 346.80672268907560000000
126.00000000000000000000 347.00000000000000000000 126.05000000000000000000 351.95000000000000000000 140.00000000000000000000 351.95000000000000000000 139.95000000000000000000 390.90000000000000000000 145.10000000000000000000 391.05000000000000000000 145.05000000000000000000 351.95000000000000000000 158.95000000000000000000 352.00000000000000000000 159.00000000000000000000 347.05000000000000000000
163.00000000000000000000 347.05000000000000000000 176.85000000000000000000 370.80000000000000000000 176.90000000000000000000 391.00000000000000000000 182.00000000000000000000 391.00000000000000000000 182.10000000000000000000 370.75000000000000000000 196.05000000000000000000 347.05000000000000000000 190.15000000000000000000 347.05000000000000000000 179.50000000000000000000 365.05000000000000000000 168.95000000000000000000 347.05000000000000000000
205.00000000000000000000 346.95000000000000000000 205.00000000000000000000 352.00000000000000000000 214.00000000000000000000 352.00000000000000000000 214.00000000000000000000 386.00000000000000000000 205.05000000000000000000 386.00000000000000000000 205.00000000000000000000 390.95000000000000000000 228.05000000000000000000 390.90000000000000000000 228.05000000000000000000 386.00000000000000000000 219.05000000000000000000 385.95000000000000000000 219.00000000000000000000 352.00000000000000000000 228.00000000000000000000 351.95000000000000000000 228.00000000000000000000 347.05000000000000000000
237.05000000000000000000 391.00000000000000000000 250.20000000000000000000 347.10000000000000000000 257.65000000000000000000 347.10000000000000000000 271.30000000000000000000 390.95000000000000000000 265.30000000000000000000 391.00000000000000000000 261.95000000000000000000 380.00000000000000000000 245.95000000000000000000 380.10000000000000000000 242.10000000000000000000 390.95000000000000000000
278.95000000000000000000 391.00000000000000000000 279.00000000000000000000 346.90000000000000000000 305.05000000000000000000 346.90000000000000000000 305.00000000000000000000 352.10000000000000000000 284.00000000000000000000 351.95000000000000000000 284.00000000000000000000 364.95000000000000000000 303.00000000000000000000 365.00000000000000000000 302.95000000000000000000 370.00000000000000000000 284.00000000000000000000 370.05000000000000000000 284.05000000000000000000 390.95000000000000000000
314.00000000000000000000 390.95000000000000000000 313.95000000000000000000 346.95000000000000000000 319.05000000000000000000 347.00000000000000000000 319.00000000000000000000 364.95000000000000000000 336.95000000000000000000 365.00000000000000000000 337.00000000000000000000 346.95000000000000000000 342.00000000000000000000 347.00000000000000000000 342.05000000000000000000 391.00000000000000000000 337.00000000000000000000 391.05000000000000000000 337.00000000000000000000 369.85000000000000000000 319.05000000000000000000 369.95000000000000000000 319.00000000000000000000 390.95000000000000000000
350.95000000000000000000 391.00000000000000000000 351.05000000000000000000 347.00000000000000000000 356.05000000000000000000 347.05000000000000000000 356.10000000000000000000 365.95000000000000000000 374.00000000000000000000 346.95000000000000000000 381.30000000000000000000 347.10000000000000000000 364.45000000000000000000 364.45000000000000000000 364.50000000000000000000 365.70000000000000000000 381.95000000000000000000 390.85000000000000000000 375.80000000000000000000 391.10000000000000000000 360.80000000000000000000 368.70000000000000000000 356.00000000000000000000 372.95000000000000000000 356.00000000000000000000 390.95000000000000000000
389.95000000000000000000 391.00000000000000000000 390.00000000000000000000 346.95000000000000000000 395.00000000000000000000 347.00000000000000000000 394.95000000000000000000 386.00000000000000000000 417.00000000000000000000 385.95000000000000000000 417.00000000000000000000 391.00000000000000000000
426.05000000000000000000 390.90000000000000000000 426.15000000000000000000 385.70000000000000000000 448.85000000000000000000 352.10000000000000000000 427.00000000000000000000 352.00000000000000000000 427.00000000000000000000 346.95000000000000000000 454.95000000000000000000 346.95000000000000000000 455.10000000000000000000 352.05000000000000000000 432.15000000000000000000 385.95000000000000000000 456.00000000000000000000 385.90000000000000000000 456.10000000000000000000 391.00000000000000000000
459.00000000000000000000 390.80000000000000000000 473.25000000000000000000 368.45000000000000000000 473.30000000000000000000 367.20000000000000000000 461.05000000000000000000 347.00000000000000000000 466.95000000000000000000 347.00000000000000000000 476.55000000000000000000 362.80000000000000000000 477.35000000000000000000 362.80000000000000000000 487.05000000000000000000 347.00000000000000000000 493.00000000000000000000 347.00000000000000000000 480.10000000000000000000 366.90000000000000000000 480.15000000000000000000 368.20000000000000000000 494.20000000000000000000 390.85000000000000000000 487.95000000000000000000 390.85000000000000000000 477.15000000000000000000 372.60000000000000000000 476.40000000000000000000 372.60000000000000000000 464.95000000000000000000 390.90000000000000000000
497.05000000000000000000 347.00000000000000000000 509.95000000000000000000 390.90000000000000000000 517.10000000000000000000 390.90000000000000000000 529.90000000000000000000 346.90000000000000000000 524.80000000000000000000 346.95000000000000000000 513.60000000000000000000 384.65000000000000000000 502.10000000000000000000 347.00000000000000000000
535.86206896551720000000 390.97701149425285000000 535.86206896551720000000 346.89655172413790000000 543.04597701149420000000 347.01149425287355000000 558.90804597701140000000 382.75862068965510000000 559.02298850574710000000 346.95402298850570000000 564.02298850574710000000 346.95402298850570000000 564.08045977011490000000 391.03448275862064000000 556.89655172413790000000 390.91954022988500000000 541.14942528735630000000 355.51724137931030000000 540.91954022988500000000 390.91954022988500000000
571.95402298850570000000 390.91954022988500000000 572.01149425287350000000 346.95402298850570000000 579.48275862068950000000 347.12643678160913000000 587.52873563218380000000 368.56321839080454000000 595.05747126436780000000 347.12643678160913000000 602.98850574712640000000 346.95402298850570000000 603.04597701149420000000 390.86206896551720000000 597.98850574712640000000 390.97701149425285000000 597.75862068965510000000 353.50574712643675000000 589.99999999999990000000 374.94252873563215000000 585.11494252873560000000 374.94252873563215000000 577.12643678160910000000 353.39080459770110000000 577.01149425287350000000 390.91954022988500000000
608.96551724137920000000 369.99999999999994000000 639.88505747126430000000 357.87356321839076000000 639.94252873563210000000 363.73563218390800000000 615.40229885057470000000 372.41379310344826000000 639.77011494252860000000 381.49425287356320000000 639.94252873563210000000 387.06896551724134000000 608.96551724137920000000 374.82758620689650000000
645.97701149425280000000 357.87356321839076000000 677.01149425287350000000 369.99999999999994000000 677.01149425287350000000 374.99999999999994000000 645.91954022988500000000 387.06896551724134000000 646.03448275862060000000 381.43678160919535000000 670.63218390804590000000 372.47126436781605000000 646.03448275862060000000 362.87356321839076000000
174.98207885304657000000 446.98924731182790000000 177.99283154121864000000 468.96057347670245000000 181.00358422939067000000 468.85304659498206000000 183.22580645161290000000 458.92473118279565000000 184.76702508960570000000 459.03225806451610000000 186.77524429967426000000 468.89250814332246000000 189.96742671009770000000 469.02280130293155000000 193.02931596091204000000 447.03583061889250000000 189.96742671009770000000 446.97068403908790000000 187.55700325732897000000 462.05211726384360000000 185.43973941368077000000 453.06188925081430000000 182.76872964169380000000 453.06188925081430000000 180.48859934853420000000 462.05211726384360000000 177.98045602605862000000 447.06840390879470000000
198.01302931596090000000 446.97068403908790000000 211.00977198697066000000 446.97068403908790000000 211.04234527687294000000 449.93485342019540000000 201.04234527687294000000 449.99999999999994000000 201.04234527687294000000 455.96091205211724000000 209.99999999999997000000 455.92833876221493000000 209.99999999999997000000 458.92508143322470000000 201.04234527687294000000 458.95765472312700000000 201.00977198697066000000 466.02605863192180000000 211.04234527687294000000 465.99348534201950000000 211.04234527687294000000 468.92508143322470000000 197.98045602605862000000 468.99022801302925000000
215.99348534201950000000 447.00325732899020000000 233.02931596091204000000 446.97068403908790000000 232.99674267100974000000 449.93485342019540000000 225.96091205211724000000 449.96742671009770000000 225.99348534201950000000 468.92508143322470000000 222.96416938110747000000 468.99022801302925000000 222.99674267100974000000 449.96742671009770000000 216.02605863192180000000 449.96742671009770000000
236.02605863192180000000 447.03583061889250000000 242.96416938110747000000 459.12052117263840000000 242.93159609120520000000 468.99022801302925000000 246.12377850162864000000 468.99022801302925000000 246.02605863192180000000 459.05537459283386000000 253.06188925081432000000 447.03583061889250000000 249.73941368078172000000 447.00325732899020000000 244.52768729641693000000 455.66775244299670000000 239.57654723127033000000 447.06840390879470000000
258.04560260586317000000 446.97068403908790000000 258.04560260586317000000 449.99999999999994000000 262.99674267100977000000 449.96742671009770000000 263.02931596091200000000 466.05863192182410000000 258.04560260586317000000 465.99348534201950000000 258.04560260586317000000 468.99022801302925000000 271.00977198697063000000 469.05537459283386000000 271.04234527687294000000 465.96091205211724000000 266.02605863192180000000 465.99348534201950000000 265.99348534201954000000 449.93485342019540000000 271.00977198697063000000 449.99999999999994000000 271.04234527687294000000 447.03583061889250000000
275.92833876221493000000 468.95765472312700000000 282.89902280130290000000 446.97068403908790000000 286.09120521172633000000 446.97068403908790000000 293.09446254071656000000 468.95765472312700000000 290.03257328990225000000 468.99022801302925000000 288.01302931596086000000 464.00651465798040000000 281.04234527687294000000 464.07166123778495000000 279.02280130293155000000 468.92508143322470000000
297.94788273615630000000 468.95765472312700000000 298.01302931596086000000 446.97068403908790000000 311.04234527687294000000 446.97068403908790000000 311.04234527687294000000 449.83713355048855000000 301.00977198697063000000 449.99999999999994000000 301.04234527687294000000 455.96091205211724000000 310.03257328990225000000 456.02605863192180000000 310.03257328990225000000 458.95765472312700000000 301.00977198697063000000 459.02280130293155000000 301.04234527687294000000 468.95765472312700000000
316.97068403908790000000 468.92508143322470000000 317.00325732899020000000 447.03583061889250000000 319.99999999999994000000 446.97068403908790000000 320.03257328990225000000 455.92833876221493000000 328.01302931596086000000 455.96091205211724000000 328.04560260586317000000 447.00325732899020000000 330.97719869706840000000 447.03583061889250000000 331.00977198697063000000 468.92508143322470000000 328.04560260586317000000 468.99022801302925000000 328.01302931596086000000 458.95765472312700000000 319.96742671009770000000 458.99022801302925000000 320.03257328990225000000 468.95765472312700000000
337.00325732899020000000 446.93811074918560000000 339.99999999999994000000 447.00325732899020000000 340.03257328990225000000 456.57980456026050000000 349.05537459283386000000 447.00325732899020000000 352.54071661237780000000 447.03583061889250000000 344.23452768729640000000 456.09120521172633000000 352.96416938110747000000 468.95765472312700000000 349.02280130293155000000 469.02280130293155000000 342.86644951140060000000 458.92508143322470000000 341.07491856677524000000 459.02280130293155000000 340.13029315960910000000 459.99999999999994000000 340.03257328990225000000 468.95765472312700000000 336.97068403908790000000 468.99022801302925000000
358.01302931596086000000 447.00325732899020000000 361.00977198697063000000 447.03583061889250000000 360.97719869706840000000 465.96091205211724000000 371.98697068403910000000 465.92833876221493000000 372.01954397394130000000 468.95765472312700000000 357.94788273615630000000 468.99022801302925000000
377.03583061889250000000 446.97068403908790000000 377.00325732899020000000 450.03257328990225000000 387.75244299674260000000 450.16286644951134000000 377.10097719869700000000 466.02605863192180000000 376.97068403908790000000 469.02280130293155000000 392.05211726384360000000 469.02280130293155000000 391.98697068403910000000 465.96091205211724000000 381.00977198697063000000 465.96091205211724000000 391.95439739413680000000 449.96742671009770000000 391.98697068403910000000 447.06840390879470000000
396.05863192182410000000 447.03583061889250000000 402.96416938110747000000 456.84039087947880000000 402.99674267100970000000 458.14332247557000000000 395.99348534201950000000 468.92508143322470000000 399.86970684039085000000 468.95765472312700000000 404.26710097719865000000 461.04234527687294000000 405.27687296416934000000 460.97719869706840000000 410.48859934853414000000 468.92508143322470000000 414.00651465798040000000 468.89250814332246000000 407.00325732899020000000 458.04560260586317000000 407.00325732899020000000 457.03583061889250000000 414.07166123778495000000 447.03583061889250000000 410.13029315960910000000 447.00325732899020000000 405.53745928338760000000 453.90879478827355000000 404.16938110749180000000 453.97394136807816000000 399.96742671009770000000 447.03583061889250000000
416.02605863192180000000 446.97068403908790000000 421.95439739413680000000 468.85993485342016000000 425.96091205211724000000 468.89250814332246000000 431.88925081433223000000 447.06840390879470000000 428.99022801302925000000 447.00325732899020000000 424.95114006514655000000 462.80130293159607000000 423.22475570032570000000 462.99674267100970000000 418.92508143322470000000 447.10097719869700000000
437.03583061889250000000 446.97068403908790000000 436.97068403908790000000 468.95765472312700000000 440.03257328990225000000 468.95765472312700000000 439.99999999999994000000 451.82410423452760000000 447.06840390879470000000 468.99022801302925000000 451.04234527687294000000 468.95765472312700000000 450.97719869706840000000 447.00325732899020000000 448.04560260586317000000 447.00325732899020000000 448.04560260586317000000 464.10423452768725000000 440.94462540716610000000 447.00325732899020000000
456.02362204724403000000 446.96850393700780000000 455.98425196850390000000 469.01574803149600000000 459.05511811023620000000 468.97637795275585000000 459.05511811023620000000 451.06299212598424000000 462.95275590551176000000 460.94488188976374000000 465.03937007874010000000 460.86614173228344000000 468.97637795275585000000 450.43307086614170000000 469.01574803149600000000 468.97637795275585000000 472.04724409448810000000 468.93700787401570000000 472.00787401574800000000 447.00787401574800000000 467.95275590551176000000 447.00787401574800000000 464.64566929133855000000 456.92913385826770000000 463.66141732283460000000 457.04724409448820000000 459.84251968503935000000 447.00787401574800000000
475.98425196850390000000 458.03149606299206000000 490.94488188976374000000 452.00787401574800000000 491.06299212598424000000 454.76377952755900000000 479.68503937007870000000 459.48818897637790000000 490.94488188976374000000 463.97637795275585000000 491.02362204724403000000 467.04724409448810000000 475.94488188976374000000 460.90551181102360000000
496.04606299212580000000 451.96850393700780000000 510.98425196850390000000 458.03149606299206000000 510.98425196850390000000 460.90551181102360000000 496.02362204724403000000 467.00787401574800000000 496.02362204724403000000 464.01574803149600000000 507.16535433070860000000 459.52755905511805000000 495.90551181102360000000 454.88188976377950000000
