# GENERATOR QrCodeRegression
# Elapsed time in milliseconds

default
                              N       Mean      P05      P50      P95      MAX
  blurred                      53   31.905  1.58519  9.68364  110.185  143.282
  bright_spots                 33  73.5089  .986962  97.3706  116.834  118.992
  brightness                   28  68.6092   2.5391  78.2589  108.016  121.002
  close                        42  51.5727  1.71452  61.4124  99.6397  104.303
  curved                       67  28.4208  2.64696  10.0596  98.5538  109.615
  damaged                      48  14.6363  3.67567  10.9905  26.1335  71.6654
  glare                        56   21.313  1.80327   7.6963  72.8698  90.6328
  high_version                 34  23.8037  1.94944  19.7074  54.6686  68.6198
  lots                          8  193.937  20.9927  207.929  230.628  241.709
  monitor                      25  45.0172  15.6534  43.2921  73.0662  89.3703
  nominal                     125  15.4387  2.77424  12.5348  54.1666  86.4171
  noncompliant                 67  9.71938  2.13995  8.67786  16.5946   31.508
  pathological                 26  1.08591  .628311   .80766  3.22404  3.67456
  perspective                  43  5.41756  3.76099  4.04057  11.5347  11.7962
  rotations                    44  18.6524  15.5538  17.9766   23.015  25.2242
  shadows                      19  25.3757  3.99209  19.3475  81.4427  83.4019

Summary:
                              N       Mean      P05      P50      P95      MAX
  default                     718  27.3474  1.71452  13.2179  101.128  241.709
