# GENERATOR FiducialRegression
# Elapsed time in milliseconds

BinaryRobust
                              N       Mean      P05      P50      P95      MAX
  distance_angle               10  21.9463  10.9082  16.8543  21.0114  69.8541
  distance_straight            10  10.1508   8.6302  9.82338  10.8949  11.1167
  motion_blur                   9  11.9824  8.10741  11.4717  14.0599  15.9451
  rotation                     12  12.4672  10.2325  12.4774  14.7708  14.8798
  static_front_close          101  3.90289  3.74612  3.89853  4.06956   4.4095
  static_front_far            100  2.83526  2.62849  2.82497  3.03913  3.26903
  static_scene                101  5.45871  5.22821  5.45179  5.70765  5.97623
  set01                       373  3.21067  2.72353  3.16358  3.83182   4.3132

BinaryFast
                              N       Mean      P05      P50      P95      MAX
  distance_angle               10   2.2037  1.15508  1.68711  2.33919  6.05456
  distance_straight            10  1.84799  1.40365  1.76144  2.34943  2.35432
  motion_blur                   9  4.15244  2.95358  4.14577  5.40077  5.74185
  rotation                     12  1.33495  .783808  1.38879  1.77951  1.94354
  static_front_close          101   .47621  .464763  .474146  .493995  .594172
  static_front_far            100   .54471  .513729  .536752  .583055  .749869
  static_scene                101  2.77674  2.61558  2.74833  3.03479  3.24067
  set01                       373  1.15694  .709524  1.12903  1.70512  2.23929

ImageRobust
                              N       Mean      P05      P50      P95      MAX
  distance_angle                9  10.0268  8.30254  9.58747  11.2992  12.0816
  distance_straight             9  8.62751   6.7191  8.35579   10.639  11.7883
  hard                         11   17.428  9.55258   16.458  23.5871  24.6457
  motion_blur                   8  7.40694  3.84156  7.31535  9.27359  10.0116
  rotation                     13  10.9044  6.99908  11.0562  12.7113  12.9351
  static_front_close          193  3.53918  3.45723  3.53369  3.63211  3.92187
  static_front_far            100  3.84719  3.42684  3.80684  4.34928  4.56574
  static_scene                308  7.54867  7.13492  7.55051   7.9295  8.18706
  set01                       411  3.88102  3.11702  3.88506  4.70326  5.91004

ImageFast
                              N       Mean      P05      P50      P95      MAX
  distance_angle                9  2.17932  1.64308  2.22863  2.45963  2.60512
  distance_straight             9   1.6465  1.11803  1.46661  2.19146  2.65588
  hard                         11  7.67024  5.70111  6.90915  9.83227  10.4526
  motion_blur                   8  4.34915  3.91078  4.23399  4.82429   4.9579
  rotation                     13  1.24016  .906575  1.24778  1.39767  1.71905
  static_front_close          193  .636718  .606818  .630439  .669692  1.21299
  static_front_far            100  1.04233  .888595  1.02102  1.15237  2.20329
  static_scene                308  4.98629   4.6762  4.99226  5.29157  5.47102
  set01                       411  1.66283   1.2232  1.66273  2.19911  2.60344

ChessboardBinary
                              N       Mean      P05      P50      P95      MAX
  distance_angle                6  19.3528  8.17381  8.97891  22.2805  58.7147
  distance_straight             8  8.13695  7.00903  8.00519  8.82047  9.04312
  distant                       7  17.9701  12.4774  17.4995  22.4836  24.8206
  motion_blur                  13  6.00298  4.63452  6.13828  6.75342  6.75569
  rotation_flat                12  16.5225  12.9175  15.6274  20.1725  23.7256
  rotation_vertical             7  7.31807  6.51548  7.04947  8.22085   8.5321
  shadow                       15  15.5621  7.98857  14.5891  23.2104  25.7127
  front_close                 201  6.39647  5.95826  6.37286  6.89356  7.38461
  front_far                   201  6.37892  5.98374   6.3576  6.86377  7.54231
  set01                       959  5.42045  4.63337   5.5038  6.14018  6.47767

ChessboardXCorner
                              N       Mean      P05      P50      P95      MAX
  distance_angle                6  30.0807  17.9129  19.8927  28.8684  74.4505
  distance_straight             8  16.5303  14.9552  16.3561  17.4725  18.2277
  distant                       7  23.7929   20.069  22.6859  26.3512  29.1791
  motion_blur                  13  8.48679   8.1398  8.41211  9.14194   9.3658
  rotation_flat                12  21.7297  20.2823  21.6139  23.1187  24.0503
  rotation_vertical             7  15.2942  14.6601  15.3456   15.451  16.7575
  shadow                       15   20.567  12.0156  20.8064  29.4849    30.46
  front_close                 201  9.93058  9.61121  9.88005  10.3709  12.5835
  front_far                   201  10.6994  10.4221    10.64   11.031  16.5571
  set01                       959  9.26723  8.72905  9.14026  10.0226  15.4933

SquareGrid
                              N       Mean      P05      P50      P95      MAX
  distance_angle                6  6.50299  4.47898  6.00399  6.91174  10.2198
  distance_straight             7   4.0901  3.52996  3.97227  4.37312  5.26123
  distant                       7  8.71989   5.5318  8.81018  10.0382  11.7606
  motion_blur                   8  1.99453  1.79349  1.99106  2.11786  2.15432
  rotation                      7   3.3983  3.25881  3.33745  3.46778  3.81404
  front_close                 200  3.40195  3.07362  3.35686  3.76338  7.01542
  front_far                   200  4.60961  3.88853  4.62675   5.3403  5.97053
  set0                        368  1.85023  1.64157  1.83839  2.11461  2.36413

CircleHexagonal
                              N       Mean      P05      P50      P95      MAX
  distance_angle               11  10.6914  7.98823  9.55001  11.6349  23.1291
  distance_straight            12  7.01795  5.89313  7.06896  7.69492  7.93099
  motion_blur                  13   2.9979  1.82559  3.12921  3.43127  4.26089
  rotation                      9  6.60906  5.99643    6.617  6.99422  7.09899
  angled_5x6                   52  7.00478  6.57062  6.97855  7.46313  7.65847
  front_close_24x28            45  31.4068  30.0152  31.1442  34.5571  35.7085
  front_close_5x6              47  3.58398  3.38873  3.58691  3.75553  3.83251
  front_far_5x6                55  6.15371  5.67514   6.0946  6.68483  6.84817
  24x28_hard                   14  21.8995  5.98599  21.6139  26.2929  33.5279
  24x28_set0                   59  25.6972  25.0836  25.6189  26.6874  27.0127
  5x6_hard                      2  3.62858  3.35257  3.35257  3.35257   3.9046
  5x6_set0                     68  5.53953  3.94852  4.92833  8.62475  9.21958

CircleRegular
                              N       Mean      P05      P50      P95      MAX
  distance_angle               12  5.21578  3.98943  5.22213  5.91735  5.95126
  distance_straight            14  4.92706  3.79194  5.13665  5.58876  5.70503
  motion_blur                  12  2.29385  1.66407  2.32508  2.71157  2.73762
  rotation                      9  7.11755  5.05749  7.45213  8.78549  8.79704
  angled                      100  6.58126  5.99321  6.71628  7.15535  7.26632
  front_close                 100   4.2569  3.99433  4.25227  4.50962  4.68303
  front_far                   100  5.26824  4.71697  5.29442   5.7875  5.90602
  set01                       141  5.54088  3.33199  5.68604  6.59153  9.31742
  set02                        16  9.76635  6.07495  7.80573  17.0921  17.5395

Uchiya
                              N       Mean      P05      P50      P95      MAX
  distance                     24  32.4276  13.6381   32.193  40.2301  70.9066
  highres_lots                  8  529.165  457.277  502.891  610.375  662.633
  highres_rotate_z             19  693.609  449.509  652.602  878.004  925.933
  motion_blur                  15  17.2187  3.69975  17.2092  32.9304  44.6304
  rotate_x                     16  36.1194  16.7523  31.6648  38.6043  130.006
  rotate_z                     19  38.2249  33.1576  36.4614  44.0205  65.8385
  shadow_overlapping           11  34.6565  30.4228  33.9486  38.7785  39.3634
  static01                    106  27.1698  25.3819  26.8961  29.1177  31.5358
  static02                    107  32.2378  30.1402  32.2136  34.2673  36.9404
  visible01                   211  35.2735  31.5882  35.1338  39.2078   67.097

Summary:
                              N       Mean      P05      P50      P95      MAX
  BinaryRobust                716  4.19699  2.71644  3.33566  9.73704  69.8541
  BinaryFast                  716  1.26881  .467846  1.08605  2.83909  6.05456
  ImageRobust                1062  5.22456   3.2926  4.03566  7.93971  24.6457
  ImageFast                  1062  2.46332  .620186  1.69358  5.18083  10.4526
  ChessboardBinary           1429  6.04201  4.68919  5.76357  6.89356  58.7147
  ChessboardXCorner          1429  10.0069  8.73398  9.53013   11.031  74.4505
  SquareGrid                  803  3.05309  1.66647  3.17064  5.06026  11.7606
  CircleHexagonal             387  12.3809  3.43574  6.74626  31.3522  35.7085
  CircleRegular               504  5.49865  3.94693  5.50514  7.09212  17.5395
  Uchiya                      536  63.2575  25.4613  32.9269  130.006  925.933
