# File: bricks/skew Algorithm = FH-SURF-KLT  skip 8 tolerance = 5.0
# (time tick) ( F ) ( F all inside) (precision) (recall) (recall all inside) (tracks)
0008  0.964  0.970  0.998  0.933  0.944 474
0016  0.939  0.967  0.991  0.892  0.944 456
0024  0.872  0.943  0.969  0.793  0.918 415
0032  0.690  0.799  0.883  0.566  0.730 325
0040  0.644  0.810  0.853  0.517  0.771 307
0048  0.559  0.761  0.799  0.430  0.727 273
0056  0.519  0.733  0.773  0.391  0.697 256
0064  0.509  0.746  0.783  0.377  0.713 244
0072  0.445  0.686  0.702  0.325  0.671 235
0080  0.442  0.688  0.709  0.321  0.668 230
0088  0.427  0.671  0.716  0.304  0.631 215
0096  0.369  0.583  0.621  0.262  0.548 214
0104  0.354  0.585  0.602  0.250  0.568 211
0112  0.325  0.540  0.598  0.223  0.493 189
