# File: bricks/rotate Algorithm = FH-SURF-KLT  skip 8 tolerance = 5.0
# (time tick) ( F ) ( F all inside) (precision) (recall) (recall all inside) (tracks)
0008  0.896  0.912  0.981  0.824  0.853 425
0016  0.746  0.782  0.916  0.628  0.682 347
0024  0.618  0.673  0.825  0.494  0.568 303
0032  0.576  0.646  0.824  0.443  0.531 272
0040  0.564  0.640  0.795  0.437  0.536 278
0048  0.658  0.761  0.857  0.534  0.684 315
0056  0.628  0.729  0.851  0.498  0.637 296
0064  0.614  0.719  0.864  0.476  0.615 279
0072  0.634  0.745  0.848  0.506  0.665 302
0080  0.511  0.597  0.751  0.387  0.496 261
0088  0.524  0.612  0.747  0.403  0.518 273
0096  0.553  0.626  0.790  0.425  0.518 272
0104  0.761  0.827  0.947  0.636  0.734 340
0112  0.814  0.838  0.957  0.708  0.745 374
0120  0.809  0.817  0.954  0.702  0.714 372
