# File: bricks/move_in Algorithm = FH-SURF-KLT  skip 8 tolerance = 5.0
# (time tick) ( F ) ( F all inside) (precision) (recall) (recall all inside) (tracks)
0008  0.998  0.998  1.000  0.996  0.996 547
0016  0.953  0.960  0.983  0.925  0.939 517
0024  0.927  0.952  0.984  0.876  0.923 489
0032  0.922  0.963  0.990  0.863  0.939 479
0040  0.907  0.957  0.985  0.840  0.931 468
0048  0.901  0.965  0.985  0.831  0.946 463
0056  0.892  0.979  0.991  0.811  0.967 449
0064  0.870  0.960  0.975  0.785  0.945 442
0072  0.839  0.943  0.969  0.740  0.919 419
0080  0.831  0.949  0.978  0.723  0.921 406
0088  0.796  0.933  0.943  0.689  0.924 401
0096  0.755  0.926  0.943  0.630  0.911 367
0104  0.743  0.938  0.931  0.617  0.944 364
0112  0.737  0.945  0.936  0.608  0.954 357
0120  0.723  0.943  0.939  0.588  0.947 344
0128  0.676  0.918  0.910  0.537  0.925 324
0136  0.648  0.916  0.900  0.506  0.933 309
0144  0.606  0.882  0.846  0.472  0.922 306
0152  0.570  0.893  0.840  0.432  0.952 282
0160  0.513  0.849  0.794  0.379  0.912 262
0168  0.451  0.798  0.742  0.324  0.864 240
0176  0.398  0.725  0.648  0.288  0.823 244
0184  0.381  0.713  0.630  0.273  0.820 238
0192  0.335  0.668  0.581  0.235  0.787 222
0200  0.278  0.607  0.548  0.186  0.680 186
0208  0.252  0.591  0.523  0.166  0.679 174
0216  0.234  0.563  0.483  0.155  0.675 176
0224  0.160  0.441  0.373  0.102  0.538 150
0232  0.112  0.369  0.288  0.069  0.514 132
0240  0.066  0.247  0.190  0.040  0.355 116
0248  0.043  0.192  0.137  0.026  0.318 102
0256  0.028  0.132  0.091  0.016  0.243 99
0264  0.028  0.142  0.097  0.016  0.265 93
