# File: bricks/rotate Algorithm = FH-SURF-KLT  skip 4 tolerance = 5.0
# (time tick) ( F ) ( F all inside) (precision) (recall) (recall all inside) (tracks)
0004  0.925  0.941  0.987  0.872  0.900 447
0008  0.902  0.921  0.988  0.830  0.862 425
0012  0.865  0.890  0.966  0.783  0.826 410
0016  0.837  0.877  0.971  0.735  0.799 383
0020  0.800  0.850  0.920  0.708  0.789 389
0024  0.779  0.844  0.912  0.680  0.785 377
0028  0.749  0.832  0.922  0.630  0.758 346
0032  0.748  0.832  0.912  0.634  0.764 352
0036  0.717  0.811  0.912  0.591  0.731 328
0040  0.686  0.776  0.862  0.569  0.705 334
0044  0.672  0.780  0.856  0.553  0.716 327
0048  0.689  0.795  0.847  0.581  0.749 347
0052  0.695  0.797  0.860  0.583  0.743 343
0056  0.672  0.778  0.847  0.557  0.719 333
0060  0.663  0.777  0.851  0.543  0.714 323
0064  0.650  0.766  0.863  0.522  0.690 306
0068  0.702  0.815  0.860  0.593  0.776 349
0072  0.680  0.798  0.849  0.567  0.753 338
0076  0.657  0.783  0.845  0.538  0.729 322
0080  0.623  0.735  0.822  0.502  0.664 309
0084  0.646  0.756  0.854  0.520  0.678 308
0088  0.627  0.739  0.856  0.494  0.651 292
0092  0.638  0.742  0.824  0.520  0.675 319
0096  0.663  0.764  0.856  0.542  0.689 320
0100  0.712  0.803  0.888  0.595  0.732 339
0104  0.680  0.788  0.891  0.549  0.707 312
0108  0.814  0.864  0.938  0.719  0.801 388
0112  0.807  0.865  0.940  0.708  0.801 381
0116  0.803  0.863  0.939  0.702  0.798 378
0120  0.800  0.857  0.941  0.696  0.786 374
0124  0.798  0.856  0.939  0.694  0.786 374
