# File: bricks/skew Algorithm = FH-SURF-KLT  skip 4 tolerance = 5.0
# (time tick) ( F ) ( F all inside) (precision) (recall) (recall all inside) (tracks)
0004  0.965  0.967  0.996  0.937  0.941 477
0008  0.961  0.967  0.996  0.929  0.940 473
0012  0.958  0.971  0.994  0.925  0.949 472
0016  0.923  0.951  0.980  0.872  0.923 451
0020  0.910  0.958  0.969  0.858  0.948 449
0024  0.879  0.951  0.974  0.801  0.929 417
0028  0.805  0.905  0.930  0.710  0.882 387
0032  0.767  0.882  0.918  0.659  0.849 364
0036  0.746  0.887  0.912  0.631  0.864 351
0040  0.709  0.885  0.885  0.592  0.885 339
0044  0.691  0.898  0.886  0.566  0.911 324
0048  0.660  0.881  0.853  0.538  0.910 320
0052  0.638  0.870  0.854  0.509  0.886 302
0056  0.632  0.873  0.850  0.503  0.898 300
0060  0.631  0.881  0.858  0.499  0.906 295
0064  0.585  0.839  0.811  0.458  0.869 286
0068  0.527  0.792  0.764  0.402  0.823 267
0072  0.522  0.794  0.769  0.394  0.820 260
0076  0.507  0.779  0.765  0.379  0.793 251
0080  0.509  0.783  0.769  0.381  0.798 251
0084  0.509  0.783  0.769  0.381  0.798 251
0088  0.505  0.778  0.767  0.377  0.789 249
0092  0.505  0.776  0.764  0.377  0.789 250
0096  0.490  0.774  0.789  0.355  0.759 228
0100  0.490  0.778  0.754  0.363  0.803 244
0104  0.476  0.785  0.768  0.345  0.803 228
0108  0.471  0.753  0.715  0.351  0.795 249
0112  0.472  0.758  0.718  0.351  0.803 248
0116  0.471  0.761  0.730  0.347  0.793 241
