# File: bricks/skew Algorithm = FH-SURF-KLT  skip 1 tolerance = 5.0
# (time tick) ( F ) ( F all inside) (precision) (recall) (recall all inside) (tracks)
0001  1.000  1.000  1.000  1.000  1.000 507
0002  0.998  0.999  1.000  0.996  0.998 505
0003  0.997  0.998  1.000  0.994  0.996 504
0004  0.995  0.997  1.000  0.990  0.994 502
0005  0.994  0.999  1.000  0.988  0.998 501
0006  0.993  0.998  1.000  0.986  0.996 500
0007  0.991  0.997  1.000  0.982  0.994 498
0008  0.989  0.995  1.000  0.978  0.990 496
0009  0.988  0.994  1.000  0.976  0.988 495
0010  0.987  0.996  1.000  0.974  0.992 494
0011  0.986  0.995  1.000  0.972  0.990 493
0012  0.982  0.995  1.000  0.964  0.990 489
0013  0.976  0.992  1.000  0.953  0.984 483
0014  0.967  0.993  1.000  0.937  0.985 475
0015  0.967  0.995  1.000  0.937  0.990 475
0016  0.960  0.988  1.000  0.923  0.977 468
0017  0.956  0.990  1.000  0.915  0.981 464
0018  0.944  0.982  0.989  0.903  0.974 463
0019  0.938  0.983  0.987  0.893  0.978 459
0020  0.933  0.982  0.987  0.886  0.978 455
0021  0.931  0.983  0.987  0.882  0.980 453
0022  0.926  0.983  0.984  0.874  0.982 450
0023  0.917  0.980  0.986  0.856  0.973 440
0024  0.900  0.974  0.986  0.828  0.963 426
0025  0.887  0.971  0.974  0.815  0.967 424
0026  0.880  0.975  0.971  0.805  0.978 420
0027  0.874  0.973  0.973  0.793  0.973 413
0028  0.866  0.973  0.978  0.777  0.968 403
0029  0.856  0.968  0.970  0.765  0.965 400
0030  0.854  0.971  0.972  0.761  0.970 397
0031  0.853  0.971  0.972  0.759  0.970 396
0032  0.848  0.972  0.972  0.751  0.972 392
0033  0.839  0.964  0.959  0.746  0.969 394
0034  0.833  0.966  0.959  0.736  0.974 389
0035  0.822  0.961  0.956  0.722  0.966 383
0036  0.812  0.962  0.960  0.704  0.965 372
0037  0.796  0.964  0.956  0.682  0.972 362
0038  0.779  0.954  0.929  0.671  0.980 366
0039  0.773  0.954  0.931  0.661  0.979 360
0040  0.770  0.955  0.930  0.657  0.982 358
0041  0.758  0.945  0.929  0.641  0.961 350
0042  0.750  0.947  0.927  0.629  0.967 344
0043  0.742  0.951  0.926  0.619  0.978 339
0044  0.735  0.952  0.925  0.609  0.981 334
0045  0.713  0.931  0.906  0.588  0.958 329
0046  0.712  0.941  0.908  0.586  0.977 327
0047  0.708  0.939  0.907  0.580  0.973 324
0048  0.704  0.939  0.907  0.576  0.973 322
0049  0.703  0.940  0.907  0.574  0.976 321
0050  0.697  0.939  0.908  0.566  0.973 316
0051  0.697  0.946  0.908  0.566  0.986 316
0052  0.692  0.939  0.904  0.560  0.976 314
0053  0.683  0.935  0.900  0.550  0.972 310
0054  0.683  0.936  0.900  0.550  0.975 310
0055  0.684  0.941  0.903  0.550  0.982 309
0056  0.680  0.936  0.899  0.546  0.975 308
0057  0.677  0.935  0.904  0.540  0.968 303
0058  0.675  0.940  0.904  0.538  0.978 302
0059  0.656  0.908  0.850  0.535  0.975 319
0060  0.655  0.906  0.849  0.533  0.971 318
0061  0.655  0.906  0.849  0.533  0.971 318
0062  0.651  0.902  0.848  0.529  0.964 316
0063  0.642  0.896  0.848  0.517  0.949 309
0064  0.626  0.890  0.836  0.501  0.951 304
0065  0.621  0.893  0.839  0.493  0.954 298
0066  0.596  0.865  0.803  0.473  0.938 299
0067  0.593  0.872  0.804  0.469  0.952 296
0068  0.583  0.863  0.798  0.460  0.940 292
0069  0.579  0.865  0.801  0.454  0.939 287
0070  0.579  0.868  0.801  0.454  0.947 287
0071  0.579  0.868  0.801  0.454  0.947 287
0072  0.576  0.864  0.800  0.450  0.938 285
0073  0.575  0.866  0.802  0.448  0.942 283
0074  0.575  0.868  0.805  0.448  0.942 282
0075  0.575  0.868  0.805  0.448  0.942 282
0076  0.575  0.868  0.805  0.448  0.942 282
0077  0.575  0.868  0.805  0.448  0.942 282
0078  0.575  0.868  0.805  0.448  0.942 282
0079  0.575  0.868  0.805  0.448  0.942 282
0080  0.575  0.868  0.805  0.448  0.942 282
0081  0.575  0.868  0.805  0.448  0.942 282
0082  0.575  0.868  0.805  0.448  0.942 282
0083  0.575  0.868  0.805  0.448  0.942 282
0084  0.575  0.868  0.805  0.448  0.942 282
0085  0.575  0.868  0.805  0.448  0.942 282
0086  0.575  0.868  0.805  0.448  0.942 282
0087  0.575  0.868  0.805  0.448  0.942 282
0088  0.575  0.868  0.805  0.448  0.942 282
0089  0.575  0.868  0.805  0.448  0.942 282
0090  0.575  0.868  0.805  0.448  0.942 282
0091  0.575  0.868  0.805  0.448  0.942 282
0092  0.575  0.868  0.805  0.448  0.942 282
0093  0.575  0.868  0.805  0.448  0.942 282
0094  0.571  0.865  0.806  0.442  0.933 278
0095  0.569  0.866  0.805  0.440  0.937 277
0096  0.561  0.859  0.799  0.432  0.928 274
0097  0.555  0.848  0.784  0.430  0.923 278
0098  0.555  0.855  0.784  0.430  0.939 278
0099  0.552  0.855  0.783  0.426  0.943 276
0100  0.550  0.853  0.782  0.424  0.938 275
0101  0.544  0.849  0.779  0.418  0.933 272
0102  0.544  0.855  0.779  0.418  0.946 272
0103  0.535  0.843  0.775  0.408  0.923 267
0104  0.535  0.852  0.775  0.408  0.945 267
0105  0.531  0.847  0.774  0.404  0.935 265
0106  0.528  0.844  0.770  0.402  0.935 265
0107  0.527  0.842  0.769  0.400  0.931 264
0108  0.527  0.846  0.769  0.400  0.939 264
0109  0.527  0.847  0.772  0.400  0.939 263
0110  0.525  0.847  0.771  0.398  0.939 262
0111  0.526  0.852  0.774  0.398  0.948 261
0112  0.527  0.854  0.777  0.398  0.948 260
0113  0.527  0.854  0.777  0.398  0.948 260
0114  0.527  0.854  0.777  0.398  0.948 260
0115  0.527  0.854  0.777  0.398  0.948 260
0116  0.527  0.854  0.777  0.398  0.948 260
0117  0.527  0.854  0.777  0.398  0.948 260
