# File: bricks/rotate Algorithm = FH-SURF-KLT  skip 1 tolerance = 5.0
# (time tick) ( F ) ( F all inside) (precision) (recall) (recall all inside) (tracks)
0001  0.994  0.994  1.000  0.988  0.988 500
0002  0.989  0.993  1.000  0.978  0.986 495
0003  0.982  0.993  1.000  0.964  0.986 488
0004  0.978  0.994  0.998  0.958  0.990 486
0005  0.977  0.995  0.998  0.957  0.992 485
0006  0.974  0.992  0.998  0.951  0.986 482
0007  0.973  0.992  0.998  0.949  0.986 481
0008  0.974  0.994  1.000  0.949  0.988 480
0009  0.973  0.993  1.000  0.947  0.986 479
0010  0.965  0.986  1.000  0.933  0.973 472
0011  0.960  0.987  1.000  0.923  0.975 467
0012  0.947  0.975  0.993  0.905  0.958 461
0013  0.941  0.974  0.991  0.895  0.958 457
0014  0.941  0.979  0.991  0.895  0.968 457
0015  0.941  0.980  0.991  0.895  0.970 457
0016  0.933  0.976  0.987  0.885  0.965 454
0017  0.928  0.976  0.989  0.874  0.963 447
0018  0.927  0.978  0.991  0.872  0.965 445
0019  0.917  0.974  0.993  0.852  0.956 434
0020  0.914  0.972  0.991  0.848  0.953 433
0021  0.912  0.973  0.988  0.846  0.957 433
0022  0.908  0.977  0.988  0.840  0.966 430
0023  0.902  0.973  0.986  0.832  0.961 427
0024  0.900  0.973  0.988  0.826  0.959 423
0025  0.892  0.963  0.968  0.828  0.959 433
0026  0.885  0.964  0.967  0.816  0.960 427
0027  0.881  0.962  0.967  0.808  0.958 423
0028  0.878  0.966  0.967  0.804  0.964 421
0029  0.874  0.964  0.967  0.798  0.962 418
0030  0.868  0.959  0.966  0.789  0.952 413
0031  0.868  0.960  0.966  0.789  0.954 413
0032  0.859  0.952  0.959  0.779  0.945 411
0033  0.860  0.954  0.963  0.777  0.945 408
0034  0.857  0.955  0.963  0.773  0.947 406
0035  0.857  0.956  0.963  0.773  0.949 406
0036  0.850  0.952  0.960  0.763  0.944 402
0037  0.834  0.936  0.949  0.743  0.924 396
0038  0.822  0.930  0.939  0.731  0.920 394
0039  0.821  0.922  0.919  0.741  0.925 408
0040  0.814  0.919  0.920  0.729  0.917 401
0041  0.800  0.911  0.912  0.713  0.911 396
0042  0.799  0.912  0.918  0.708  0.906 390
0043  0.791  0.906  0.910  0.700  0.902 389
0044  0.786  0.907  0.907  0.694  0.906 387
0045  0.784  0.911  0.911  0.688  0.911 382
0046  0.781  0.913  0.911  0.684  0.915 380
0047  0.762  0.893  0.898  0.662  0.888 373
0048  0.768  0.888  0.882  0.680  0.893 390
0049  0.766  0.889  0.882  0.678  0.895 389
0050  0.760  0.885  0.878  0.670  0.892 386
0051  0.753  0.878  0.870  0.664  0.886 386
0052  0.746  0.872  0.865  0.656  0.880 384
0053  0.735  0.862  0.860  0.642  0.863 378
0054  0.730  0.855  0.858  0.634  0.852 374
0055  0.723  0.853  0.850  0.628  0.856 374
0056  0.721  0.852  0.852  0.625  0.853 371
0057  0.718  0.852  0.849  0.623  0.855 371
0058  0.716  0.850  0.846  0.621  0.854 371
0059  0.718  0.853  0.849  0.623  0.857 371
0060  0.723  0.859  0.854  0.626  0.863 371
0061  0.730  0.867  0.863  0.632  0.871 371
0062  0.730  0.867  0.863  0.632  0.871 371
0063  0.727  0.864  0.860  0.630  0.868 371
0064  0.730  0.867  0.863  0.632  0.871 371
0065  0.732  0.870  0.865  0.634  0.874 371
0066  0.727  0.868  0.860  0.630  0.876 371
0067  0.727  0.868  0.860  0.630  0.876 371
0068  0.730  0.870  0.863  0.632  0.879 371
0069  0.732  0.873  0.865  0.634  0.881 371
0070  0.735  0.877  0.870  0.636  0.884 370
0071  0.741  0.885  0.880  0.640  0.890 368
0072  0.742  0.886  0.883  0.640  0.890 367
0073  0.739  0.883  0.880  0.636  0.887 366
0074  0.748  0.894  0.891  0.644  0.898 366
0075  0.749  0.898  0.893  0.644  0.904 365
0076  0.744  0.895  0.892  0.638  0.898 362
0077  0.742  0.893  0.894  0.634  0.892 359
0078  0.748  0.903  0.902  0.638  0.903 358
0079  0.744  0.901  0.899  0.634  0.903 357
0080  0.749  0.909  0.907  0.638  0.911 356
0081  0.750  0.911  0.910  0.638  0.911 355
0082  0.757  0.919  0.918  0.644  0.920 355
0083  0.782  0.924  0.920  0.680  0.928 374
0084  0.780  0.923  0.920  0.678  0.926 373
0085  0.785  0.931  0.925  0.682  0.937 373
0086  0.785  0.932  0.925  0.682  0.939 373
0087  0.784  0.932  0.925  0.680  0.939 372
0088  0.784  0.932  0.925  0.680  0.939 372
0089  0.782  0.930  0.925  0.678  0.936 371
0090  0.780  0.931  0.927  0.674  0.936 368
0091  0.777  0.930  0.924  0.670  0.936 367
0092  0.773  0.929  0.928  0.662  0.930 361
0093  0.773  0.929  0.928  0.662  0.930 361
0094  0.772  0.930  0.930  0.660  0.930 359
0095  0.772  0.930  0.933  0.658  0.927 357
0096  0.769  0.927  0.930  0.656  0.924 357
0097  0.769  0.927  0.930  0.656  0.924 357
0098  0.769  0.927  0.930  0.656  0.924 357
0099  0.768  0.926  0.930  0.654  0.922 356
0100  0.770  0.928  0.933  0.656  0.924 356
0101  0.770  0.928  0.933  0.656  0.924 356
0102  0.773  0.931  0.935  0.658  0.927 356
0103  0.771  0.931  0.935  0.656  0.927 355
0104  0.771  0.931  0.935  0.656  0.927 355
0105  0.769  0.928  0.932  0.654  0.924 355
0106  0.771  0.931  0.935  0.656  0.927 355
0107  0.771  0.931  0.935  0.656  0.927 355
0108  0.771  0.931  0.935  0.656  0.927 355
0109  0.771  0.931  0.935  0.656  0.927 355
0110  0.769  0.928  0.932  0.654  0.924 355
0111  0.771  0.931  0.935  0.656  0.927 355
0112  0.769  0.928  0.932  0.654  0.924 355
0113  0.769  0.928  0.932  0.654  0.924 355
0114  0.769  0.928  0.932  0.654  0.924 355
0115  0.771  0.931  0.935  0.656  0.927 355
0116  0.769  0.928  0.932  0.654  0.924 355
0117  0.770  0.930  0.935  0.654  0.924 354
0118  0.767  0.927  0.932  0.652  0.922 354
0119  0.770  0.930  0.935  0.654  0.924 354
0120  0.767  0.927  0.932  0.652  0.922 354
0121  0.767  0.927  0.932  0.652  0.922 354
0122  0.767  0.927  0.932  0.652  0.922 354
0123  0.767  0.927  0.932  0.652  0.922 354
0124  0.767  0.927  0.932  0.652  0.922 354
0125  0.767  0.927  0.932  0.652  0.922 354
0126  0.770  0.930  0.935  0.654  0.924 354
0127  0.770  0.930  0.935  0.654  0.924 354
