# File: bricks/move_in Algorithm = FH-SURF-KLT  skip 4 tolerance = 5.0
# (time tick) ( F ) ( F all inside) (precision) (recall) (recall all inside) (tracks)
0004  1.000  1.000  1.000  1.000  1.000 549
0008  0.999  0.999  1.000  0.998  0.998 548
0012  0.997  0.997  1.000  0.995  0.995 546
0016  0.984  0.992  1.000  0.969  0.983 532
0020  0.961  0.980  1.000  0.925  0.960 508
0024  0.952  0.978  0.998  0.911  0.960 501
0028  0.939  0.971  0.986  0.896  0.957 499
0032  0.935  0.977  0.986  0.889  0.968 495
0036  0.930  0.978  0.988  0.878  0.968 488
0040  0.919  0.971  0.985  0.862  0.957 480
0044  0.916  0.976  0.985  0.856  0.967 477
0048  0.910  0.974  0.985  0.845  0.963 471
0052  0.904  0.982  0.987  0.834  0.977 464
0056  0.898  0.985  0.989  0.821  0.980 456
0060  0.892  0.979  0.982  0.816  0.976 456
0064  0.888  0.979  0.984  0.809  0.974 451
0068  0.880  0.977  0.980  0.798  0.973 447
0072  0.863  0.968  0.973  0.776  0.964 438
0076  0.861  0.973  0.981  0.767  0.966 429
0080  0.849  0.967  0.981  0.749  0.954 419
0084  0.826  0.951  0.955  0.729  0.948 419
0088  0.813  0.951  0.949  0.710  0.954 411
0092  0.797  0.955  0.947  0.689  0.962 399
0096  0.769  0.939  0.932  0.654  0.945 385
0100  0.754  0.939  0.926  0.636  0.954 377
0104  0.755  0.952  0.933  0.634  0.972 373
0108  0.751  0.954  0.932  0.628  0.977 370
0112  0.745  0.952  0.934  0.619  0.971 364
0116  0.740  0.955  0.936  0.612  0.974 359
0120  0.734  0.954  0.938  0.603  0.971 353
0124  0.713  0.946  0.932  0.577  0.961 340
0128  0.703  0.952  0.936  0.563  0.969 330
0132  0.688  0.952  0.934  0.545  0.971 320
0136  0.653  0.914  0.870  0.523  0.963 330
0140  0.639  0.908  0.871  0.505  0.949 318
0144  0.618  0.899  0.863  0.481  0.940 306
0148  0.589  0.881  0.841  0.454  0.926 296
0152  0.575  0.902  0.848  0.435  0.964 282
0156  0.559  0.902  0.848  0.417  0.962 270
0160  0.523  0.862  0.801  0.388  0.934 266
0164  0.491  0.836  0.784  0.357  0.895 250
0168  0.465  0.819  0.752  0.337  0.898 246
0172  0.444  0.807  0.740  0.317  0.888 235
0176  0.418  0.775  0.717  0.295  0.844 226
0180  0.412  0.778  0.716  0.290  0.850 222
0184  0.403  0.769  0.705  0.282  0.847 220
0188  0.391  0.760  0.696  0.271  0.837 214
0192  0.348  0.706  0.629  0.240  0.805 210
0196  0.318  0.674  0.598  0.217  0.773 199
0200  0.289  0.628  0.560  0.195  0.713 191
0204  0.267  0.603  0.533  0.179  0.695 184
0208  0.259  0.606  0.534  0.171  0.701 176
0212  0.246  0.581  0.495  0.164  0.703 182
0216  0.238  0.567  0.481  0.158  0.690 181
0220  0.215  0.542  0.458  0.140  0.664 168
0224  0.190  0.513  0.427  0.122  0.644 157
0228  0.156  0.472  0.378  0.098  0.628 143
0232  0.129  0.421  0.326  0.080  0.595 135
0236  0.101  0.354  0.274  0.062  0.500 124
0240  0.078  0.292  0.224  0.047  0.419 116
0244  0.064  0.268  0.198  0.038  0.412 106
0248  0.055  0.237  0.167  0.033  0.409 108
0252  0.043  0.196  0.139  0.026  0.333 101
0256  0.025  0.117  0.080  0.015  0.216 100
0260  0.022  0.109  0.074  0.013  0.206 95
0264  0.025  0.126  0.086  0.015  0.235 93
