# File: bricks/move_out Algorithm = FH-SURF-KLT  skip 4 tolerance = 5.0
# (time tick) ( F ) ( F all inside) (precision) (recall) (recall all inside) (tracks)
0004  0.977  0.977  1.000  0.954  0.954 521
0008  0.966  0.966  1.000  0.934  0.934 510
0012  0.965  0.965  1.000  0.932  0.932 509
0016  0.965  0.965  1.000  0.932  0.932 509
0020  0.965  0.965  1.000  0.932  0.932 509
0024  0.965  0.965  1.000  0.932  0.932 509
0028  0.965  0.965  1.000  0.932  0.932 509
0032  0.965  0.965  1.000  0.932  0.932 509
0036  0.965  0.965  1.000  0.932  0.932 509
0040  0.965  0.965  1.000  0.932  0.932 509
0044  0.965  0.965  1.000  0.932  0.932 509
0048  0.965  0.965  1.000  0.932  0.932 509
0052  0.965  0.965  1.000  0.932  0.932 509
0056  0.965  0.965  1.000  0.932  0.932 509
0060  0.965  0.965  1.000  0.932  0.932 509
0064  0.965  0.965  1.000  0.932  0.932 509
0068  0.965  0.965  1.000  0.932  0.932 509
0072  0.965  0.965  1.000  0.932  0.932 509
0076  0.965  0.965  1.000  0.932  0.932 509
0080  0.965  0.965  1.000  0.932  0.932 509
0084  0.965  0.965  1.000  0.932  0.932 509
0088  0.965  0.965  1.000  0.932  0.932 509
0092  0.965  0.965  1.000  0.932  0.932 509
0096  0.965  0.965  1.000  0.932  0.932 509
0100  0.965  0.965  1.000  0.932  0.932 509
0104  0.965  0.965  1.000  0.932  0.932 509
0108  0.965  0.965  1.000  0.932  0.932 509
0112  0.965  0.965  1.000  0.932  0.932 509
0116  0.965  0.965  1.000  0.932  0.932 509
0120  0.965  0.965  1.000  0.932  0.932 509
0124  0.965  0.965  1.000  0.932  0.932 509
0128  0.965  0.965  1.000  0.932  0.932 509
0132  0.965  0.965  1.000  0.932  0.932 509
0136  0.965  0.965  1.000  0.932  0.932 509
0140  0.965  0.965  1.000  0.932  0.932 509
0144  0.965  0.965  1.000  0.932  0.932 509
0148  0.965  0.965  1.000  0.932  0.932 509
0152  0.965  0.965  1.000  0.932  0.932 509
0156  0.965  0.965  1.000  0.932  0.932 509
0160  0.965  0.965  1.000  0.932  0.932 509
0164  0.965  0.965  1.000  0.932  0.932 509
0168  0.965  0.965  1.000  0.932  0.932 509
0172  0.965  0.965  1.000  0.932  0.932 509
