# File: bricks/move_out Algorithm = FH-SURF-KLT  skip 8 tolerance = 5.0
# (time tick) ( F ) ( F all inside) (precision) (recall) (recall all inside) (tracks)
0008  0.940  0.940  0.992  0.894  0.894 492
0016  0.923  0.923  0.998  0.859  0.859 470
0024  0.923  0.923  0.998  0.859  0.859 470
0032  0.922  0.922  0.998  0.857  0.857 469
0040  0.922  0.922  0.998  0.857  0.857 469
0048  0.920  0.920  0.996  0.855  0.855 469
0056  0.922  0.922  0.998  0.857  0.857 469
0064  0.920  0.920  0.996  0.855  0.855 469
0072  0.922  0.922  0.998  0.857  0.857 469
0080  0.922  0.922  0.998  0.857  0.857 469
0088  0.922  0.922  0.998  0.857  0.857 469
0096  0.922  0.922  0.998  0.857  0.857 469
0104  0.922  0.922  0.998  0.857  0.857 469
0112  0.922  0.922  0.998  0.857  0.857 469
0120  0.922  0.922  0.998  0.857  0.857 469
0128  0.922  0.922  0.998  0.857  0.857 469
0136  0.922  0.922  0.998  0.857  0.857 469
0144  0.922  0.922  0.998  0.857  0.857 469
0152  0.922  0.922  0.998  0.857  0.857 469
0160  0.922  0.922  0.998  0.857  0.857 469
0168  0.922  0.922  0.998  0.857  0.857 469
