# File: bricks/move_in Algorithm = FH-SURF-KLT  skip 1 tolerance = 5.0
# (time tick) ( F ) ( F all inside) (precision) (recall) (recall all inside) (tracks)
0001  1.000  1.000  1.000  1.000  1.000 549
0002  1.000  1.000  1.000  1.000  1.000 549
0003  1.000  1.000  1.000  1.000  1.000 549
0004  1.000  1.000  1.000  1.000  1.000 549
0005  1.000  1.000  1.000  1.000  1.000 549
0006  1.000  1.000  1.000  1.000  1.000 549
0007  1.000  1.000  1.000  1.000  1.000 549
0008  1.000  1.000  1.000  1.000  1.000 549
0009  0.999  0.999  1.000  0.998  0.998 548
0010  0.999  0.999  1.000  0.998  0.998 548
0011  0.997  0.997  1.000  0.995  0.995 546
0012  0.997  0.997  1.000  0.995  0.995 546
0013  0.995  0.995  1.000  0.989  0.991 543
0014  0.990  0.992  1.000  0.980  0.984 538
0015  0.990  0.997  1.000  0.980  0.994 538
0016  0.986  0.994  0.998  0.974  0.989 536
0017  0.982  0.991  0.998  0.967  0.983 532
0018  0.979  0.991  0.998  0.960  0.983 528
0019  0.971  0.985  1.000  0.944  0.970 518
0020  0.969  0.988  1.000  0.940  0.975 516
0021  0.968  0.991  1.000  0.938  0.983 515
0022  0.967  0.991  1.000  0.936  0.983 514
0023  0.963  0.989  1.000  0.929  0.979 510
0024  0.959  0.985  1.000  0.922  0.971 506
0025  0.948  0.976  0.992  0.907  0.961 502
0026  0.946  0.978  0.992  0.903  0.965 500
0027  0.943  0.976  0.992  0.898  0.961 497
0028  0.943  0.976  0.992  0.898  0.961 497
0029  0.943  0.978  0.992  0.898  0.965 497
0030  0.943  0.982  0.992  0.898  0.972 497
0031  0.942  0.984  0.992  0.896  0.976 496
0032  0.942  0.984  0.992  0.896  0.976 496
0033  0.940  0.983  0.992  0.893  0.974 494
0034  0.940  0.986  0.992  0.893  0.980 494
0035  0.938  0.984  0.992  0.889  0.976 492
0036  0.936  0.984  0.992  0.885  0.976 490
0037  0.933  0.984  0.992  0.882  0.976 488
0038  0.931  0.982  0.992  0.878  0.972 486
0039  0.928  0.980  0.992  0.872  0.968 483
0040  0.927  0.980  0.992  0.871  0.968 482
0041  0.923  0.978  0.992  0.863  0.965 478
0042  0.923  0.978  0.992  0.863  0.965 478
0043  0.923  0.981  0.992  0.863  0.971 478
0044  0.923  0.983  0.992  0.863  0.975 478
0045  0.921  0.984  0.992  0.860  0.977 476
0046  0.921  0.985  0.992  0.860  0.979 476
0047  0.919  0.983  0.992  0.856  0.975 474
0048  0.918  0.982  0.992  0.854  0.973 473
0049  0.916  0.983  0.992  0.851  0.975 471
0050  0.916  0.987  0.992  0.851  0.983 471
0051  0.912  0.987  0.991  0.845  0.983 468
0052  0.910  0.988  0.991  0.842  0.985 466
0053  0.907  0.986  0.991  0.836  0.981 463
0054  0.905  0.986  0.991  0.832  0.981 461
0055  0.905  0.991  0.991  0.832  0.991 461
0056  0.904  0.991  0.991  0.831  0.991 460
0057  0.903  0.990  0.991  0.829  0.989 459
0058  0.903  0.990  0.993  0.827  0.987 457
0059  0.896  0.984  0.983  0.823  0.985 460
0060  0.894  0.981  0.983  0.820  0.980 458
0061  0.893  0.982  0.982  0.818  0.982 457
0062  0.892  0.981  0.982  0.816  0.980 456
0063  0.890  0.980  0.982  0.814  0.978 455
0064  0.889  0.980  0.982  0.812  0.978 454
0065  0.887  0.978  0.982  0.809  0.974 452
0066  0.886  0.980  0.982  0.807  0.978 451
0067  0.884  0.979  0.982  0.803  0.976 449
0068  0.884  0.981  0.982  0.803  0.980 449
0069  0.879  0.978  0.982  0.796  0.973 445
0070  0.876  0.975  0.982  0.791  0.969 442
0071  0.872  0.973  0.982  0.785  0.964 439
0072  0.871  0.977  0.982  0.783  0.973 438
0073  0.871  0.978  0.982  0.783  0.975 438
0074  0.870  0.981  0.982  0.781  0.979 437
0075  0.867  0.977  0.982  0.776  0.973 434
0076  0.866  0.978  0.982  0.774  0.975 433
0077  0.864  0.977  0.981  0.772  0.972 432
0078  0.862  0.976  0.981  0.769  0.970 430
0079  0.856  0.972  0.981  0.760  0.963 425
0080  0.855  0.973  0.981  0.758  0.965 424
0081  0.854  0.975  0.981  0.756  0.970 423
0082  0.854  0.978  0.981  0.756  0.974 423
0083  0.853  0.979  0.981  0.754  0.976 422
0084  0.849  0.979  0.981  0.749  0.976 419
0085  0.845  0.977  0.974  0.747  0.981 421
0086  0.838  0.971  0.973  0.736  0.969 415
0087  0.834  0.972  0.971  0.730  0.973 413
0088  0.828  0.971  0.971  0.721  0.971 408
0089  0.821  0.973  0.970  0.712  0.975 403
0090  0.817  0.971  0.972  0.705  0.970 398
0091  0.814  0.972  0.972  0.699  0.972 395
0092  0.810  0.972  0.972  0.694  0.972 392
0093  0.809  0.978  0.974  0.692  0.982 390
0094  0.803  0.975  0.974  0.683  0.977 385
0095  0.790  0.959  0.947  0.678  0.971 393
0096  0.786  0.960  0.946  0.672  0.974 390
0097  0.779  0.955  0.943  0.663  0.968 386
0098  0.776  0.958  0.943  0.659  0.973 384
0099  0.773  0.963  0.942  0.656  0.984 382
0100  0.773  0.964  0.945  0.654  0.984 380
0101  0.769  0.963  0.944  0.648  0.983 377
0102  0.762  0.956  0.944  0.639  0.970 372
0103  0.762  0.960  0.944  0.639  0.978 372
0104  0.762  0.963  0.944  0.639  0.983 372
0105  0.761  0.963  0.943  0.638  0.983 371
0106  0.762  0.967  0.946  0.638  0.989 370
0107  0.760  0.968  0.946  0.636  0.991 369
0108  0.759  0.967  0.946  0.634  0.989 368
0109  0.759  0.968  0.946  0.634  0.991 368
0110  0.756  0.966  0.945  0.630  0.989 366
0111  0.755  0.966  0.945  0.628  0.989 365
0112  0.752  0.963  0.947  0.623  0.980 361
0113  0.752  0.965  0.947  0.623  0.983 361
0114  0.750  0.965  0.947  0.621  0.983 360
0115  0.749  0.966  0.947  0.619  0.986 359
0116  0.748  0.966  0.947  0.617  0.985 358
0117  0.748  0.967  0.947  0.617  0.988 358
0118  0.748  0.967  0.947  0.617  0.988 358
0119  0.743  0.963  0.936  0.616  0.991 361
0120  0.741  0.963  0.936  0.614  0.991 360
0121  0.739  0.961  0.936  0.610  0.988 358
0122  0.730  0.955  0.935  0.599  0.976 352
0123  0.727  0.958  0.934  0.596  0.982 350
0124  0.723  0.957  0.934  0.590  0.982 347
0125  0.716  0.954  0.933  0.581  0.976 342
0126  0.710  0.953  0.932  0.574  0.975 338
0127  0.710  0.957  0.932  0.574  0.984 338
0128  0.707  0.956  0.932  0.570  0.981 336
0129  0.703  0.957  0.931  0.565  0.984 333
0130  0.699  0.953  0.930  0.559  0.978 330
0131  0.687  0.937  0.900  0.556  0.978 339
0132  0.682  0.938  0.899  0.550  0.981 336
0133  0.678  0.936  0.898  0.545  0.977 333
0134  0.677  0.939  0.898  0.543  0.983 332
0135  0.673  0.937  0.894  0.539  0.983 331
0136  0.667  0.934  0.893  0.532  0.980 327
0137  0.667  0.937  0.893  0.532  0.986 327
0138  0.665  0.937  0.893  0.530  0.986 326
0139  0.663  0.937  0.895  0.526  0.983 323
0140  0.652  0.928  0.892  0.514  0.966 316
0141  0.647  0.925  0.894  0.506  0.959 311
0142  0.643  0.925  0.893  0.503  0.958 309
0143  0.637  0.924  0.881  0.499  0.972 311
0144  0.631  0.918  0.879  0.492  0.961 307
0145  0.628  0.919  0.879  0.488  0.964 305
0146  0.624  0.925  0.878  0.485  0.978 303
0147  0.613  0.912  0.875  0.472  0.952 296
0148  0.606  0.911  0.873  0.464  0.951 292
0149  0.600  0.916  0.872  0.457  0.965 288
0150  0.593  0.915  0.870  0.450  0.965 284
0151  0.589  0.919  0.875  0.444  0.968 279
0152  0.588  0.927  0.877  0.443  0.984 277
0153  0.579  0.921  0.872  0.434  0.975 273
0154  0.574  0.916  0.870  0.428  0.967 270
0155  0.574  0.920  0.870  0.428  0.975 270
0156  0.574  0.927  0.870  0.428  0.992 270
0157  0.566  0.917  0.865  0.421  0.975 267
0158  0.563  0.920  0.867  0.417  0.979 264
0159  0.558  0.917  0.866  0.412  0.974 261
0160  0.552  0.917  0.867  0.404  0.974 256
0161  0.543  0.903  0.852  0.399  0.961 257
0162  0.529  0.891  0.841  0.386  0.946 252
0163  0.523  0.884  0.836  0.381  0.937 250
0164  0.516  0.884  0.837  0.373  0.936 245
0165  0.499  0.864  0.817  0.359  0.916 241
0166  0.495  0.869  0.816  0.355  0.929 239
0167  0.484  0.856  0.805  0.346  0.913 236
0168  0.485  0.862  0.809  0.346  0.922 235
0169  0.469  0.831  0.754  0.341  0.926 248
0170  0.460  0.820  0.749  0.332  0.905 243
0171  0.455  0.814  0.741  0.328  0.905 243
0172  0.453  0.819  0.740  0.326  0.918 242
0173  0.449  0.816  0.738  0.322  0.912 240
0174  0.444  0.810  0.729  0.319  0.911 240
0175  0.434  0.794  0.715  0.311  0.891 239
0176  0.431  0.792  0.716  0.308  0.885 236
0177  0.432  0.799  0.722  0.308  0.894 234
0178  0.429  0.794  0.718  0.306  0.889 234
0179  0.418  0.780  0.706  0.297  0.872 231
0180  0.418  0.782  0.706  0.297  0.876 231
0181  0.414  0.778  0.703  0.293  0.870 229
0182  0.412  0.779  0.702  0.291  0.874 228
0183  0.410  0.779  0.704  0.290  0.874 226
0184  0.405  0.770  0.695  0.286  0.863 226
0185  0.405  0.771  0.695  0.286  0.867 226
0186  0.400  0.763  0.675  0.284  0.876 231
0187  0.395  0.753  0.667  0.281  0.865 231
0188  0.394  0.754  0.671  0.279  0.860 228
0189  0.375  0.723  0.647  0.264  0.819 224
0190  0.367  0.718  0.641  0.257  0.815 220
0191  0.361  0.719  0.639  0.251  0.821 216
0192  0.354  0.716  0.634  0.246  0.823 213
0193  0.350  0.715  0.633  0.242  0.821 210
0194  0.338  0.706  0.626  0.231  0.809 203
0195  0.338  0.709  0.626  0.231  0.819 203
0196  0.333  0.702  0.619  0.228  0.812 202
0197  0.324  0.686  0.608  0.220  0.786 199
0198  0.318  0.678  0.598  0.217  0.783 199
0199  0.312  0.672  0.598  0.211  0.768 194
0200  0.297  0.645  0.576  0.200  0.733 191
0201  0.304  0.665  0.593  0.204  0.757 189
0202  0.291  0.647  0.575  0.195  0.738 186
0203  0.281  0.619  0.542  0.189  0.722 192
0204  0.278  0.620  0.539  0.188  0.730 191
0205  0.279  0.624  0.542  0.188  0.736 190
0206  0.274  0.622  0.537  0.184  0.737 188
0207  0.267  0.607  0.527  0.179  0.715 186
0208  0.267  0.616  0.533  0.179  0.731 184
0209  0.263  0.613  0.527  0.175  0.733 182
0210  0.263  0.617  0.533  0.175  0.733 180
0211  0.257  0.606  0.528  0.169  0.710 176
0212  0.254  0.596  0.505  0.169  0.727 184
0213  0.254  0.598  0.505  0.169  0.732 184
0214  0.254  0.598  0.505  0.169  0.732 184
0215  0.254  0.600  0.505  0.169  0.738 184
0216  0.249  0.589  0.497  0.166  0.722 183
0217  0.249  0.595  0.500  0.166  0.734 182
0218  0.242  0.589  0.492  0.160  0.733 179
0219  0.238  0.587  0.494  0.157  0.723 174
0220  0.223  0.561  0.473  0.146  0.690 169
0221  0.212  0.535  0.435  0.140  0.694 177
0222  0.204  0.525  0.423  0.135  0.692 175
0223  0.210  0.543  0.437  0.138  0.717 174
0224  0.197  0.518  0.418  0.129  0.683 170
0225  0.185  0.502  0.402  0.120  0.667 164
0226  0.182  0.516  0.413  0.117  0.688 155
0227  0.169  0.490  0.391  0.107  0.656 151
0228  0.152  0.455  0.361  0.097  0.616 147
0229  0.153  0.467  0.366  0.097  0.646 145
0230  0.142  0.443  0.345  0.089  0.620 142
0231  0.131  0.398  0.301  0.084  0.590 153
0232  0.123  0.381  0.283  0.078  0.581 152
0233  0.126  0.393  0.289  0.080  0.611 152
0234  0.123  0.387  0.287  0.078  0.597 150
0235  0.115  0.369  0.270  0.073  0.580 148
0236  0.104  0.336  0.247  0.066  0.529 146
0237  0.096  0.342  0.264  0.058  0.485 121
0238  0.090  0.324  0.250  0.055  0.462 120
0239  0.078  0.287  0.220  0.047  0.413 118
0240  0.078  0.292  0.224  0.047  0.419 116
0241  0.073  0.281  0.214  0.044  0.407 112
0242  0.070  0.277  0.209  0.042  0.411 110
0243  0.069  0.269  0.193  0.042  0.442 119
0244  0.057  0.230  0.167  0.035  0.373 114
0245  0.054  0.226  0.161  0.033  0.383 112
0246  0.055  0.228  0.162  0.033  0.383 111
0247  0.055  0.232  0.164  0.033  0.400 110
0248  0.055  0.235  0.165  0.033  0.409 109
0249  0.052  0.224  0.157  0.031  0.386 108
0250  0.052  0.225  0.157  0.031  0.395 108
0251  0.052  0.228  0.160  0.031  0.395 106
0252  0.049  0.219  0.154  0.029  0.381 104
0253  0.049  0.224  0.157  0.029  0.390 102
0254  0.040  0.186  0.130  0.024  0.325 100
0255  0.037  0.169  0.114  0.022  0.324 105
0256  0.034  0.155  0.105  0.020  0.297 105
0257  0.034  0.155  0.105  0.020  0.297 105
0258  0.034  0.158  0.106  0.020  0.314 104
0259  0.034  0.159  0.106  0.020  0.324 104
0260  0.034  0.163  0.109  0.020  0.324 101
0261  0.034  0.167  0.112  0.020  0.324 98
0262  0.031  0.152  0.102  0.018  0.294 98
0263  0.031  0.152  0.102  0.018  0.294 98
0264  0.031  0.153  0.103  0.018  0.294 97
0265  0.031  0.157  0.104  0.018  0.323 96
0266  0.025  0.121  0.079  0.015  0.258 101
0267  0.028  0.136  0.089  0.016  0.290 101
