# GENERATOR CalibrationDetectionRegression
# All times are in milliseconds

ChessBinary
                              N       Mean      P05      P50      P95      MAX
  border                       16  45.7394  7.46065   65.391  73.2749  86.1951
  caltech_edges                20  14.2913  12.4548  13.8722  16.2693  16.5037
  challenge                    85  15.9323  14.6428  15.7818  17.9622  18.5511
  close                        12  8.26212  7.77295  8.14551   8.6547   9.5929
  deltille_fisheye             58    20.18  17.2496  20.4413  22.0989  22.3508
  distance_angle                6  6.50473  5.93637  6.36822  7.03931  7.12349
  distance_straight             8  6.65526  5.61363  6.43633  7.55255  7.64223
  distant                       7   9.3657  7.25594    10.31   10.636  11.6683
  focus                        36  6.46751   5.6536  6.50991  6.89873  7.45374
  focus_large                  16  71.0727  68.8214  69.6829  76.9454  78.8357
  gaus_fisheye                 12  5.75831  4.96747  5.37572  7.36844  8.55439
  gaus_perfect                 12  4.84379  3.64743   4.9602  5.33275  5.36452
  hard                          1  6.17253  6.17253  6.17253  6.17253  6.17253
  large                         6  82.2621  65.7962  83.0307  91.9772  93.7051
  large_shadow                 23  81.3171  61.8228  64.0166  137.728   155.59
  motion_blur                  38  5.33873  4.02935  5.48214   6.2149  6.54141
  ocam_fisheye190               8  8.28112  7.85861  8.23008  8.55117  8.58215
  ocam_kaidan_omni             17  8.99474  8.16938   9.0622  9.80736  10.2715
  ocam_ladybug                 13  9.53956  8.77027  9.48235  9.83663  10.7993
  ocam_mini_omni               15  9.54589  8.75639  9.65221  10.1372  10.2821
  ocam_omni                    14  12.1275  11.0506  12.1434  12.7567  12.9122
  perfect                       8  3.21369  .431942  .451197   5.9696  6.09517
  ricoh_theta_5                11  15.6578  6.27048  19.2071  22.4517  24.2511
  ricoh_theta_v                46  52.0543  25.8305  56.1409  71.1205  78.1556
  rotation_flat                12  10.5694  8.80537  10.5503  12.0054  13.6029
  rotation_vertical             7  5.94743  5.44016  5.84693  6.61056  6.66908
  shadow                       15  10.4476  6.00741  10.2097  14.3545  16.3875
  sloppy13x10                  13  22.4906   19.241  21.6644  24.9909  26.5772
  Sony_DSC-HX5V                13  5.16973  4.56731  4.89883  6.67055  6.87701
  stefano_2012                 30  10.9555  8.75564  10.4123  13.2311  13.8008
  Bumblebee2_Chess             22  5.16518  4.73814  5.09774  5.68542  5.75773

ChessXCorner
                              N       Mean      P05      P50      P95      MAX
  border                       16  172.468  11.1196  100.777  323.965   338.06
  caltech_edges                20   14.229  13.2779  14.3022    14.98  15.5982
  challenge                    85  66.1437  58.8527  66.8302  70.4991  74.5123
  close                        12  17.8767  17.6001  17.8163  18.0098  18.7382
  deltille_fisheye             58  56.1269  54.2117  55.9948  58.1916  60.7032
  distance_angle                6  14.4844  14.3307  14.4597  14.5217  14.7741
  distance_straight             8  14.3427  12.9594    14.75  15.3319   15.806
  distant                       7  19.7363  18.1453  19.5732  20.0199  22.3409
  focus                        36  12.9839  11.2832  11.8902  18.0098  18.0785
  focus_large                  16   305.62  293.382  295.679  336.369  361.044
  gaus_fisheye                 12  10.8541  10.3034   10.816   11.122   11.505
  gaus_perfect                 12   2.8883  2.75844  2.84111  3.03392  3.19906
  hard                          1   9.9661   9.9661   9.9661   9.9661   9.9661
  large                         6  315.339   282.72  304.852  326.496  365.648
  large_shadow                 23  383.413  291.564  298.411  605.994  675.775
  motion_blur                  38  8.33818  7.79331  8.25173  9.05398  9.35295
  ocam_fisheye190               8  11.1356  10.3175  11.2169  11.7317  11.9128
  ocam_kaidan_omni             17  10.8803  10.1569  10.9916  11.3654  11.4017
  ocam_ladybug                 13  21.7662  20.5581   21.692  22.8921    23.27
  ocam_mini_omni               15  13.8895  13.3436  13.8006  14.4036  14.6438
  ocam_omni                    14  40.4407  39.1066  40.1361  41.9737  42.9315
  perfect                       8  4.53461  1.02317  1.07551  7.81139  9.05321
  ricoh_theta_5                11  15.7848  13.1924  16.3282  17.4932  18.6545
  ricoh_theta_v                46   123.12  107.924  124.427  135.755  138.775
  rotation_flat                12  19.5008  18.2348  19.4015  20.2839  22.5346
  rotation_vertical             7  14.1828  13.8896  14.1219  14.4695  14.5985
  shadow                       15  19.0502  11.6267  19.0503  26.9325  28.2602
  sloppy13x10                  13  82.6798  77.0925  84.0997  86.5951  87.3315
  Sony_DSC-HX5V                13  7.65326  7.36587  7.51716  8.21225  8.47423
  stefano_2012                 30  11.7412  10.7867  11.3692  13.1181  14.0146
  Bumblebee2_Chess             22  7.90246  7.54171  7.74567  8.31339  8.91531

Square
                              N       Mean      P05      P50      P95      MAX
  distant                       7  12.8332  7.49668  10.8512  12.2616  32.2956
  fisheye                      17  11.8774  3.73707  11.0541  21.9974  22.6408
  large                         5  75.2883  68.2472  74.9616  76.6392  84.1924
  Sony_DSC-HX5V                14  2.03204    1.667  1.88292  2.41368  2.54491
  Bumblebee2_Square            26  2.00986  1.80851  2.02887  2.20501  2.48699

CircleHexagonal
                              N       Mean      P05      P50      P95      MAX
  calib_24x28                   7   39.248  30.1351  33.5054  39.2857   72.945
  calib_5x6                     9  3.52438  2.97456  3.53195  3.89554  3.93632
  fisheye_5x6                  19  11.3157  3.60185  11.5906  17.4824  19.3559
  large_24x28                   4  65.0477  62.9397  63.2188  63.8908  70.1416

CircleRegular
                              N       Mean      P05      P50      P95      MAX
  distant                       5  6.39801    4.883  6.53605  6.65466  7.71458
  fisheye                      10  4.25902  1.83354  2.15132  7.93919  11.3488
  large                         7  198.737  47.6395   63.971  320.419  556.863

Summary:
                              N       Mean      P05      P50      P95      MAX
  ChessBinary                 600  20.4085   4.8277  12.4548  69.6396   155.59
  ChessXCorner                600  64.2666  7.59148  19.9105  296.317  675.775
  Square                       69  10.8535  1.78955  2.30568  68.2472  84.1924
  CircleHexagonal              39  20.0422  3.26509  12.2203  63.8908   72.945
  CircleRegular                22  66.6244  1.84101  6.53605  293.045  556.863
