524.622142 526.895957 0.000000 312.390713 247.284016
5 -0.362748 0.175271 0.000000 0.000000 0.000000
11
-0.281479513558819 0.660519435576038 -0.069785034032430 92.445987121348367 -19.401418165425280 438.148968959645003
-0.265074964634690 -0.342429134476852 0.116794725118200 43.843520970761936 -1.377189668838955 400.271544848402414
0.386394722333574 0.101507789215389 -0.054383431096006 21.280410825929437 -14.812394076891701 383.818523608977159
-0.419026635423000 0.138180509061243 -0.039795051307808 76.756338638733695 -38.323571330469285 343.194657740578862
-0.697645845449840 0.046256340325464 0.051305382872641 109.260255960103919 1.691461311580542 413.117683162860658
-0.257724220558539 0.697333580269942 0.038796250862008 140.929626468626878 15.608971137358557 399.673361528540340
-0.161780643251207 0.151266421215123 0.089944147461604 187.168731395479170 27.383752344156079 427.376794646675023
-0.560905597085378 -0.112012247475839 -0.398019730661432 72.273082975130109 -55.333577970227779 387.959917572178654
-0.123075946243902 -0.027273413682381 -0.046563525489088 3.810337158557856 18.282297722690735 353.469175185524477
-0.091850660178344 -0.039855432623557 0.018816493486250 81.394017205070170 14.785890622023157 332.077641410457261
-0.098338396165769 0.066380912483720 -0.040209935317315 -6.021579787729037 -64.710298894008602 417.156256938068395
