524.622144209221800 526.895958926358800 0.000000000000000 312.390705066478900 247.283923982468370
2 -0.362748116145712 0.175270617915461
11
-0.281479662443177 0.660519428905401 -0.069785076043383 92.445995361940220 -19.401340261649427 438.148979370763240
-0.265075144619188 -0.342429120153098 0.116794766251795 43.843527320652120 -1.377119327162028 400.271546317967700
0.386394557371890 0.101507806973092 -0.054383438116593 21.280416984518280 -14.812326634876240 383.818528010946750
-0.419026820355222 0.138180474605721 -0.039795041514308 76.756344559569940 -38.323509905975754 343.194666473711150
-0.697646014378485 0.046256323846058 0.051305406782815 109.260262839174250 1.691535483549566 413.117686227408000
-0.257724343105759 0.697333583578229 0.038796210565409 140.929634585465400 15.609044724849120 399.673367126546960
-0.161780865943366 0.151266378609996 0.089944180400533 187.168737112653960 27.383831714411170 427.376791664490040
-0.560905780186354 -0.112012301031165 -0.398019702199033 72.273089277839350 -55.333508666126484 387.959927709910700
-0.123076104616538 -0.027273396671556 -0.046563522369430 3.810342840183012 18.282359838173534 353.469174712311500
-0.091850857925995 -0.039855457810773 0.018816519093004 81.394022349833580 14.785949899523382 332.077640497372400
-0.098338613059000 0.066380913965533 -0.040209941099674 -6.021573013195825 -64.710225629118240 417.156270496151800
