524.111532 526.665366 0.000000 313.365051 246.815153
5 -0.363213 0.184767 0.000000 0.000000 0.000000
11
-0.420679157144506 0.135904500075587 -0.039937775148786 76.156910842008315 -37.975827668754100 343.172752135082305
-0.101378490842365 0.065404653024405 -0.040556326322935 -6.814260382520834 -64.334924819247718 416.828573509391731
-0.160492987985009 0.144230389994669 0.089667903804278 186.465539419356332 27.803480734784639 427.659568235930237
-0.699319252860271 0.044688782796353 0.050871834908612 108.470005287405684 2.053832843848847 412.744274614549170
-0.563272709185768 -0.114489554600220 -0.398477365125189 71.495373314995632 -54.935914661920883 387.574267293611797
-0.267590790370053 -0.343413611493725 0.116727836701462 43.106858399888509 -1.044423687752589 399.954296196045789
-0.260334454758510 0.696176158163348 0.038411199034318 140.222436475357654 15.977740355962284 399.634866788056968
-0.281777288313471 0.658759664989838 -0.070444377152157 91.721345654471165 -18.993554144866426 438.224747877136735
0.387554198546878 0.100912926991053 -0.054170026304712 20.585965135727992 -14.462923970580825 383.564558003454692
-0.125395297032365 -0.026902057527949 -0.046590838883976 3.136257931768584 18.572480404601873 353.085532642055625
-0.094659565327075 -0.042591068143097 0.019391417269593 80.765336113950028 15.073602347784254 331.846362383504527
