24
-45.000000 -75.000000
-15.000000 -75.000000
15.000000 -75.000000
45.000000 -75.000000
-45.000000 -45.000000
-15.000000 -45.000000
15.000000 -45.000000
45.000000 -45.000000
-45.000000 -15.000000
-15.000000 -15.000000
15.000000 -15.000000
45.000000 -15.000000
-45.000000 15.000000
-15.000000 15.000000
15.000000 15.000000
45.000000 15.000000
-45.000000 45.000000
-15.000000 45.000000
15.000000 45.000000
45.000000 45.000000
-45.000000 75.000000
-15.000000 75.000000
15.000000 75.000000
45.000000 75.000000
