24 374.945343 156.980133 402.655121 149.405701 431.840485 141.391113 462.303101 133.348755 375.527924 186.418335 404.072449 179.323914 434.132019 172.123245 465.622467 164.445068 376.089844 217.310883 405.247375 211.064133 436.185425 204.319092 468.586670 197.658752 376.566589 249.385147 406.236359 243.981537 437.959991 238.392822 471.143494 232.371368 376.696442 282.781921 407.006775 278.548309 439.449829 273.774841 473.314392 268.850647 376.751617 317.098602 407.527557 313.922607 440.280029 310.433899 474.989807 306.464264 
24 321.230347 144.548859 355.733704 152.914658 388.727234 161.065826 419.501587 169.028137 318.759125 179.477875 354.335022 187.149902 388.182129 194.743713 419.749725 201.951935 316.120148 216.488831 352.706848 223.505051 387.401489 230.150101 419.645142 236.542267 313.339539 255.486984 350.876221 261.453705 386.257080 267.293060 419.239380 272.600281 310.535736 296.058167 348.780914 301.201080 384.826385 305.801758 418.319122 309.991241 307.492371 337.876312 346.352081 341.802277 383.125671 345.294159 417.078491 348.179565 
24 271.326721 128.964752 313.690247 126.351448 356.979004 124.141846 400.035767 122.671051 275.175323 170.239365 316.785034 167.987305 359.181000 166.204926 401.467834 164.671021 278.905762 210.071594 319.607788 208.327148 361.092987 206.673294 402.418274 205.230789 282.761780 248.004715 322.338226 246.702957 362.740021 245.273926 402.951477 243.848633 286.362762 283.996155 324.858215 283.056274 363.990448 281.750000 403.078918 280.528229 289.888855 317.619263 327.170654 316.943909 365.107513 316.163574 402.908661 314.810120 
24 354.705048 107.132233 394.594360 104.410919 434.311707 101.928299 473.061218 100.258270 357.048645 139.650238 398.709167 136.659012 440.175873 134.200607 480.513977 132.158279 359.326050 175.264206 402.876160 172.286499 446.088593 169.407791 488.046936 167.193054 361.747681 214.227310 407.067932 210.907059 452.016846 208.111649 495.458069 205.387756 364.063019 256.479706 411.175293 253.255310 457.721313 249.976883 502.675201 246.935822 366.370605 301.794189 414.969818 298.598938 463.145294 294.986572 509.455017 291.281738 
24 389.492889 183.094788 422.357391 184.665482 454.599640 186.098312 485.888367 187.762314 390.960968 207.219223 425.221527 208.563034 458.921692 210.033157 491.390564 211.396194 392.250397 233.499374 428.120544 234.796677 463.291901 235.972870 497.106232 237.332275 393.586029 262.454956 431.115479 263.324738 467.824280 264.550140 502.927368 265.479736 394.895081 293.960144 434.066650 294.942932 472.294098 295.609802 508.854248 296.296143 395.908539 328.514496 436.936096 329.199615 476.813171 329.433502 514.748047 329.556335 
24 444.639008 184.267532 475.642975 180.742264 508.451141 176.911880 542.140198 173.206451 443.122559 217.159851 474.964813 214.376663 508.285706 211.613953 543.084045 208.673218 441.037506 251.286224 473.396576 249.584610 507.505188 247.667755 543.016968 245.785446 438.565338 286.498901 471.313354 285.759369 505.882568 285.180145 541.838684 284.236023 435.419037 322.526398 468.607483 323.149414 503.612244 323.521301 539.975525 323.760406 431.937805 358.946014 465.276031 360.824768 500.399841 362.521606 537.205994 363.775421 
24 481.717773 190.885284 513.631470 193.930008 544.826599 196.911743 574.559082 200.053314 480.880249 224.004990 513.218445 226.755188 544.680908 229.626328 574.896118 232.368347 479.257874 257.964111 511.966187 260.600586 543.807007 263.078064 574.229492 265.529785 477.286407 292.568207 510.274109 294.882263 542.353760 297.159180 573.155518 299.169586 474.620728 327.487427 507.799805 329.738708 540.120789 331.584167 571.139404 333.224426 471.431305 362.615417 504.838043 364.470276 537.297974 366.033539 568.197937 367.365723 
24 313.915527 125.206329 347.251678 115.488708 379.016174 106.358734 409.164642 98.098434 329.431335 149.988724 363.747162 139.334305 396.571228 129.447189 427.271851 120.317413 346.162628 177.150024 381.603333 165.523926 415.204102 154.558685 446.569611 144.624863 364.374695 206.911987 400.650635 193.914246 434.922852 182.016556 466.715027 170.908386 383.828033 239.290131 421.023407 225.106323 455.858368 211.787506 488.004181 199.447037 404.493561 274.371094 442.411682 258.714172 477.794922 243.735016 510.041138 230.019272 
24 248.377853 169.418076 291.099762 167.411453 334.141693 165.667633 376.506134 164.454865 249.347214 211.758331 292.850250 209.684464 336.656586 207.876312 379.662476 206.213287 250.686844 255.399918 294.747711 253.415359 339.060760 251.332855 382.636780 249.356979 252.473495 299.714539 296.771179 297.726440 341.378296 295.625519 385.186127 293.235870 254.441177 344.307831 298.885529 342.558472 343.554565 340.119720 387.439087 337.370148 256.792175 388.296265 301.039703 386.569336 345.587158 384.132568 389.310425 381.017395 
24 370.171204 153.643173 414.588501 155.908768 457.423767 158.420212 497.666443 161.221497 370.431885 198.955933 415.496552 200.505005 459.041443 202.390503 499.758057 204.267380 370.187653 245.626770 415.831360 246.664169 459.758301 247.499237 501.084778 248.526825 369.709442 293.110870 415.630096 293.353119 459.699097 293.437744 501.260376 293.291290 368.949097 340.570923 414.898499 340.255859 459.007568 339.409912 500.353821 338.222961 367.695435 387.159241 413.384766 386.199097 457.369171 384.752686 498.612427 382.496765 
24 249.240860 84.796204 284.161499 82.086655 319.772247 79.737999 355.427155 78.047134 249.273682 117.535950 284.953125 114.948441 321.289825 112.759781 357.722656 110.994598 249.489044 151.939194 285.764313 149.524841 322.836182 147.376312 359.930969 145.661469 250.000488 187.604431 286.738983 185.441925 324.402283 183.477386 362.026855 181.770691 250.669708 224.642319 287.814178 222.768448 325.901154 220.929214 364.024048 219.184601 251.539169 262.367126 289.050171 260.814880 327.373779 259.103088 365.801697 257.410248 
