24 354.670593 107.163910 394.758667 104.530258 434.411682 102.021263 473.217987 100.393539 357.041534 139.624390 398.716248 136.726669 440.160645 134.266998 480.800049 132.329926 359.358521 175.270279 402.989685 172.443848 446.001221 169.415466 487.775665 167.149689 361.705841 214.394928 407.032867 210.948959 452.023346 208.223175 495.453247 205.427811 364.069305 256.520172 411.289429 253.333130 457.634155 249.995911 502.776825 246.894745 366.461151 301.689758 415.025818 298.664032 463.189697 295.011475 509.448151 291.346771
24 249.337616 84.762199 284.252167 82.206947 319.708862 79.659035 355.406525 78.128326 249.332596 117.522934 284.920929 114.931023 321.357910 112.665688 357.651367 110.935516 249.436722 151.937683 285.697510 149.540314 322.731598 147.408997 359.978973 145.545441 250.050110 187.557220 286.673828 185.455368 324.474701 183.456955 362.029297 181.559586 250.619308 224.617599 287.858215 222.729630 325.901184 220.815430 363.983673 219.227051 251.495041 262.465820 289.156128 260.766449 327.379639 259.183319 365.671936 257.405151
24 481.629852 190.881805 513.630127 193.902908 544.647583 196.815979 574.681213 200.146698 480.948547 223.955765 513.271423 226.741821 544.727661 229.576874 574.951294 232.367554 479.379730 257.940369 511.931915 260.623077 543.660217 263.065399 574.308899 265.450439 477.321228 292.587891 510.213531 294.904724 542.318970 297.222534 573.179932 299.280273 474.703918 327.499969 507.814423 329.667694 540.050842 331.533234 571.240295 333.322784 471.426666 362.605621 504.978760 364.464386 537.485962 366.032501 568.100403 367.388336
24 389.494781 183.071274 422.330109 184.687256 454.753754 186.078461 485.728699 187.645004 390.956451 207.190018 425.241028 208.561890 459.065063 209.984604 491.456085 211.445557 392.361359 233.470749 428.076843 234.746124 463.408203 235.972214 497.183594 237.363388 393.545959 262.515411 431.155579 263.357422 467.671295 264.544128 503.070801 265.506134 394.943787 293.906799 433.989777 294.859985 472.343414 295.603149 509.106598 296.279541 395.938843 328.547729 436.918884 329.217529 476.972412 329.453369 514.829041 329.568298
24 313.845428 125.304779 347.082153 115.500221 379.017029 106.472649 409.179474 98.154953 329.483490 149.884064 363.784973 139.413422 396.454163 129.451462 427.333527 120.406532 346.141327 177.229355 381.531067 165.507248 415.063721 154.519089 446.510437 144.589050 364.432434 206.861359 400.621552 193.863632 434.930908 182.051849 466.598511 170.873306 383.722565 239.317047 420.974121 225.056442 455.939636 211.714478 488.020538 199.470139 404.498871 274.404327 442.501678 258.574982 477.928436 243.734192 510.208313 230.031876
24 321.253754 144.558426 355.653748 152.907242 388.674011 161.024933 419.459595 168.959732 318.702240 179.382797 354.372162 187.061691 388.207764 194.731903 419.761993 201.918396 316.276337 216.553360 352.664673 223.419296 387.473633 230.182983 419.632843 236.599686 313.306732 255.419373 350.753967 261.407684 386.350739 267.342102 419.313019 272.579742 310.560394 296.031189 348.698975 301.141785 384.823792 305.768890 418.489838 309.999481 307.494171 337.919983 346.464050 341.650360 383.223511 345.314606 417.109650 348.225250
24 444.782104 184.364532 475.605774 180.739090 508.365082 176.955048 542.040100 173.223465 443.216705 217.228592 475.018097 214.411255 508.438141 211.543106 543.090149 208.642288 441.051910 251.361130 473.471344 249.588028 507.503937 247.634842 543.250549 245.740265 438.656738 286.561859 471.398071 285.664307 505.877960 285.268494 541.935974 284.303162 435.453949 322.511078 468.524200 323.090393 503.532990 323.537659 540.167542 323.734863 431.800171 358.985352 465.323547 360.817139 500.501343 362.549133 537.391357 363.827057
24 375.011292 157.011154 402.859222 149.399048 431.804535 141.353485 462.245087 133.309982 375.567749 186.525497 404.086395 179.335815 434.145233 172.160004 465.523071 164.630646 376.189880 217.171997 405.340363 211.130203 436.069214 204.492432 468.578918 197.510162 376.679718 249.416443 406.362305 243.909042 438.005493 238.525391 471.199097 232.353165 376.602234 282.843781 407.033142 278.506104 439.501038 273.673950 473.270935 268.979675 376.771210 317.075409 407.571045 313.964508 440.452484 310.473389 475.090790 306.421844
24 271.401581 128.887177 313.599091 126.385056 357.022980 124.300301 399.945374 122.573143 275.186096 170.327377 316.801300 167.953751 359.310822 166.363358 401.487823 164.555130 278.965912 210.075958 319.544464 208.430634 361.149536 206.551071 402.470978 205.284393 282.790680 247.981232 322.477081 246.592148 362.668152 245.351608 403.066040 243.833115 286.480286 283.960388 324.744415 283.021240 364.044373 281.572601 403.191071 280.587830 289.855835 317.554443 327.282196 316.800171 365.150757 316.112305 402.898926 314.803741
24 248.441254 169.440475 291.056274 167.440063 334.320221 165.568344 376.515961 164.467194 249.337738 211.703903 292.737335 209.595886 336.602814 207.663193 379.601288 206.279282 250.632584 255.418243 294.683716 253.360413 339.061676 251.344269 382.644196 249.363586 252.474838 299.674774 296.747406 297.631134 341.428131 295.539581 385.318390 293.174225 254.473282 344.416840 298.740753 342.496826 343.472290 340.291473 387.463470 337.433594 256.868988 388.384308 300.990448 386.532562 345.548157 384.264069 389.338226 381.068756
24 370.362152 153.505737 414.644470 155.933044 457.457153 158.484146 497.550690 161.148590 370.461823 198.883972 415.503784 200.535095 459.118378 202.387207 499.714661 204.338028 370.359192 245.575684 415.692932 246.606445 459.727264 247.477417 501.153351 248.497086 369.566162 293.062408 415.548035 293.412567 459.673340 293.465393 501.347839 293.309204 368.894623 340.606628 414.879669 340.195007 458.952118 339.481659 500.555237 338.272125 367.715210 387.352631 413.380524 386.291321 457.472107 384.808533 498.646393 382.587677
