# list of hand selected 2D points
110.32786885245900000000 145.57377049180326000000
120.32786885245900000000 137.54098360655738000000
119.18032786885244000000 151.31147540983605000000
126.88524590163934000000 150.98360655737704000000
128.19672131147540000000 135.57377049180326000000
140.32786885245900000000 134.91803278688522000000
138.85245901639342000000 150.98360655737704000000
144.59016393442622000000 144.42622950819670000000
151.47540983606555000000 136.72131147540983000000
157.37704918032784000000 138.68852459016392000000
157.54098360655738000000 148.85245901639342000000
149.18032786885246000000 151.47540983606555000000
163.27868852459014000000 148.03278688524588000000
163.27868852459014000000 138.68852459016392000000
169.34426229508196000000 133.11475409836063000000
177.54098360655738000000 132.95081967213113000000
175.73770491803276000000 152.62295081967213000000
167.86885245901638000000 152.62295081967213000000
128.03278688524588000000 119.50819672131146000000
137.04918032786884000000 111.80327868852459000000
146.55737704918030000000 118.03278688524590000000
136.39344262295080000000 126.39344262295081000000
150.00000000000000000000 118.85245901639344000000
162.13114754098360000000 112.45901639344261000000
161.47540983606555000000 123.11475409836065000000
