# list of hand selected 2D points
80.72727272727273000000 149.63636363636363000000
91.09090909090910000000 143.45454545454547000000
90.36363636363636000000 156.72727272727272000000
98.36363636363636000000 158.18181818181820000000
99.45454545454545000000 143.81818181818180000000
112.36363636363636000000 144.72727272727272000000
111.09090909090910000000 159.09090909090910000000
116.72727272727273000000 154.90909090909090000000
124.00000000000000000000 148.54545454545453000000
130.00000000000000000000 151.63636363636363000000
129.45454545454547000000 161.09090909090910000000
121.81818181818181000000 162.54545454545453000000
135.27272727272728000000 160.90909090909090000000
135.63636363636363000000 152.72727272727272000000
141.09090909090910000000 148.72727272727272000000
149.63636363636363000000 148.90909090909090000000
148.36363636363637000000 166.72727272727272000000
139.81818181818180000000 166.36363636363637000000
98.90909090909090000000 127.45454545454545000000
108.36363636363636000000 121.45454545454545000000
117.63636363636364000000 129.27272727272728000000
107.27272727272727000000 135.45454545454547000000
122.36363636363636000000 130.54545454545453000000
134.00000000000000000000 126.36363636363636000000
134.18181818181820000000 137.09090909090910000000
