# list of hand selected 2D points
108.35820895522387000000 132.68656716417910000000
117.91044776119402000000 126.71641791044776000000
117.31343283582089000000 139.70149253731344000000
124.47761194029850000000 139.85074626865670000000
125.67164179104478000000 126.86567164179104000000
137.16417910447760000000 126.71641791044776000000
136.11940298507463000000 140.89552238805970000000
141.49253731343282000000 136.86567164179104000000
148.20895522388060000000 130.44776119402985000000
153.43283582089552000000 133.13432835820896000000
153.13432835820896000000 141.04477611940297000000
146.56716417910448000000 143.13432835820896000000
159.55223880597015000000 141.64179104477610000000
159.70149253731344000000 133.88059701492537000000
164.92537313432837000000 129.85074626865670000000
172.08955223880596000000 130.14925373134330000000
171.34328358208955000000 146.86567164179104000000
163.73134328358208000000 146.71641791044775000000
124.62686567164178000000 111.19402985074626000000
134.17910447761193000000 105.52238805970148000000
143.58208955223880000000 112.23880597014924000000
132.98507462686567000000 118.50746268656717000000
147.16417910447760000000 113.73134328358209000000
157.91044776119404000000 109.25373134328358000000
158.20895522388060000000 119.10447761194030000000
