# File: various/lighting Algorithm = FAST-BRIEF  skip 1 tolerance = 5.0
# (time tick) ( F ) ( F all inside) (precision) (recall) (recall all inside) (tracks)
0001  0.727  0.727  0.900  0.610  0.610 249
0002  0.708  0.708  0.882  0.591  0.591 246
0003  0.692  0.692  0.896  0.564  0.564 231
0004  0.693  0.693  0.879  0.572  0.572 239
0005  0.676  0.676  0.874  0.550  0.550 231
0006  0.652  0.652  0.865  0.523  0.523 222
0007  0.674  0.674  0.871  0.550  0.550 232
0008  0.647  0.647  0.820  0.534  0.534 239
0009  0.662  0.662  0.850  0.542  0.542 234
0010  0.679  0.679  0.865  0.559  0.559 237
0011  0.573  0.573  0.789  0.450  0.450 209
0012  0.618  0.618  0.844  0.488  0.488 212
0013  0.583  0.583  0.787  0.463  0.463 216
0014  0.583  0.583  0.804  0.458  0.458 209
0015  0.571  0.571  0.776  0.452  0.452 214
0016  0.587  0.587  0.792  0.466  0.466 216
0017  0.584  0.584  0.797  0.460  0.460 212
0018  0.560  0.560  0.774  0.439  0.439 208
0019  0.555  0.555  0.756  0.439  0.439 213
0020  0.570  0.570  0.788  0.447  0.447 208
0021  0.558  0.558  0.757  0.441  0.441 214
0022  0.583  0.583  0.804  0.458  0.458 209
0023  0.595  0.595  0.805  0.471  0.471 215
0024  0.575  0.575  0.774  0.458  0.458 217
0025  0.577  0.577  0.788  0.455  0.455 212
0026  0.603  0.603  0.829  0.474  0.474 210
0027  0.651  0.651  0.876  0.518  0.518 217
0028  0.587  0.587  0.785  0.469  0.469 219
0029  0.577  0.577  0.788  0.455  0.455 212
0030  0.588  0.588  0.795  0.466  0.466 215
0031  0.560  0.560  0.774  0.439  0.439 208
0032  0.596  0.596  0.786  0.480  0.480 224
0033  0.597  0.597  0.830  0.466  0.466 206
0034  0.562  0.562  0.756  0.447  0.447 217
0035  0.592  0.592  0.804  0.469  0.469 214
0036  0.583  0.583  0.787  0.463  0.463 216
0037  0.594  0.594  0.795  0.474  0.474 219
0038  0.586  0.586  0.767  0.474  0.474 227
0039  0.622  0.622  0.835  0.496  0.496 218
0040  0.607  0.607  0.826  0.480  0.480 213
0041  0.572  0.572  0.779  0.452  0.452 213
0042  0.570  0.570  0.772  0.452  0.452 215
0043  0.559  0.559  0.770  0.439  0.439 209
0044  0.587  0.587  0.792  0.466  0.466 216
0045  0.589  0.589  0.816  0.460  0.460 207
0046  0.579  0.579  0.789  0.458  0.458 213
0047  0.572  0.572  0.779  0.452  0.452 213
0048  0.563  0.563  0.779  0.441  0.441 208
0049  0.560  0.560  0.774  0.439  0.439 208
0050  0.583  0.583  0.793  0.460  0.460 213
0051  0.598  0.598  0.809  0.474  0.474 215
0052  0.568  0.568  0.781  0.447  0.447 210
0053  0.573  0.573  0.800  0.447  0.447 205
0054  0.544  0.544  0.785  0.417  0.417 195
0055  0.559  0.559  0.780  0.436  0.436 205
0056  0.579  0.579  0.789  0.458  0.458 213
0057  0.574  0.574  0.793  0.450  0.450 208
0058  0.538  0.538  0.778  0.411  0.411 194
0059  0.557  0.557  0.769  0.436  0.436 208
0060  0.563  0.563  0.759  0.447  0.447 216
0061  0.524  0.524  0.768  0.398  0.398 190
0062  0.538  0.538  0.742  0.422  0.422 209
0063  0.580  0.580  0.810  0.452  0.452 205
0064  0.546  0.546  0.765  0.425  0.425 204
0065  0.536  0.536  0.770  0.411  0.411 196
0066  0.544  0.544  0.774  0.420  0.420 199
0067  0.554  0.554  0.803  0.422  0.422 193
0068  0.535  0.535  0.737  0.420  0.420 209
0069  0.522  0.522  0.740  0.403  0.403 200
0070  0.550  0.550  0.787  0.422  0.422 197
0071  0.573  0.573  0.818  0.441  0.441 198
0072  0.541  0.541  0.737  0.428  0.428 213
0073  0.548  0.548  0.762  0.428  0.428 206
0074  0.546  0.546  0.745  0.431  0.431 212
0075  0.559  0.559  0.761  0.441  0.441 213
0076  0.578  0.578  0.791  0.455  0.455 211
0077  0.515  0.515  0.740  0.395  0.395 196
0078  0.550  0.550  0.760  0.431  0.431 208
0079  0.548  0.548  0.752  0.431  0.431 210
0080  0.560  0.560  0.802  0.431  0.431 197
0081  0.526  0.526  0.739  0.409  0.409 203
0082  0.584  0.584  0.833  0.450  0.450 198
0083  0.558  0.558  0.767  0.439  0.439 210
0084  0.558  0.558  0.783  0.433  0.433 203
0085  0.535  0.535  0.766  0.411  0.411 197
0086  0.529  0.529  0.760  0.406  0.406 196
0087  0.570  0.570  0.813  0.439  0.439 198
0088  0.555  0.555  0.762  0.436  0.436 210
0089  0.568  0.568  0.816  0.436  0.436 196
0090  0.570  0.570  0.795  0.444  0.444 205
0091  0.556  0.556  0.786  0.431  0.431 201
0092  0.564  0.564  0.783  0.441  0.441 207
0093  0.534  0.534  0.769  0.409  0.409 195
0094  0.577  0.577  0.781  0.458  0.458 215
0095  0.528  0.528  0.763  0.403  0.403 194
0096  0.585  0.585  0.801  0.460  0.460 211
0097  0.559  0.559  0.817  0.425  0.425 191
0098  0.527  0.527  0.743  0.409  0.409 202
0099  0.536  0.536  0.770  0.411  0.411 196
0100  0.551  0.551  0.757  0.433  0.433 210
0101  0.529  0.529  0.740  0.411  0.411 204
0102  0.540  0.540  0.765  0.417  0.417 200
0103  0.523  0.523  0.702  0.417  0.417 218
0104  0.597  0.597  0.812  0.471  0.471 213
0105  0.526  0.526  0.720  0.414  0.414 211
0106  0.576  0.576  0.784  0.455  0.455 213
0107  0.561  0.561  0.778  0.439  0.439 207
0108  0.544  0.544  0.754  0.425  0.425 207
0109  0.583  0.583  0.787  0.463  0.463 216
0110  0.591  0.591  0.800  0.469  0.469 215
0111  0.588  0.588  0.795  0.466  0.466 215
0112  0.560  0.560  0.774  0.439  0.439 208
0113  0.568  0.568  0.761  0.452  0.452 218
0114  0.577  0.577  0.788  0.455  0.455 212
0115  0.544  0.544  0.764  0.422  0.422 203
0116  0.545  0.545  0.767  0.422  0.422 202
0117  0.547  0.547  0.804  0.414  0.414 189
0118  0.543  0.543  0.744  0.428  0.428 211
0119  0.534  0.534  0.759  0.411  0.411 199
0120  0.534  0.534  0.759  0.411  0.411 199
0121  0.491  0.491  0.717  0.373  0.373 191
0122  0.511  0.511  0.741  0.390  0.390 193
0123  0.494  0.494  0.761  0.365  0.365 176
0124  0.524  0.524  0.747  0.403  0.403 198
0125  0.491  0.491  0.727  0.371  0.371 187
0126  0.474  0.474  0.704  0.357  0.357 186
0127  0.462  0.462  0.718  0.341  0.341 174
0128  0.488  0.488  0.693  0.376  0.376 199
0129  0.502  0.502  0.754  0.376  0.376 183
0130  0.512  0.512  0.738  0.392  0.392 195
0131  0.512  0.512  0.738  0.392  0.392 195
0132  0.494  0.494  0.761  0.365  0.365 176
0133  0.475  0.475  0.708  0.357  0.357 185
0134  0.474  0.474  0.686  0.362  0.362 194
0135  0.471  0.471  0.723  0.349  0.349 177
0136  0.483  0.483  0.703  0.368  0.368 192
0137  0.445  0.445  0.674  0.332  0.332 181
0138  0.472  0.472  0.743  0.346  0.346 171
0139  0.443  0.443  0.686  0.327  0.327 175
0140  0.479  0.479  0.728  0.357  0.357 180
0141  0.447  0.447  0.682  0.332  0.332 179
0142  0.463  0.463  0.723  0.341  0.341 173
0143  0.436  0.436  0.688  0.319  0.319 170
0144  0.484  0.484  0.765  0.354  0.354 170
0145  0.475  0.475  0.708  0.357  0.357 185
0146  0.499  0.499  0.776  0.368  0.368 174
0147  0.521  0.521  0.746  0.401  0.401 197
0148  0.464  0.464  0.683  0.351  0.351 189
0149  0.457  0.457  0.705  0.338  0.338 176
0150  0.446  0.446  0.678  0.332  0.332 180
0151  0.491  0.491  0.738  0.368  0.368 183
0152  0.505  0.505  0.749  0.381  0.381 187
0153  0.483  0.483  0.733  0.360  0.360 180
0154  0.494  0.494  0.750  0.368  0.368 180
0155  0.451  0.451  0.727  0.327  0.327 165
0156  0.457  0.457  0.731  0.332  0.332 167
0157  0.470  0.470  0.730  0.346  0.346 174
0158  0.462  0.462  0.708  0.343  0.343 178
0159  0.494  0.494  0.761  0.365  0.365 176
0160  0.487  0.487  0.722  0.368  0.368 187
0161  0.419  0.419  0.667  0.305  0.305 168
0162  0.435  0.435  0.661  0.324  0.324 180
0163  0.451  0.451  0.691  0.335  0.335 178
0164  0.457  0.457  0.694  0.341  0.341 180
0165  0.409  0.409  0.631  0.302  0.302 176
0166  0.448  0.448  0.699  0.330  0.330 173
0167  0.425  0.425  0.675  0.311  0.311 169
0168  0.442  0.442  0.718  0.319  0.319 163
0169  0.410  0.410  0.626  0.305  0.305 179
0170  0.426  0.426  0.693  0.308  0.308 163
0171  0.428  0.428  0.673  0.313  0.313 171
0172  0.434  0.434  0.695  0.316  0.316 167
0173  0.425  0.425  0.700  0.305  0.305 160
0174  0.451  0.451  0.712  0.330  0.330 170
0175  0.417  0.417  0.669  0.302  0.302 166
0176  0.403  0.403  0.682  0.286  0.286 154
0177  0.430  0.430  0.745  0.302  0.302 149
0178  0.386  0.386  0.617  0.281  0.281 167
0179  0.426  0.426  0.733  0.300  0.300 150
0180  0.430  0.430  0.671  0.316  0.316 173
0181  0.427  0.427  0.713  0.305  0.305 157
0182  0.422  0.422  0.673  0.308  0.308 168
0183  0.451  0.451  0.701  0.332  0.332 174
0184  0.422  0.422  0.669  0.308  0.308 169
0185  0.438  0.438  0.745  0.311  0.311 153
0186  0.438  0.438  0.672  0.324  0.324 177
0187  0.430  0.430  0.715  0.308  0.308 158
0188  0.424  0.424  0.667  0.311  0.311 171
0189  0.396  0.396  0.689  0.278  0.278 148
0190  0.431  0.431  0.704  0.311  0.311 162
0191  0.366  0.366  0.644  0.256  0.256 146
0192  0.355  0.355  0.605  0.251  0.251 152
0193  0.371  0.371  0.640  0.262  0.262 150
0194  0.406  0.406  0.684  0.289  0.289 155
0195  0.387  0.387  0.624  0.281  0.281 165
0196  0.415  0.415  0.706  0.294  0.294 153
0197  0.370  0.370  0.618  0.264  0.264 157
0198  0.338  0.338  0.575  0.240  0.240 153
0199  0.395  0.395  0.654  0.283  0.283 159
0200  0.346  0.346  0.640  0.237  0.237 136
0201  0.380  0.380  0.625  0.272  0.272 160
0202  0.382  0.382  0.651  0.270  0.270 152
0203  0.391  0.391  0.658  0.278  0.278 155
0204  0.402  0.402  0.689  0.283  0.283 151
0205  0.337  0.337  0.616  0.232  0.232 138
0206  0.400  0.400  0.713  0.278  0.278 143
0207  0.387  0.387  0.667  0.272  0.272 150
0208  0.366  0.366  0.625  0.259  0.259 152
0209  0.336  0.336  0.612  0.232  0.232 139
0210  0.334  0.334  0.581  0.234  0.234 148
0211  0.390  0.390  0.685  0.272  0.272 146
0212  0.377  0.377  0.660  0.264  0.264 147
0213  0.388  0.388  0.676  0.272  0.272 148
0214  0.374  0.374  0.674  0.259  0.259 141
0215  0.377  0.377  0.660  0.264  0.264 147
0216  0.335  0.335  0.585  0.234  0.234 147
0217  0.354  0.354  0.619  0.248  0.248 147
0218  0.359  0.359  0.634  0.251  0.251 145
0219  0.352  0.352  0.621  0.245  0.245 145
0220  0.313  0.313  0.572  0.215  0.215 138
0221  0.310  0.310  0.592  0.210  0.210 130
0222  0.335  0.335  0.603  0.232  0.232 141
0223  0.308  0.308  0.541  0.215  0.215 146
0224  0.323  0.323  0.604  0.221  0.221 134
0225  0.308  0.308  0.579  0.210  0.210 133
0226  0.301  0.301  0.592  0.202  0.202 125
0227  0.323  0.323  0.582  0.223  0.223 141
0228  0.344  0.344  0.626  0.237  0.237 139
0229  0.318  0.318  0.566  0.221  0.221 143
0230  0.293  0.293  0.581  0.196  0.196 124
0231  0.291  0.291  0.545  0.199  0.199 134
0232  0.295  0.295  0.617  0.193  0.193 115
0233  0.302  0.302  0.577  0.204  0.204 130
0234  0.310  0.310  0.592  0.210  0.210 130
0235  0.306  0.306  0.585  0.207  0.207 130
0236  0.345  0.345  0.656  0.234  0.234 131
0237  0.340  0.340  0.661  0.229  0.229 127
0238  0.291  0.291  0.541  0.199  0.199 135
0239  0.320  0.320  0.645  0.213  0.213 121
0240  0.301  0.301  0.592  0.202  0.202 125
