# File: various/urban Algorithm = FAST-BRIEF  skip 1 tolerance = 5.0
# (time tick) ( F ) ( F all inside) (precision) (recall) (recall all inside) (tracks)
0001  0.609  0.609  0.845  0.476  0.476 174
0002  0.608  0.608  0.831  0.479  0.479 178
0003  0.605  0.605  0.802  0.485  0.485 187
0004  0.654  0.657  0.889  0.518  0.521 180
0005  0.620  0.625  0.819  0.498  0.505 188
0006  0.593  0.598  0.786  0.476  0.482 187
0007  0.611  0.616  0.824  0.485  0.492 182
0008  0.594  0.599  0.840  0.460  0.466 169
0009  0.627  0.632  0.855  0.495  0.502 179
0010  0.569  0.574  0.805  0.440  0.446 169
0011  0.651  0.656  0.866  0.521  0.528 186
0012  0.593  0.598  0.814  0.466  0.472 177
0013  0.600  0.605  0.820  0.472  0.479 178
0014  0.601  0.610  0.825  0.472  0.483 177
0015  0.620  0.637  0.848  0.489  0.510 178
0016  0.603  0.622  0.843  0.469  0.493 172
0017  0.568  0.587  0.792  0.443  0.466 173
0018  0.593  0.620  0.835  0.460  0.493 170
0019  0.571  0.602  0.814  0.440  0.477 167
0020  0.575  0.613  0.829  0.440  0.486 164
0021  0.588  0.629  0.838  0.453  0.504 167
0022  0.574  0.615  0.839  0.437  0.486 161
0023  0.588  0.636  0.838  0.453  0.513 167
0024  0.562  0.614  0.789  0.437  0.502 171
0025  0.547  0.599  0.805  0.414  0.477 159
0026  0.537  0.595  0.788  0.408  0.479 160
0027  0.544  0.608  0.804  0.411  0.488 158
0028  0.565  0.640  0.812  0.434  0.528 165
0029  0.546  0.629  0.800  0.414  0.519 160
0030  0.475  0.547  0.727  0.353  0.438 150
0031  0.514  0.597  0.759  0.388  0.492 158
0032  0.500  0.587  0.748  0.375  0.483 155
0033  0.508  0.608  0.799  0.372  0.491 144
0034  0.530  0.630  0.780  0.401  0.528 159
0035  0.466  0.559  0.726  0.343  0.454 146
0036  0.494  0.595  0.745  0.369  0.496 153
0037  0.484  0.595  0.740  0.359  0.498 150
0038  0.459  0.566  0.705  0.340  0.472 149
0039  0.437  0.548  0.688  0.320  0.455 144
0040  0.446  0.569  0.754  0.317  0.458 130
0041  0.425  0.534  0.671  0.311  0.443 143
0042  0.422  0.531  0.674  0.307  0.439 141
0043  0.451  0.566  0.696  0.333  0.476 148
0044  0.449  0.571  0.735  0.324  0.467 136
0045  0.449  0.555  0.716  0.327  0.453 141
0046  0.507  0.619  0.779  0.375  0.514 149
0047  0.508  0.611  0.784  0.375  0.500 148
0048  0.515  0.616  0.778  0.385  0.509 153
0049  0.486  0.585  0.724  0.366  0.491 156
0050  0.570  0.677  0.832  0.434  0.571 161
0051  0.558  0.661  0.805  0.427  0.561 164
0052  0.533  0.610  0.781  0.405  0.500 160
0053  0.538  0.617  0.792  0.408  0.505 159
0054  0.571  0.650  0.801  0.443  0.547 171
0055  0.552  0.630  0.769  0.430  0.533 173
0056  0.548  0.607  0.796  0.417  0.491 162
0057  0.575  0.639  0.807  0.447  0.528 171
0058  0.572  0.621  0.806  0.443  0.505 170
0059  0.556  0.607  0.795  0.427  0.491 166
0060  0.597  0.642  0.819  0.469  0.528 177
0061  0.609  0.655  0.815  0.485  0.547 184
0062  0.566  0.608  0.826  0.430  0.481 161
0063  0.581  0.579  0.789  0.460  0.458 180
0064  0.631  0.636  0.860  0.498  0.505 179
0065  0.604  0.621  0.818  0.479  0.500 181
0066  0.631  0.621  0.860  0.498  0.486 179
0067  0.630  0.630  0.864  0.495  0.495 177
0068  0.594  0.618  0.810  0.469  0.500 179
0069  0.618  0.622  0.831  0.492  0.498 183
0070  0.599  0.638  0.808  0.476  0.527 182
0071  0.609  0.629  0.807  0.489  0.515 187
0072  0.600  0.633  0.833  0.469  0.510 174
0073  0.610  0.652  0.841  0.479  0.533 176
0074  0.574  0.600  0.815  0.443  0.475 168
0075  0.585  0.604  0.794  0.463  0.487 180
0076  0.549  0.580  0.788  0.421  0.459 165
0077  0.577  0.604  0.840  0.440  0.472 162
0078  0.590  0.627  0.834  0.456  0.503 169
0079  0.562  0.602  0.789  0.437  0.487 171
0080  0.617  0.652  0.856  0.482  0.527 174
0081  0.568  0.627  0.813  0.437  0.511 166
0082  0.549  0.609  0.767  0.427  0.505 172
0083  0.514  0.571  0.747  0.392  0.462 162
0084  0.472  0.527  0.712  0.353  0.418 153
0085  0.516  0.602  0.769  0.388  0.495 156
0086  0.501  0.581  0.717  0.385  0.489 166
0087  0.494  0.574  0.732  0.372  0.473 157
0088  0.512  0.604  0.763  0.385  0.500 156
0089  0.507  0.609  0.779  0.375  0.500 149
0090  0.486  0.588  0.737  0.362  0.489 152
0091  0.536  0.634  0.820  0.398  0.516 150
0092  0.489  0.580  0.766  0.359  0.467 145
0093  0.469  0.568  0.711  0.350  0.473 152
0094  0.487  0.573  0.729  0.366  0.473 155
0095  0.489  0.584  0.796  0.353  0.462 137
0096  0.517  0.615  0.761  0.392  0.516 159
0097  0.502  0.587  0.721  0.385  0.495 165
0098  0.471  0.555  0.738  0.346  0.445 145
0099  0.497  0.599  0.774  0.366  0.489 146
0100  0.480  0.580  0.738  0.356  0.477 149
0101  0.489  0.598  0.714  0.372  0.514 161
0102  0.467  0.573  0.745  0.340  0.465 141
0103  0.454  0.567  0.729  0.330  0.464 140
0104  0.449  0.578  0.716  0.327  0.484 141
0105  0.524  0.688  0.791  0.392  0.609 153
0106  0.482  0.640  0.777  0.350  0.544 139
0107  0.465  0.604  0.721  0.343  0.520 147
0108  0.431  0.588  0.706  0.311  0.503 136
0109  0.420  0.569  0.694  0.301  0.483 134
0110  0.457  0.640  0.759  0.327  0.553 133
0111  0.432  0.589  0.676  0.317  0.521 145
0112  0.479  0.656  0.747  0.353  0.586 146
0113  0.426  0.556  0.664  0.314  0.479 146
0114  0.473  0.614  0.778  0.340  0.507 135
0115  0.461  0.573  0.714  0.340  0.479 147
0116  0.497  0.613  0.760  0.369  0.514 150
0117  0.501  0.631  0.767  0.372  0.536 150
0118  0.497  0.615  0.722  0.379  0.536 162
0119  0.527  0.615  0.765  0.401  0.514 162
0120  0.561  0.641  0.815  0.427  0.529 162
0121  0.604  0.685  0.826  0.476  0.586 178
0122  0.582  0.656  0.814  0.453  0.550 172
0123  0.600  0.660  0.842  0.466  0.543 171
0124  0.622  0.703  0.836  0.495  0.607 183
0125  0.613  0.638  0.821  0.489  0.521 184
0126  0.628  0.659  0.838  0.502  0.543 185
0127  0.635  0.694  0.866  0.502  0.579 179
0128  0.568  0.615  0.780  0.447  0.507 177
0129  0.587  0.608  0.811  0.460  0.486 175
0130  0.631  0.702  0.831  0.508  0.607 189
0131  0.571  0.625  0.814  0.440  0.507 167
0132  0.576  0.634  0.844  0.437  0.507 160
0133  0.550  0.617  0.772  0.427  0.514 171
0134  0.542  0.628  0.772  0.417  0.529 167
0135  0.538  0.621  0.766  0.414  0.521 167
0136  0.530  0.626  0.767  0.405  0.529 163
0137  0.519  0.656  0.771  0.392  0.571 157
0138  0.539  0.666  0.771  0.414  0.586 166
0139  0.501  0.589  0.767  0.372  0.479 150
0140  0.525  0.648  0.761  0.401  0.564 163
0141  0.514  0.643  0.773  0.385  0.550 154
0142  0.470  0.594  0.733  0.346  0.500 146
0143  0.520  0.666  0.799  0.385  0.571 149
0144  0.480  0.616  0.738  0.356  0.529 149
0145  0.465  0.619  0.734  0.340  0.536 143
0146  0.481  0.651  0.743  0.356  0.579 148
0147  0.479  0.653  0.761  0.350  0.571 142
0148  0.442  0.577  0.682  0.327  0.500 148
0149  0.396  0.547  0.652  0.285  0.471 135
0150  0.428  0.574  0.686  0.311  0.493 140
0151  0.444  0.615  0.709  0.324  0.543 141
0152  0.420  0.601  0.649  0.311  0.561 148
0153  0.436  0.613  0.713  0.314  0.538 136
0154  0.400  0.575  0.654  0.288  0.512 136
