# File: various/urban Algorithm = FAST-BRIEF  skip 4 tolerance = 5.0
# (time tick) ( F ) ( F all inside) (precision) (recall) (recall all inside) (tracks)
0004  0.654  0.657  0.889  0.518  0.521 180
0008  0.594  0.598  0.840  0.460  0.464 169
0012  0.593  0.596  0.814  0.466  0.471 177
0016  0.603  0.621  0.843  0.469  0.492 172
0020  0.575  0.611  0.829  0.440  0.484 164
0024  0.562  0.615  0.789  0.437  0.504 171
0028  0.565  0.641  0.812  0.434  0.530 165
0032  0.500  0.586  0.748  0.375  0.481 155
0036  0.494  0.597  0.745  0.369  0.498 153
0040  0.446  0.571  0.754  0.317  0.460 130
0044  0.449  0.573  0.735  0.324  0.469 136
0048  0.515  0.617  0.778  0.385  0.512 153
0052  0.533  0.611  0.781  0.405  0.502 160
0056  0.548  0.609  0.796  0.417  0.493 162
0060  0.597  0.644  0.819  0.469  0.531 177
0064  0.631  0.638  0.860  0.498  0.507 179
0068  0.594  0.620  0.810  0.469  0.502 179
0072  0.600  0.631  0.833  0.469  0.507 174
0076  0.549  0.578  0.788  0.421  0.457 165
0080  0.617  0.654  0.856  0.482  0.529 174
0084  0.472  0.529  0.712  0.353  0.421 153
0088  0.512  0.606  0.763  0.385  0.503 156
0092  0.489  0.582  0.766  0.359  0.470 145
0096  0.517  0.617  0.761  0.392  0.519 159
0100  0.480  0.582  0.738  0.356  0.480 149
0104  0.449  0.580  0.716  0.327  0.488 141
0108  0.431  0.590  0.706  0.311  0.507 136
0112  0.479  0.656  0.747  0.353  0.585 146
0116  0.497  0.613  0.760  0.369  0.514 150
0120  0.561  0.646  0.815  0.427  0.535 162
0124  0.622  0.707  0.836  0.495  0.613 183
0128  0.568  0.614  0.780  0.447  0.507 177
0132  0.576  0.639  0.844  0.437  0.514 160
0136  0.530  0.630  0.767  0.405  0.535 163
0140  0.525  0.647  0.761  0.401  0.563 163
0144  0.480  0.616  0.738  0.356  0.528 149
0148  0.442  0.582  0.682  0.327  0.507 148
0152  0.420  0.601  0.649  0.311  0.560 148
