# File: various/lighting Algorithm = FAST-BRIEF  skip 8 tolerance = 5.0
# (time tick) ( F ) ( F all inside) (precision) (recall) (recall all inside) (tracks)
0008  0.647  0.647  0.820  0.534  0.534 239
0016  0.587  0.587  0.792  0.466  0.466 216
0024  0.575  0.575  0.774  0.458  0.458 217
0032  0.596  0.596  0.786  0.480  0.480 224
0040  0.607  0.607  0.826  0.480  0.480 213
0048  0.563  0.563  0.779  0.441  0.441 208
0056  0.579  0.579  0.789  0.458  0.458 213
0064  0.546  0.546  0.765  0.425  0.425 204
0072  0.541  0.541  0.737  0.428  0.428 213
0080  0.560  0.560  0.802  0.431  0.431 197
0088  0.555  0.555  0.762  0.436  0.436 210
0096  0.585  0.585  0.801  0.460  0.460 211
0104  0.597  0.597  0.812  0.471  0.471 213
0112  0.560  0.560  0.774  0.439  0.439 208
0120  0.534  0.534  0.759  0.411  0.411 199
0128  0.488  0.488  0.693  0.376  0.376 199
0136  0.483  0.483  0.703  0.368  0.368 192
0144  0.484  0.484  0.765  0.354  0.354 170
0152  0.505  0.505  0.749  0.381  0.381 187
0160  0.487  0.487  0.722  0.368  0.368 187
0168  0.442  0.442  0.718  0.319  0.319 163
0176  0.403  0.403  0.682  0.286  0.286 154
0184  0.422  0.422  0.669  0.308  0.308 169
0192  0.355  0.355  0.605  0.251  0.251 152
0200  0.346  0.346  0.640  0.237  0.237 136
0208  0.366  0.366  0.625  0.259  0.259 152
0216  0.335  0.335  0.585  0.234  0.234 147
0224  0.323  0.323  0.604  0.221  0.221 134
0232  0.295  0.295  0.617  0.193  0.193 115
0240  0.301  0.301  0.592  0.202  0.202 125
