# File: various/urban Algorithm = FAST-BRIEF  skip 8 tolerance = 5.0
# (time tick) ( F ) ( F all inside) (precision) (recall) (recall all inside) (tracks)
0008  0.594  0.597  0.840  0.460  0.463 169
0016  0.603  0.620  0.843  0.469  0.490 172
0024  0.562  0.614  0.789  0.437  0.502 171
0032  0.500  0.587  0.748  0.375  0.483 155
0040  0.446  0.570  0.754  0.317  0.458 130
0048  0.515  0.619  0.778  0.385  0.514 153
0056  0.548  0.611  0.796  0.417  0.495 162
0064  0.631  0.636  0.860  0.498  0.505 179
0072  0.600  0.629  0.833  0.469  0.505 174
0080  0.617  0.654  0.856  0.482  0.529 174
0088  0.512  0.598  0.763  0.385  0.492 156
0096  0.517  0.621  0.761  0.392  0.524 159
0104  0.449  0.580  0.716  0.327  0.488 141
0112  0.479  0.659  0.747  0.353  0.589 146
0120  0.561  0.655  0.815  0.427  0.548 162
0128  0.568  0.614  0.780  0.447  0.507 177
0136  0.530  0.634  0.767  0.405  0.541 163
0144  0.480  0.620  0.738  0.356  0.534 149
0152  0.420  0.596  0.649  0.311  0.551 148
