# File: various/compressed Algorithm = FAST-BRIEF  skip 4 tolerance = 5.0
# (time tick) ( F ) ( F all inside) (precision) (recall) (recall all inside) (tracks)
0004  0.174  0.175  0.302  0.123  0.123 149
0008  0.229  0.232  0.396  0.161  0.164 149
0012  0.193  0.198  0.348  0.134  0.139 141
0016  0.149  0.157  0.289  0.101  0.108 128
0020  0.169  0.183  0.303  0.117  0.131 142
0024  0.138  0.156  0.268  0.093  0.110 127
0028  0.134  0.163  0.266  0.090  0.117 124
0032  0.128  0.161  0.265  0.084  0.116 117
0036  0.080  0.104  0.153  0.054  0.079 131
0040  0.077  0.105  0.153  0.052  0.080 124
0044  0.086  0.123  0.175  0.057  0.095 120
0048  0.045  0.066  0.087  0.030  0.053 126
0052  0.060  0.092  0.116  0.041  0.077 129
0056  0.040  0.062  0.075  0.027  0.053 134
0060  0.063  0.101  0.133  0.041  0.082 113
0064  0.038  0.062  0.080  0.025  0.051 113
0068  0.033  0.056  0.067  0.022  0.048 120
0072  0.029  0.049  0.057  0.019  0.043 122
0076  0.062  0.107  0.126  0.041  0.093 119
0080  0.012  0.022  0.026  0.008  0.019 115
0084  0.033  0.057  0.066  0.022  0.049 121
0088  0.021  0.036  0.043  0.014  0.031 116
0092  0.029  0.051  0.061  0.019  0.043 115
0096  0.013  0.023  0.029  0.008  0.019 103
0100  0.016  0.024  0.033  0.011  0.019 122
0104  0.013  0.023  0.027  0.008  0.020 111
0108  0.017  0.031  0.035  0.011  0.028 114
0112  0.009  0.016  0.020  0.005  0.014 99
0116  0.021  0.038  0.042  0.014  0.035 120
