# File: various/lighting Algorithm = FAST-BRIEF  skip 4 tolerance = 5.0
# (time tick) ( F ) ( F all inside) (precision) (recall) (recall all inside) (tracks)
0004  0.693  0.693  0.879  0.572  0.572 239
0008  0.647  0.647  0.820  0.534  0.534 239
0012  0.618  0.618  0.844  0.488  0.488 212
0016  0.587  0.587  0.792  0.466  0.466 216
0020  0.570  0.570  0.788  0.447  0.447 208
0024  0.575  0.575  0.774  0.458  0.458 217
0028  0.587  0.587  0.785  0.469  0.469 219
0032  0.596  0.596  0.786  0.480  0.480 224
0036  0.583  0.583  0.787  0.463  0.463 216
0040  0.607  0.607  0.826  0.480  0.480 213
0044  0.587  0.587  0.792  0.466  0.466 216
0048  0.563  0.563  0.779  0.441  0.441 208
0052  0.568  0.568  0.781  0.447  0.447 210
0056  0.579  0.579  0.789  0.458  0.458 213
0060  0.563  0.563  0.759  0.447  0.447 216
0064  0.546  0.546  0.765  0.425  0.425 204
0068  0.535  0.535  0.737  0.420  0.420 209
0072  0.541  0.541  0.737  0.428  0.428 213
0076  0.578  0.578  0.791  0.455  0.455 211
0080  0.560  0.560  0.802  0.431  0.431 197
0084  0.558  0.558  0.783  0.433  0.433 203
0088  0.555  0.555  0.762  0.436  0.436 210
0092  0.564  0.564  0.783  0.441  0.441 207
0096  0.585  0.585  0.801  0.460  0.460 211
0100  0.551  0.551  0.757  0.433  0.433 210
0104  0.597  0.597  0.812  0.471  0.471 213
0108  0.544  0.544  0.754  0.425  0.425 207
0112  0.560  0.560  0.774  0.439  0.439 208
0116  0.545  0.545  0.767  0.422  0.422 202
0120  0.534  0.534  0.759  0.411  0.411 199
0124  0.524  0.524  0.747  0.403  0.403 198
0128  0.488  0.488  0.693  0.376  0.376 199
0132  0.494  0.494  0.761  0.365  0.365 176
0136  0.483  0.483  0.703  0.368  0.368 192
0140  0.479  0.479  0.728  0.357  0.357 180
0144  0.484  0.484  0.765  0.354  0.354 170
0148  0.464  0.464  0.683  0.351  0.351 189
0152  0.505  0.505  0.749  0.381  0.381 187
0156  0.457  0.457  0.731  0.332  0.332 167
0160  0.487  0.487  0.722  0.368  0.368 187
0164  0.457  0.457  0.694  0.341  0.341 180
0168  0.442  0.442  0.718  0.319  0.319 163
0172  0.434  0.434  0.695  0.316  0.316 167
0176  0.403  0.403  0.682  0.286  0.286 154
0180  0.430  0.430  0.671  0.316  0.316 173
0184  0.422  0.422  0.669  0.308  0.308 169
0188  0.424  0.424  0.667  0.311  0.311 171
0192  0.355  0.355  0.605  0.251  0.251 152
0196  0.415  0.415  0.706  0.294  0.294 153
0200  0.346  0.346  0.640  0.237  0.237 136
0204  0.402  0.402  0.689  0.283  0.283 151
0208  0.366  0.366  0.625  0.259  0.259 152
0212  0.377  0.377  0.660  0.264  0.264 147
0216  0.335  0.335  0.585  0.234  0.234 147
0220  0.313  0.313  0.572  0.215  0.215 138
0224  0.323  0.323  0.604  0.221  0.221 134
0228  0.344  0.344  0.626  0.237  0.237 139
0232  0.295  0.295  0.617  0.193  0.193 115
0236  0.345  0.345  0.656  0.234  0.234 131
0240  0.301  0.301  0.592  0.202  0.202 125
