# File: various/compressed Algorithm = FAST-BRIEF  skip 1 tolerance = 5.0
# (time tick) ( F ) ( F all inside) (precision) (recall) (recall all inside) (tracks)
0001  0.164  0.164  0.288  0.114  0.114 146
0002  0.275  0.275  0.477  0.193  0.193 149
0003  0.139  0.139  0.279  0.093  0.093 122
0004  0.174  0.175  0.302  0.123  0.123 149
0005  0.160  0.161  0.303  0.109  0.109 132
0006  0.211  0.211  0.370  0.147  0.148 146
0007  0.189  0.192  0.362  0.128  0.131 130
0008  0.229  0.232  0.396  0.161  0.164 149
0009  0.169  0.172  0.345  0.112  0.115 119
0010  0.178  0.181  0.346  0.120  0.123 127
0011  0.167  0.171  0.311  0.114  0.118 135
0012  0.193  0.198  0.348  0.134  0.139 141
0013  0.186  0.191  0.381  0.123  0.128 118
0014  0.154  0.160  0.299  0.104  0.109 127
0015  0.143  0.150  0.267  0.098  0.104 135
0016  0.149  0.157  0.289  0.101  0.108 128
0017  0.160  0.168  0.320  0.106  0.114 122
0018  0.166  0.176  0.325  0.112  0.121 126
0019  0.170  0.183  0.331  0.114  0.126 127
0020  0.169  0.183  0.303  0.117  0.131 142
0021  0.175  0.193  0.347  0.117  0.134 124
0022  0.145  0.162  0.302  0.095  0.111 116
0023  0.138  0.156  0.300  0.090  0.106 110
0024  0.138  0.156  0.268  0.093  0.110 127
0025  0.128  0.145  0.239  0.087  0.105 134
0026  0.130  0.150  0.254  0.087  0.107 126
0027  0.139  0.164  0.259  0.095  0.120 135
0028  0.134  0.163  0.266  0.090  0.117 124
0029  0.183  0.222  0.336  0.125  0.165 137
0030  0.119  0.146  0.221  0.082  0.109 136
0031  0.153  0.190  0.295  0.104  0.140 129
0032  0.128  0.161  0.265  0.084  0.116 117
0033  0.125  0.153  0.238  0.084  0.112 130
0034  0.099  0.127  0.207  0.065  0.092 116
0035  0.105  0.134  0.200  0.071  0.101 130
0036  0.080  0.104  0.153  0.054  0.079 131
0037  0.099  0.130  0.181  0.068  0.101 138
0038  0.058  0.079  0.125  0.038  0.057 112
0039  0.062  0.083  0.126  0.041  0.062 119
0040  0.077  0.105  0.153  0.052  0.080 124
0041  0.110  0.150  0.216  0.074  0.114 125
0042  0.109  0.152  0.209  0.074  0.119 129
0043  0.100  0.141  0.191  0.068  0.112 131
0044  0.086  0.123  0.175  0.057  0.095 120
0045  0.089  0.129  0.175  0.060  0.103 126
0046  0.057  0.084  0.115  0.038  0.067 122
0047  0.081  0.120  0.161  0.054  0.096 124
0048  0.045  0.066  0.087  0.030  0.053 126
0049  0.072  0.107  0.137  0.049  0.088 131
0050  0.067  0.103  0.145  0.044  0.080 110
0051  0.069  0.101  0.137  0.046  0.080 124
0052  0.060  0.092  0.116  0.041  0.077 129
0053  0.063  0.099  0.138  0.041  0.078 109
0054  0.060  0.093  0.115  0.041  0.078 130
0055  0.041  0.066  0.087  0.027  0.053 115
0056  0.040  0.062  0.075  0.027  0.053 134
0057  0.062  0.097  0.125  0.041  0.079 120
0058  0.061  0.096  0.120  0.041  0.080 125
0059  0.034  0.055  0.077  0.022  0.043 104
0060  0.063  0.101  0.133  0.041  0.082 113
0061  0.050  0.082  0.105  0.033  0.067 114
0062  0.041  0.067  0.085  0.027  0.056 118
0063  0.028  0.046  0.055  0.019  0.039 127
0064  0.038  0.062  0.080  0.025  0.051 113
0065  0.025  0.041  0.049  0.016  0.035 122
0066  0.025  0.042  0.053  0.016  0.036 114
0067  0.037  0.064  0.078  0.025  0.054 116
0068  0.033  0.056  0.067  0.022  0.048 120
0069  0.020  0.034  0.039  0.014  0.030 127
0070  0.025  0.043  0.052  0.016  0.036 116
0071  0.025  0.043  0.054  0.016  0.037 112
0072  0.029  0.049  0.057  0.019  0.043 122
0073  0.017  0.030  0.037  0.011  0.025 107
0074  0.033  0.057  0.068  0.022  0.049 118
0075  0.032  0.055  0.062  0.022  0.049 130
0076  0.062  0.107  0.126  0.041  0.093 119
0077  0.032  0.055  0.062  0.022  0.049 130
0078  0.028  0.049  0.056  0.019  0.043 126
0079  0.041  0.072  0.085  0.027  0.062 117
0080  0.012  0.022  0.026  0.008  0.019 115
0081  0.017  0.029  0.034  0.011  0.025 117
0082  0.024  0.041  0.047  0.016  0.037 128
0083  0.020  0.035  0.041  0.014  0.031 121
0084  0.033  0.057  0.066  0.022  0.049 121
0085  0.033  0.057  0.068  0.022  0.049 118
0086  0.032  0.056  0.063  0.022  0.049 126
0087  0.004  0.007  0.007  0.003  0.006 138
0088  0.021  0.036  0.043  0.014  0.031 116
0089  0.020  0.034  0.039  0.014  0.031 129
0090  0.025  0.045  0.056  0.016  0.037 107
0091  0.016  0.028  0.031  0.011  0.025 128
0092  0.029  0.051  0.061  0.019  0.043 115
0093  0.017  0.029  0.034  0.011  0.025 116
0094  0.025  0.045  0.057  0.016  0.037 105
0095  0.008  0.014  0.017  0.005  0.013 118
0096  0.013  0.023  0.029  0.008  0.019 103
0097  0.021  0.037  0.044  0.014  0.032 114
0098  0.041  0.072  0.083  0.027  0.064 120
0099  0.008  0.014  0.016  0.005  0.013 126
0100  0.016  0.024  0.033  0.011  0.019 122
0101  0.017  0.030  0.036  0.011  0.026 110
0102  0.021  0.037  0.042  0.014  0.033 119
0103  0.025  0.040  0.052  0.016  0.033 116
0104  0.013  0.023  0.027  0.008  0.020 111
0105  0.004  0.007  0.008  0.003  0.007 120
0106  0.013  0.023  0.028  0.008  0.020 109
0107  0.012  0.023  0.026  0.008  0.021 114
0108  0.017  0.031  0.035  0.011  0.028 114
0109  0.000  0.000  0.000  0.000  0.000 123
0110  0.013  0.024  0.028  0.008  0.021 109
0111  0.025  0.041  0.051  0.016  0.035 118
0112  0.009  0.016  0.020  0.005  0.014 99
0113  0.008  0.014  0.015  0.005  0.014 136
0114  0.008  0.015  0.017  0.005  0.014 117
0115  0.013  0.024  0.028  0.008  0.021 107
0116  0.021  0.038  0.042  0.014  0.035 120
0117  0.012  0.023  0.025  0.008  0.021 118
