# File: various/compressed Algorithm = FAST-BRIEF  skip 8 tolerance = 5.0
# (time tick) ( F ) ( F all inside) (precision) (recall) (recall all inside) (tracks)
0008  0.229  0.232  0.396  0.161  0.164 149
0016  0.149  0.157  0.289  0.101  0.108 128
0024  0.138  0.155  0.268  0.093  0.109 127
0032  0.128  0.161  0.265  0.084  0.115 117
0040  0.077  0.105  0.153  0.052  0.080 124
0048  0.045  0.066  0.087  0.030  0.053 126
0056  0.040  0.062  0.075  0.027  0.053 134
0064  0.038  0.062  0.080  0.025  0.051 113
0072  0.029  0.049  0.057  0.019  0.042 122
0080  0.012  0.022  0.026  0.008  0.018 115
0088  0.021  0.036  0.043  0.014  0.030 116
0096  0.013  0.023  0.029  0.008  0.019 103
0104  0.013  0.023  0.027  0.008  0.020 111
0112  0.009  0.016  0.020  0.005  0.014 99
