# File: carpet/skew Algorithm = KLT  skip 1 tolerance = 5.0
# (time tick) ( F ) ( F all inside) (precision) (recall) (recall all inside) (tracks)
0001  0.997  0.997  0.997  0.997  0.997 657
0002  0.997  0.997  0.997  0.997  0.997 657
0003  0.998  0.998  0.998  0.998  0.998 657
0004  0.997  0.997  0.997  0.997  0.997 657
0005  0.995  0.995  0.995  0.995  0.995 657
0006  0.993  0.993  0.994  0.992  0.992 656
0007  0.992  0.992  0.994  0.991  0.991 655
0008  0.992  0.992  0.994  0.989  0.989 654
0009  0.991  0.992  0.994  0.988  0.989 653
0010  0.989  0.990  0.994  0.985  0.986 651
0011  0.986  0.988  0.992  0.980  0.983 649
0012  0.984  0.988  0.992  0.976  0.983 646
0013  0.983  0.988  0.992  0.974  0.983 645
0014  0.979  0.985  0.989  0.970  0.980 644
0015  0.981  0.987  0.992  0.970  0.982 642
0016  0.978  0.986  0.991  0.965  0.981 640
0017  0.975  0.984  0.989  0.962  0.978 639
0018  0.976  0.987  0.991  0.962  0.983 638
0019  0.973  0.984  0.991  0.956  0.978 634
0020  0.970  0.982  0.990  0.950  0.973 630
0021  0.962  0.976  0.987  0.938  0.966 624
0022  0.955  0.971  0.987  0.925  0.956 616
0023  0.949  0.972  0.984  0.916  0.960 612
0024  0.946  0.973  0.987  0.909  0.960 605
0025  0.944  0.979  0.988  0.904  0.971 601
0026  0.932  0.969  0.985  0.884  0.954 590
0027  0.927  0.966  0.983  0.877  0.950 586
0028  0.918  0.965  0.979  0.865  0.951 580
0029  0.921  0.972  0.988  0.863  0.956 574
0030  0.915  0.967  0.983  0.855  0.953 572
0031  0.905  0.962  0.974  0.845  0.950 570
0032  0.901  0.962  0.979  0.836  0.947 561
0033  0.897  0.963  0.980  0.826  0.946 554
0034  0.887  0.961  0.973  0.816  0.949 551
0035  0.890  0.970  0.976  0.817  0.964 550
0036  0.891  0.973  0.980  0.817  0.966 548
0037  0.881  0.963  0.978  0.802  0.948 539
0038  0.878  0.965  0.979  0.796  0.951 534
0039  0.868  0.960  0.974  0.784  0.947 529
0040  0.865  0.961  0.975  0.778  0.948 524
0041  0.862  0.961  0.975  0.772  0.948 520
0042  0.857  0.962  0.977  0.764  0.947 514
0043  0.851  0.960  0.973  0.756  0.948 511
0044  0.845  0.958  0.970  0.749  0.946 507
0045  0.841  0.955  0.970  0.743  0.940 503
0046  0.831  0.949  0.966  0.729  0.934 496
0047  0.825  0.948  0.965  0.720  0.931 490
0048  0.819  0.947  0.961  0.714  0.934 488
0049  0.820  0.955  0.965  0.712  0.945 485
0050  0.812  0.951  0.962  0.702  0.939 479
0051  0.807  0.950  0.964  0.694  0.936 473
0052  0.804  0.950  0.964  0.689  0.936 470
0053  0.798  0.947  0.959  0.683  0.935 468
0054  0.798  0.951  0.961  0.682  0.941 466
0055  0.791  0.946  0.959  0.673  0.934 461
0056  0.785  0.944  0.954  0.667  0.934 459
0057  0.778  0.941  0.950  0.659  0.933 456
0058  0.778  0.944  0.952  0.658  0.937 454
0059  0.769  0.938  0.947  0.647  0.930 449
0060  0.753  0.925  0.939  0.629  0.912 440
0061  0.739  0.921  0.931  0.613  0.912 433
0062  0.738  0.923  0.933  0.610  0.913 430
0063  0.718  0.907  0.915  0.591  0.898 424
0064  0.708  0.907  0.915  0.577  0.898 414
0065  0.702  0.906  0.917  0.569  0.895 408
0066  0.694  0.903  0.913  0.560  0.893 403
0067  0.687  0.902  0.912  0.551  0.892 397
0068  0.683  0.901  0.911  0.546  0.891 394
0069  0.672  0.892  0.907  0.534  0.878 387
0070  0.656  0.886  0.899  0.516  0.874 377
0071  0.643  0.886  0.904  0.499  0.870 363
0072  0.612  0.870  0.885  0.467  0.855 347
0073  0.613  0.880  0.892  0.467  0.867 344
0074  0.602  0.872  0.887  0.455  0.857 337
0075  0.579  0.851  0.869  0.434  0.833 328
0076  0.580  0.869  0.882  0.432  0.855 322
0077  0.556  0.846  0.857  0.411  0.836 315
0078  0.552  0.849  0.859  0.406  0.840 311
0079  0.541  0.842  0.850  0.397  0.834 307
0080  0.532  0.833  0.839  0.390  0.826 305
0081  0.521  0.818  0.825  0.381  0.812 303
0082  0.513  0.810  0.819  0.373  0.801 299
0083  0.503  0.802  0.813  0.364  0.791 294
0084  0.495  0.795  0.805  0.358  0.786 292
0085  0.485  0.788  0.798  0.349  0.779 287
0086  0.468  0.765  0.777  0.335  0.753 283
0087  0.458  0.759  0.770  0.326  0.748 278
0088  0.452  0.754  0.764  0.321  0.743 276
0089  0.446  0.752  0.756  0.317  0.748 275
0090  0.435  0.739  0.750  0.306  0.728 268
0091  0.427  0.734  0.741  0.300  0.727 266
0092  0.418  0.729  0.733  0.292  0.725 262
0093  0.421  0.739  0.742  0.294  0.737 260
0094  0.403  0.710  0.716  0.280  0.705 257
0095  0.396  0.703  0.711  0.274  0.695 253
0096  0.400  0.714  0.719  0.277  0.708 253
0097  0.386  0.696  0.703  0.266  0.689 249
0098  0.373  0.677  0.686  0.256  0.669 245
0099  0.358  0.661  0.665  0.245  0.657 242
0100  0.355  0.661  0.665  0.242  0.657 239
0101  0.340  0.641  0.644  0.231  0.639 236
0102  0.330  0.630  0.631  0.224  0.628 233
0103  0.334  0.642  0.646  0.225  0.638 229
0104  0.320  0.624  0.632  0.215  0.616 223
0105  0.319  0.628  0.636  0.213  0.619 220
0106  0.304  0.603  0.613  0.202  0.594 217
0107  0.305  0.607  0.616  0.202  0.599 216
0108  0.303  0.604  0.614  0.201  0.595 215
0109  0.292  0.588  0.596  0.193  0.580 213
0110  0.295  0.597  0.604  0.195  0.590 212
0111  0.286  0.584  0.588  0.189  0.579 211
0112  0.286  0.588  0.590  0.189  0.585 210
0113  0.267  0.552  0.558  0.175  0.545 206
0114  0.264  0.557  0.565  0.172  0.549 200
0115  0.258  0.554  0.564  0.167  0.545 195
0116  0.254  0.548  0.557  0.164  0.540 194
0117  0.253  0.552  0.563  0.163  0.540 190
0118  0.241  0.533  0.543  0.155  0.523 188
0119  0.249  0.557  0.565  0.160  0.550 186
0120  0.234  0.536  0.541  0.149  0.530 181
0121  0.223  0.518  0.525  0.142  0.511 177
0122  0.221  0.520  0.529  0.140  0.511 174
0123  0.217  0.516  0.526  0.137  0.506 171
0124  0.215  0.511  0.520  0.135  0.503 171
0125  0.208  0.499  0.512  0.131  0.486 168
0126  0.211  0.509  0.518  0.132  0.500 168
0127  0.208  0.504  0.512  0.131  0.497 168
0128  0.204  0.497  0.506  0.128  0.488 166
0129  0.207  0.503  0.512  0.129  0.494 166
0130  0.204  0.499  0.506  0.128  0.491 166
0131  0.202  0.496  0.500  0.126  0.491 166
0132  0.199  0.490  0.494  0.125  0.485 166
0133  0.207  0.509  0.512  0.129  0.506 166
0134  0.205  0.508  0.512  0.128  0.503 164
0135  0.200  0.498  0.506  0.125  0.491 162
0136  0.198  0.492  0.500  0.123  0.485 162
0137  0.195  0.489  0.494  0.122  0.485 162
0138  0.196  0.495  0.503  0.122  0.488 159
0139  0.199  0.505  0.513  0.123  0.497 158
0140  0.190  0.487  0.497  0.117  0.478 155
0141  0.195  0.505  0.516  0.120  0.494 153
0142  0.193  0.505  0.513  0.119  0.497 152
0143  0.189  0.502  0.514  0.116  0.490 148
0144  0.186  0.497  0.507  0.114  0.487 148
0145  0.179  0.480  0.490  0.110  0.471 147
0146  0.182  0.488  0.497  0.111  0.480 147
0147  0.174  0.468  0.476  0.107  0.461 147
0148  0.177  0.477  0.483  0.108  0.470 147
0149  0.174  0.471  0.479  0.107  0.464 146
0150  0.167  0.454  0.462  0.102  0.447 145
0151  0.163  0.448  0.455  0.099  0.442 143
0152  0.170  0.471  0.476  0.104  0.466 143
0153  0.166  0.466  0.478  0.100  0.455 138
0154  0.164  0.461  0.471  0.099  0.451 138
0155  0.164  0.461  0.471  0.099  0.451 138
0156  0.166  0.468  0.478  0.100  0.458 138
0157  0.164  0.461  0.471  0.099  0.451 138
0158  0.159  0.450  0.463  0.096  0.438 136
0159  0.161  0.459  0.471  0.097  0.448 136
0160  0.161  0.462  0.471  0.097  0.454 136
0161  0.154  0.442  0.449  0.093  0.436 136
0162  0.156  0.451  0.456  0.094  0.446 136
0163  0.156  0.453  0.456  0.094  0.449 136
0164  0.154  0.449  0.455  0.093  0.442 134
0165  0.152  0.443  0.448  0.091  0.438 134
0166  0.152  0.446  0.451  0.091  0.441 133
0167  0.144  0.425  0.432  0.087  0.419 132
0168  0.150  0.442  0.447  0.090  0.437 132
0169  0.147  0.438  0.443  0.088  0.433 131
0170  0.145  0.432  0.438  0.087  0.425 130
0171  0.142  0.424  0.431  0.085  0.418 130
0172  0.137  0.411  0.419  0.082  0.403 129
0173  0.137  0.411  0.419  0.082  0.403 129
0174  0.137  0.412  0.419  0.082  0.406 129
0175  0.142  0.427  0.434  0.085  0.421 129
0176  0.142  0.429  0.434  0.085  0.424 129
0177  0.140  0.421  0.426  0.084  0.417 129
0178  0.135  0.406  0.411  0.081  0.402 129
0179  0.137  0.414  0.419  0.082  0.409 129
0180  0.130  0.395  0.395  0.078  0.395 129
0181  0.133  0.408  0.413  0.079  0.403 126
0182  0.133  0.409  0.416  0.079  0.403 125
0183  0.136  0.417  0.424  0.081  0.411 125
0184  0.138  0.425  0.432  0.082  0.419 125
0185  0.133  0.409  0.416  0.079  0.403 125
0186  0.130  0.402  0.408  0.078  0.395 125
0187  0.133  0.409  0.416  0.079  0.403 125
0188  0.125  0.386  0.392  0.075  0.380 125
0189  0.130  0.402  0.408  0.078  0.395 125
0190  0.130  0.402  0.408  0.078  0.395 125
0191  0.128  0.394  0.400  0.076  0.388 125
0192  0.128  0.395  0.403  0.076  0.388 124
0193  0.131  0.406  0.418  0.078  0.395 122
0194  0.123  0.384  0.393  0.073  0.375 122
0195  0.123  0.389  0.393  0.073  0.384 122
0196  0.121  0.385  0.388  0.072  0.382 121
0197  0.119  0.383  0.390  0.070  0.377 118
0198  0.124  0.403  0.410  0.073  0.397 117
0199  0.116  0.383  0.388  0.068  0.378 116
0200  0.116  0.383  0.388  0.068  0.378 116
0201  0.119  0.391  0.397  0.070  0.387 116
0202  0.116  0.383  0.388  0.068  0.378 116
0203  0.114  0.374  0.379  0.067  0.370 116
0204  0.116  0.383  0.388  0.068  0.378 116
0205  0.119  0.391  0.397  0.070  0.387 116
0206  0.116  0.383  0.388  0.068  0.378 116
0207  0.122  0.400  0.405  0.072  0.395 116
0208  0.119  0.391  0.397  0.070  0.387 116
0209  0.117  0.386  0.391  0.068  0.381 115
