# File: carpet/skew Algorithm = KLT  skip 4 tolerance = 5.0
# (time tick) ( F ) ( F all inside) (precision) (recall) (recall all inside) (tracks)
0004  0.998  0.998  0.998  0.998  0.998 657
0008  0.996  0.996  0.998  0.994  0.994 654
0012  0.990  0.994  0.998  0.982  0.989 646
0016  0.984  0.992  0.997  0.971  0.988 640
0020  0.973  0.985  0.994  0.953  0.977 630
0024  0.948  0.975  0.988  0.910  0.961 605
0028  0.916  0.963  0.986  0.855  0.941 570
0032  0.908  0.969  0.984  0.843  0.955 563
0036  0.890  0.971  0.983  0.813  0.959 543
0040  0.864  0.959  0.979  0.773  0.941 519
0044  0.847  0.959  0.974  0.749  0.944 505
0048  0.824  0.953  0.969  0.717  0.938 486
0052  0.813  0.959  0.974  0.697  0.944 470
0056  0.789  0.949  0.961  0.670  0.938 458
0060  0.759  0.933  0.950  0.632  0.916 437
0064  0.707  0.906  0.920  0.574  0.893 410
0068  0.688  0.907  0.919  0.549  0.896 393
0072  0.609  0.870  0.907  0.458  0.836 332
0076  0.564  0.854  0.900  0.411  0.813 300
0080  0.525  0.825  0.845  0.381  0.806 296
0084  0.495  0.797  0.813  0.356  0.783 288
0088  0.469  0.784  0.801  0.332  0.768 272
0092  0.426  0.746  0.756  0.297  0.736 258
0096  0.398  0.711  0.718  0.275  0.704 252
0100  0.356  0.657  0.658  0.244  0.656 243
0104  0.325  0.635  0.654  0.216  0.617 217
0108  0.306  0.611  0.627  0.202  0.596 212
0112  0.281  0.580  0.590  0.184  0.571 205
0116  0.253  0.550  0.566  0.163  0.535 189
0120  0.240  0.551  0.562  0.152  0.541 178
0124  0.216  0.519  0.536  0.135  0.503 166
0128  0.204  0.499  0.509  0.128  0.488 165
0132  0.200  0.491  0.497  0.125  0.485 165
0136  0.200  0.498  0.506  0.125  0.491 162
0140  0.201  0.514  0.522  0.125  0.506 157
0144  0.188  0.497  0.500  0.116  0.494 152
0148  0.179  0.483  0.490  0.110  0.477 147
0152  0.162  0.457  0.478  0.097  0.438 134
0156  0.160  0.457  0.477  0.096  0.438 132
0160  0.157  0.456  0.473  0.094  0.440 131
0164  0.160  0.470  0.485  0.096  0.457 130
0168  0.142  0.424  0.434  0.085  0.415 129
0172  0.140  0.420  0.430  0.084  0.410 128
0176  0.138  0.420  0.432  0.082  0.409 125
0180  0.130  0.402  0.408  0.078  0.395 125
0184  0.131  0.405  0.415  0.078  0.395 123
0188  0.121  0.373  0.382  0.072  0.364 123
0192  0.128  0.397  0.407  0.076  0.388 123
0196  0.128  0.407  0.407  0.076  0.407 123
0200  0.124  0.402  0.400  0.073  0.403 120
0204  0.126  0.414  0.415  0.075  0.412 118
0208  0.124  0.405  0.407  0.073  0.403 118
