# File: carpet/move_out Algorithm = KLT  skip 8 tolerance = 5.0
# (time tick) ( F ) ( F all inside) (precision) (recall) (recall all inside) (tracks)
0008  0.991  0.991  1.000  0.982  0.982 555
0016  0.986  0.986  0.998  0.973  0.973 551
0024  0.986  0.986  0.998  0.973  0.973 551
0032  0.986  0.986  0.998  0.973  0.973 551
0040  0.986  0.986  0.998  0.973  0.973 551
0048  0.986  0.986  0.998  0.973  0.973 551
0056  0.986  0.986  0.998  0.973  0.973 551
0064  0.984  0.984  0.996  0.972  0.972 551
0072  0.982  0.982  0.995  0.970  0.970 551
0080  0.982  0.982  0.996  0.968  0.968 549
0088  0.980  0.980  0.995  0.966  0.966 549
0096  0.982  0.982  0.996  0.968  0.968 549
0104  0.980  0.980  0.995  0.966  0.966 549
0112  0.977  0.977  0.991  0.963  0.963 549
0120  0.969  0.969  0.984  0.956  0.956 549
0128  0.962  0.962  0.976  0.949  0.949 549
0136  0.952  0.952  0.965  0.938  0.938 549
0144  0.950  0.950  0.964  0.936  0.936 549
0152  0.944  0.944  0.958  0.931  0.931 549
0160  0.941  0.941  0.954  0.927  0.927 549
0168  0.937  0.937  0.951  0.924  0.924 549
0176  0.934  0.934  0.947  0.920  0.920 549
0184  0.928  0.928  0.942  0.915  0.915 549
0192  0.928  0.928  0.942  0.915  0.915 549
0200  0.925  0.925  0.938  0.912  0.912 549
0208  0.908  0.908  0.922  0.896  0.896 549
0216  0.905  0.905  0.918  0.892  0.892 549
0224  0.898  0.898  0.911  0.885  0.885 549
