# File: carpet/move_in Algorithm = KLT  skip 4 tolerance = 5.0
# (time tick) ( F ) ( F all inside) (precision) (recall) (recall all inside) (tracks)
0004  0.995  0.995  0.996  0.994  0.994 676
0008  0.989  0.990  0.993  0.985  0.987 672
0012  0.976  0.983  0.988  0.965  0.978 661
0016  0.974  0.988  0.992  0.956  0.983 652
0020  0.957  0.979  0.986  0.929  0.972 638
0024  0.956  0.982  0.989  0.925  0.975 633
0028  0.947  0.976  0.986  0.911  0.967 626
0032  0.944  0.978  0.989  0.903  0.967 618
0036  0.933  0.969  0.982  0.889  0.957 613
0040  0.927  0.968  0.979  0.880  0.957 609
0044  0.920  0.963  0.974  0.871  0.953 606
0048  0.915  0.960  0.972  0.864  0.948 602
0052  0.891  0.947  0.967  0.826  0.927 578
0056  0.875  0.938  0.958  0.805  0.919 569
0060  0.859  0.943  0.963  0.775  0.923 545
0064  0.848  0.942  0.962  0.758  0.923 533
0068  0.837  0.943  0.958  0.743  0.928 525
0072  0.831  0.941  0.958  0.734  0.926 519
0076  0.827  0.944  0.959  0.727  0.930 513
0080  0.808  0.926  0.945  0.706  0.909 506
0084  0.801  0.927  0.946  0.694  0.909 497
0088  0.790  0.930  0.941  0.681  0.920 490
0092  0.768  0.918  0.929  0.654  0.908 477
0096  0.754  0.917  0.931  0.634  0.903 461
0100  0.736  0.915  0.934  0.607  0.897 440
0104  0.709  0.891  0.918  0.578  0.865 426
0108  0.689  0.892  0.904  0.557  0.881 417
0112  0.665  0.876  0.891  0.530  0.861 403
0116  0.636  0.856  0.871  0.501  0.841 389
0120  0.594  0.827  0.847  0.458  0.807 366
0124  0.569  0.824  0.841  0.430  0.808 346
0128  0.542  0.804  0.818  0.405  0.790 335
0132  0.490  0.756  0.774  0.359  0.739 314
0136  0.476  0.756  0.769  0.344  0.744 303
0140  0.448  0.727  0.736  0.322  0.717 296
0144  0.420  0.683  0.692  0.301  0.675 295
0148  0.400  0.666  0.676  0.284  0.655 284
0152  0.366  0.629  0.637  0.257  0.621 273
0156  0.332  0.599  0.616  0.227  0.583 250
0160  0.312  0.585  0.598  0.211  0.572 239
0164  0.293  0.571  0.576  0.196  0.566 231
0168  0.282  0.562  0.570  0.188  0.555 223
0172  0.232  0.478  0.490  0.152  0.466 210
0176  0.213  0.460  0.474  0.137  0.447 196
0180  0.182  0.417  0.418  0.117  0.416 189
0184  0.173  0.409  0.411  0.109  0.407 180
0188  0.155  0.375  0.379  0.097  0.371 174
0192  0.133  0.338  0.344  0.083  0.333 163
0196  0.119  0.319  0.329  0.072  0.310 149
0200  0.098  0.279  0.284  0.059  0.274 141
0204  0.094  0.286  0.290  0.056  0.281 131
0208  0.090  0.287  0.295  0.053  0.279 122
0212  0.081  0.264  0.271  0.047  0.258 118
0216  0.066  0.232  0.234  0.038  0.230 111
0220  0.069  0.249  0.248  0.040  0.250 109
0224  0.054  0.203  0.200  0.031  0.206 105
0228  0.041  0.168  0.167  0.024  0.168 96
0232  0.036  0.152  0.151  0.021  0.154 93
0236  0.039  0.172  0.172  0.022  0.172 87
0240  0.032  0.145  0.146  0.018  0.143 82
