# File: carpet/rotate Algorithm = KLT  skip 4 tolerance = 5.0
# (time tick) ( F ) ( F all inside) (precision) (recall) (recall all inside) (tracks)
0004  0.986  0.986  0.993  0.980  0.980 579
0008  0.973  0.981  0.993  0.954  0.969 564
0012  0.960  0.975  0.998  0.925  0.953 544
0016  0.952  0.973  0.996  0.911  0.950 537
0020  0.948  0.973  0.998  0.903  0.950 531
0024  0.943  0.973  0.996  0.894  0.951 527
0028  0.934  0.970  0.992  0.882  0.949 522
0032  0.921  0.962  0.981  0.869  0.944 520
0036  0.911  0.955  0.973  0.857  0.938 517
0040  0.883  0.933  0.958  0.819  0.909 502
0044  0.853  0.919  0.948  0.775  0.892 480
0048  0.843  0.912  0.947  0.760  0.880 471
0052  0.829  0.905  0.932  0.746  0.880 470
0056  0.806  0.891  0.917  0.719  0.867 460
0060  0.776  0.864  0.899  0.683  0.832 446
0064  0.754  0.842  0.874  0.663  0.812 445
0068  0.723  0.812  0.847  0.630  0.781 437
0072  0.688  0.777  0.811  0.598  0.745 433
0076  0.676  0.765  0.797  0.588  0.736 433
0080  0.639  0.728  0.765  0.549  0.694 421
0084  0.608  0.695  0.733  0.520  0.660 416
0088  0.562  0.648  0.678  0.480  0.620 416
0092  0.536  0.624  0.653  0.455  0.597 409
0096  0.514  0.603  0.633  0.433  0.576 401
0100  0.501  0.593  0.627  0.417  0.563 391
0104  0.503  0.597  0.631  0.417  0.566 388
0108  0.483  0.576  0.607  0.400  0.548 387
0112  0.483  0.578  0.613  0.399  0.548 382
0116  0.487  0.583  0.618  0.402  0.553 382
0120  0.501  0.600  0.637  0.412  0.567 380
0124  0.521  0.625  0.663  0.429  0.590 380
0128  0.521  0.625  0.663  0.429  0.590 380
0132  0.519  0.622  0.661  0.428  0.588 380
0136  0.523  0.627  0.666  0.431  0.593 380
0140  0.521  0.625  0.663  0.429  0.592 380
0144  0.530  0.636  0.675  0.436  0.601 379
0148  0.534  0.641  0.681  0.440  0.606 379
0152  0.524  0.629  0.668  0.431  0.594 379
0156  0.522  0.626  0.665  0.429  0.592 379
0160  0.513  0.616  0.654  0.422  0.582 379
0164  0.521  0.626  0.668  0.428  0.589 376
0168  0.530  0.637  0.683  0.433  0.596 372
0172  0.540  0.649  0.696  0.441  0.608 372
0176  0.544  0.654  0.702  0.445  0.613 372
0180  0.540  0.649  0.696  0.441  0.608 372
0184  0.544  0.654  0.702  0.445  0.613 372
0188  0.532  0.639  0.685  0.434  0.599 372
0192  0.526  0.632  0.677  0.429  0.592 372
0196  0.542  0.652  0.699  0.443  0.610 372
