# File: carpet/rotate Algorithm = KLT  skip 1 tolerance = 5.0
# (time tick) ( F ) ( F all inside) (precision) (recall) (recall all inside) (tracks)
0001  1.000  1.000  1.000  1.000  1.000 587
0002  1.000  1.000  1.000  1.000  1.000 587
0003  1.000  1.000  1.000  1.000  1.000 587
0004  0.996  0.996  0.998  0.993  0.993 584
0005  0.995  0.995  1.000  0.990  0.990 581
0006  0.991  0.994  0.998  0.985  0.990 579
0007  0.989  0.993  0.998  0.980  0.988 576
0008  0.987  0.995  0.998  0.976  0.991 574
0009  0.983  0.991  0.998  0.968  0.984 569
0010  0.982  0.995  0.998  0.966  0.991 568
0011  0.979  0.994  0.998  0.961  0.989 565
0012  0.978  0.994  0.998  0.959  0.989 564
0013  0.977  0.994  0.998  0.957  0.989 563
0014  0.973  0.991  0.996  0.951  0.986 560
0015  0.969  0.988  0.996  0.944  0.981 556
0016  0.968  0.990  0.996  0.942  0.984 555
0017  0.968  0.991  0.996  0.942  0.986 555
0018  0.967  0.991  0.996  0.939  0.986 553
0019  0.966  0.991  0.996  0.937  0.986 552
0020  0.960  0.986  0.996  0.927  0.977 546
0021  0.959  0.985  0.995  0.925  0.975 546
0022  0.958  0.987  0.996  0.923  0.978 544
0023  0.955  0.986  0.994  0.918  0.978 542
0024  0.956  0.987  0.996  0.918  0.978 541
0025  0.948  0.981  0.991  0.910  0.971 539
0026  0.945  0.979  0.987  0.906  0.971 539
0027  0.944  0.981  0.989  0.903  0.972 536
0028  0.941  0.978  0.987  0.899  0.969 535
0029  0.945  0.983  0.991  0.903  0.976 535
0030  0.942  0.981  0.989  0.899  0.972 534
0031  0.938  0.979  0.987  0.894  0.972 532
0032  0.937  0.979  0.987  0.893  0.972 531
0033  0.938  0.980  0.989  0.893  0.972 530
0034  0.933  0.976  0.983  0.888  0.968 530
0035  0.925  0.969  0.975  0.879  0.963 529
0036  0.926  0.971  0.977  0.879  0.964 528
0037  0.918  0.965  0.973  0.869  0.957 524
0038  0.903  0.950  0.962  0.852  0.938 520
0039  0.907  0.955  0.967  0.853  0.944 518
0040  0.897  0.947  0.957  0.843  0.938 517
0041  0.886  0.942  0.951  0.830  0.933 512
0042  0.881  0.942  0.952  0.819  0.932 505
0043  0.873  0.936  0.946  0.811  0.926 503
0044  0.873  0.941  0.948  0.809  0.933 501
0045  0.863  0.931  0.938  0.799  0.923 500
0046  0.862  0.929  0.940  0.796  0.919 497
0047  0.858  0.926  0.937  0.790  0.915 495
0048  0.854  0.923  0.935  0.785  0.911 493
0049  0.858  0.934  0.941  0.789  0.928 492
0050  0.847  0.922  0.931  0.777  0.914 490
0051  0.841  0.916  0.926  0.770  0.906 488
0052  0.841  0.919  0.930  0.768  0.907 485
0053  0.831  0.911  0.923  0.756  0.899 481
0054  0.823  0.906  0.918  0.746  0.894 477
0055  0.826  0.911  0.924  0.746  0.898 474
0056  0.824  0.910  0.922  0.744  0.899 474
0057  0.822  0.912  0.920  0.743  0.905 474
0058  0.814  0.905  0.913  0.734  0.896 472
0059  0.810  0.900  0.909  0.731  0.892 472
0060  0.808  0.898  0.909  0.727  0.888 470
0061  0.800  0.892  0.902  0.719  0.883 468
0062  0.800  0.893  0.903  0.717  0.883 466
0063  0.798  0.891  0.901  0.716  0.881 466
0064  0.786  0.878  0.888  0.705  0.868 466
0065  0.770  0.861  0.871  0.690  0.851 465
0066  0.769  0.860  0.871  0.688  0.851 464
0067  0.763  0.856  0.864  0.683  0.848 464
0068  0.759  0.852  0.860  0.680  0.844 464
0069  0.763  0.857  0.864  0.683  0.850 464
0070  0.744  0.836  0.846  0.664  0.826 461
0071  0.741  0.833  0.843  0.661  0.822 460
0072  0.725  0.815  0.826  0.646  0.805 459
0073  0.725  0.816  0.828  0.646  0.805 458
0074  0.714  0.804  0.814  0.635  0.794 458
0075  0.709  0.798  0.810  0.630  0.787 457
0076  0.709  0.799  0.810  0.630  0.789 457
0077  0.701  0.793  0.802  0.622  0.783 455
0078  0.692  0.783  0.795  0.613  0.773 453
0079  0.681  0.773  0.781  0.603  0.765 453
0080  0.685  0.778  0.788  0.606  0.769 452
0081  0.682  0.775  0.785  0.603  0.766 451
0082  0.659  0.750  0.758  0.583  0.742 451
0083  0.663  0.754  0.763  0.586  0.746 451
0084  0.653  0.743  0.753  0.576  0.733 449
0085  0.630  0.718  0.728  0.555  0.709 448
0086  0.627  0.715  0.727  0.550  0.704 444
0087  0.626  0.717  0.729  0.549  0.706 442
0088  0.619  0.711  0.723  0.542  0.700 440
0089  0.619  0.712  0.724  0.540  0.701 438
0090  0.611  0.707  0.716  0.533  0.697 437
0091  0.614  0.710  0.722  0.535  0.699 435
0092  0.596  0.692  0.702  0.518  0.682 433
0093  0.595  0.693  0.701  0.516  0.686 432
0094  0.591  0.689  0.697  0.513  0.681 432
0095  0.583  0.680  0.690  0.504  0.670 429
0096  0.574  0.671  0.681  0.496  0.661 427
0097  0.558  0.654  0.663  0.482  0.646 427
0098  0.549  0.643  0.655  0.472  0.632 423
0099  0.553  0.650  0.663  0.474  0.638 419
0100  0.551  0.649  0.661  0.472  0.638 419
0101  0.547  0.646  0.656  0.468  0.635 419
0102  0.523  0.619  0.629  0.448  0.609 418
0103  0.543  0.642  0.653  0.465  0.632 418
0104  0.541  0.640  0.651  0.463  0.630 418
0105  0.522  0.618  0.628  0.446  0.608 417
0106  0.529  0.626  0.639  0.451  0.615 415
0107  0.516  0.611  0.625  0.440  0.599 413
0108  0.527  0.628  0.640  0.448  0.616 411
0109  0.526  0.627  0.639  0.446  0.615 410
0110  0.518  0.618  0.629  0.440  0.607 410
0111  0.526  0.628  0.639  0.446  0.616 410
0112  0.514  0.613  0.624  0.436  0.602 410
0113  0.532  0.635  0.646  0.451  0.625 410
0114  0.540  0.645  0.656  0.458  0.634 410
0115  0.526  0.628  0.639  0.446  0.618 410
0116  0.520  0.621  0.632  0.441  0.611 410
0117  0.536  0.640  0.651  0.455  0.630 410
0118  0.538  0.643  0.654  0.457  0.632 410
0119  0.550  0.657  0.668  0.467  0.646 410
0120  0.550  0.657  0.668  0.467  0.646 410
0121  0.558  0.667  0.678  0.474  0.656 410
0122  0.564  0.674  0.685  0.479  0.663 410
0123  0.570  0.681  0.693  0.484  0.670 410
0124  0.568  0.679  0.690  0.482  0.667 410
0125  0.564  0.674  0.685  0.479  0.663 410
0126  0.566  0.676  0.688  0.480  0.665 410
0127  0.566  0.676  0.688  0.480  0.665 410
0128  0.572  0.683  0.695  0.486  0.672 410
0129  0.570  0.681  0.693  0.484  0.670 410
0130  0.568  0.679  0.690  0.482  0.667 410
0131  0.582  0.695  0.707  0.494  0.684 410
0132  0.570  0.681  0.693  0.484  0.670 410
0133  0.574  0.686  0.698  0.487  0.675 410
0134  0.566  0.676  0.688  0.480  0.665 410
0135  0.564  0.674  0.685  0.479  0.663 410
0136  0.574  0.686  0.698  0.487  0.675 410
0137  0.574  0.686  0.698  0.487  0.675 410
0138  0.564  0.674  0.685  0.479  0.663 410
0139  0.568  0.679  0.690  0.482  0.667 410
0140  0.568  0.679  0.690  0.482  0.667 410
0141  0.566  0.676  0.688  0.480  0.665 410
0142  0.574  0.686  0.698  0.487  0.675 410
0143  0.580  0.693  0.705  0.492  0.682 410
0144  0.570  0.681  0.693  0.484  0.670 410
0145  0.568  0.679  0.690  0.482  0.667 410
0146  0.568  0.679  0.690  0.482  0.667 410
0147  0.572  0.683  0.695  0.486  0.672 410
0148  0.566  0.676  0.688  0.480  0.665 410
0149  0.576  0.688  0.700  0.489  0.677 410
0150  0.570  0.681  0.693  0.484  0.670 410
0151  0.564  0.674  0.685  0.479  0.663 410
0152  0.560  0.669  0.680  0.475  0.658 410
0153  0.576  0.688  0.700  0.489  0.677 410
0154  0.570  0.681  0.693  0.484  0.670 410
0155  0.578  0.691  0.702  0.491  0.679 410
0156  0.572  0.683  0.695  0.486  0.672 410
0157  0.572  0.683  0.695  0.486  0.672 410
0158  0.570  0.681  0.693  0.484  0.670 410
0159  0.576  0.688  0.700  0.489  0.677 410
0160  0.568  0.679  0.690  0.482  0.667 410
0161  0.572  0.683  0.695  0.486  0.672 410
0162  0.564  0.674  0.685  0.479  0.663 410
0163  0.574  0.686  0.698  0.487  0.675 410
0164  0.580  0.693  0.705  0.492  0.682 410
0165  0.578  0.691  0.702  0.491  0.679 410
0166  0.582  0.695  0.707  0.494  0.684 410
0167  0.582  0.695  0.707  0.494  0.684 410
0168  0.582  0.695  0.707  0.494  0.684 410
0169  0.590  0.705  0.717  0.501  0.693 410
0170  0.598  0.715  0.727  0.508  0.703 410
0171  0.596  0.712  0.724  0.506  0.700 410
0172  0.602  0.719  0.732  0.511  0.708 410
0173  0.610  0.729  0.741  0.518  0.717 410
0174  0.596  0.712  0.724  0.506  0.700 410
0175  0.598  0.715  0.727  0.508  0.703 410
0176  0.602  0.719  0.732  0.511  0.708 410
0177  0.608  0.727  0.739  0.516  0.715 410
0178  0.604  0.722  0.734  0.513  0.710 410
0179  0.598  0.715  0.727  0.508  0.703 410
0180  0.596  0.712  0.724  0.506  0.700 410
0181  0.592  0.707  0.720  0.503  0.696 410
0182  0.606  0.724  0.737  0.514  0.712 410
0183  0.604  0.722  0.734  0.513  0.710 410
0184  0.600  0.717  0.729  0.509  0.705 410
0185  0.608  0.727  0.739  0.516  0.715 410
0186  0.608  0.727  0.739  0.516  0.715 410
0187  0.606  0.724  0.737  0.514  0.712 410
0188  0.600  0.717  0.729  0.509  0.705 410
0189  0.600  0.717  0.729  0.509  0.705 410
0190  0.596  0.712  0.724  0.506  0.700 410
0191  0.594  0.710  0.722  0.504  0.698 410
0192  0.594  0.710  0.722  0.504  0.698 410
0193  0.602  0.719  0.732  0.511  0.708 410
0194  0.592  0.707  0.720  0.503  0.696 410
0195  0.588  0.703  0.715  0.499  0.691 410
0196  0.588  0.703  0.715  0.499  0.691 410
0197  0.582  0.695  0.707  0.494  0.684 410
0198  0.578  0.691  0.702  0.491  0.679 410
0199  0.588  0.703  0.715  0.499  0.691 410
