# File: carpet/skew Algorithm = KLT  skip 8 tolerance = 5.0
# (time tick) ( F ) ( F all inside) (precision) (recall) (recall all inside) (tracks)
0008  0.997  0.997  1.000  0.994  0.994 653
0016  0.982  0.991  0.997  0.968  0.985 638
0024  0.943  0.970  0.993  0.898  0.949 594
0032  0.898  0.959  0.987  0.823  0.933 548
0040  0.847  0.942  0.978  0.747  0.909 502
0048  0.810  0.939  0.964  0.699  0.914 476
0056  0.795  0.957  0.971  0.673  0.942 455
0064  0.676  0.877  0.943  0.527  0.820 367
0072  0.559  0.816  0.920  0.402  0.733 287
0080  0.483  0.786  0.897  0.330  0.700 242
0088  0.421  0.729  0.823  0.283  0.655 226
0096  0.370  0.685  0.756  0.245  0.626 213
0104  0.320  0.646  0.722  0.205  0.584 187
0112  0.289  0.617  0.672  0.184  0.571 180
0120  0.232  0.539  0.565  0.146  0.516 170
0128  0.205  0.508  0.539  0.126  0.480 154
0136  0.197  0.502  0.545  0.120  0.465 145
0144  0.180  0.495  0.538  0.108  0.458 132
0152  0.141  0.420  0.486  0.082  0.370 111
0160  0.136  0.414  0.473  0.079  0.369 110
0168  0.133  0.416  0.464  0.078  0.378 110
0176  0.116  0.378  0.440  0.067  0.331 100
0184  0.114  0.374  0.430  0.065  0.331 100
0192  0.111  0.367  0.420  0.064  0.326 100
0200  0.109  0.378  0.418  0.062  0.345 98
0208  0.109  0.378  0.418  0.062  0.345 98
