# File: carpet/move_in Algorithm = KLT  skip 8 tolerance = 5.0
# (time tick) ( F ) ( F all inside) (precision) (recall) (recall all inside) (tracks)
0008  0.975  0.976  0.992  0.959  0.960 654
0016  0.959  0.974  0.995  0.926  0.953 630
0024  0.952  0.978  0.994  0.913  0.963 622
0032  0.938  0.972  0.989  0.892  0.956 611
0040  0.928  0.969  0.990  0.873  0.949 597
0048  0.914  0.959  0.986  0.851  0.934 584
0056  0.877  0.941  0.980  0.793  0.906 548
0064  0.844  0.939  0.973  0.744  0.906 518
0072  0.832  0.943  0.967  0.730  0.920 511
0080  0.806  0.925  0.955  0.697  0.897 494
0088  0.796  0.940  0.964  0.678  0.916 476
0096  0.755  0.920  0.947  0.628  0.895 449
0104  0.716  0.900  0.927  0.583  0.874 426
0112  0.680  0.895  0.911  0.542  0.880 403
0120  0.610  0.849  0.871  0.470  0.828 365
0128  0.554  0.821  0.838  0.414  0.805 334
0136  0.473  0.752  0.766  0.343  0.739 303
0144  0.434  0.706  0.713  0.312  0.699 296
0152  0.378  0.652  0.669  0.263  0.636 266
0160  0.315  0.591  0.608  0.213  0.576 237
0168  0.283  0.563  0.572  0.188  0.555 222
0176  0.220  0.474  0.487  0.142  0.462 197
0184  0.184  0.434  0.434  0.117  0.434 182
0192  0.155  0.394  0.401  0.096  0.387 162
0200  0.108  0.313  0.326  0.065  0.301 135
0208  0.103  0.325  0.336  0.061  0.315 122
0216  0.081  0.282  0.281  0.047  0.283 114
0224  0.056  0.214  0.212  0.032  0.216 104
0232  0.042  0.178  0.180  0.024  0.176 89
0240  0.039  0.180  0.181  0.022  0.179 83
