# File: carpet/move_in Algorithm = KLT  skip 1 tolerance = 5.0
# (time tick) ( F ) ( F all inside) (precision) (recall) (recall all inside) (tracks)
0001  0.999  0.999  0.999  0.999  0.999 677
0002  0.999  0.999  0.999  0.999  0.999 677
0003  0.999  0.999  0.999  0.999  0.999 677
0004  0.998  0.998  0.999  0.997  0.997 676
0005  0.998  0.998  0.999  0.997  0.997 676
0006  0.996  0.996  0.997  0.994  0.996 675
0007  0.994  0.995  0.997  0.991  0.993 673
0008  0.994  0.995  0.997  0.991  0.993 673
0009  0.990  0.993  0.997  0.984  0.988 668
0010  0.991  0.994  0.999  0.984  0.990 667
0011  0.987  0.991  0.997  0.978  0.985 664
0012  0.985  0.992  0.997  0.973  0.987 661
0013  0.978  0.986  0.992  0.965  0.979 658
0014  0.980  0.988  0.994  0.966  0.982 658
0015  0.978  0.989  0.992  0.963  0.986 657
0016  0.970  0.984  0.988  0.953  0.980 653
0017  0.966  0.981  0.986  0.947  0.976 650
0018  0.964  0.980  0.988  0.941  0.973 645
0019  0.959  0.979  0.986  0.934  0.972 641
0020  0.957  0.979  0.986  0.929  0.972 638
0021  0.955  0.980  0.987  0.925  0.972 634
0022  0.955  0.981  0.987  0.925  0.975 634
0023  0.953  0.979  0.986  0.922  0.972 633
0024  0.957  0.984  0.991  0.926  0.977 633
0025  0.955  0.982  0.990  0.922  0.973 630
0026  0.949  0.978  0.986  0.914  0.970 628
0027  0.949  0.979  0.987  0.914  0.970 627
0028  0.943  0.972  0.982  0.907  0.962 625
0029  0.940  0.971  0.981  0.903  0.962 623
0030  0.937  0.970  0.982  0.897  0.957 618
0031  0.937  0.970  0.982  0.895  0.959 617
0032  0.932  0.966  0.977  0.891  0.954 617
0033  0.927  0.961  0.974  0.885  0.948 615
0034  0.926  0.960  0.974  0.883  0.946 614
0035  0.923  0.957  0.972  0.879  0.943 612
0036  0.925  0.961  0.975  0.880  0.948 611
0037  0.920  0.958  0.970  0.874  0.946 610
0038  0.920  0.959  0.972  0.873  0.947 608
0039  0.920  0.960  0.972  0.873  0.949 608
0040  0.914  0.954  0.965  0.867  0.942 608
0041  0.915  0.956  0.967  0.869  0.945 608
0042  0.914  0.958  0.967  0.867  0.948 607
0043  0.918  0.962  0.972  0.870  0.952 606
0044  0.913  0.957  0.967  0.866  0.947 606
0045  0.911  0.954  0.965  0.863  0.943 605
0046  0.911  0.954  0.967  0.861  0.942 603
0047  0.902  0.946  0.958  0.852  0.934 602
0048  0.905  0.949  0.962  0.854  0.937 601
0049  0.904  0.949  0.965  0.851  0.934 597
0050  0.891  0.939  0.958  0.833  0.922 589
0051  0.891  0.942  0.961  0.830  0.924 585
0052  0.885  0.940  0.957  0.823  0.924 582
0053  0.881  0.941  0.955  0.818  0.928 580
0054  0.882  0.944  0.958  0.817  0.929 577
0055  0.882  0.944  0.960  0.815  0.929 575
0056  0.877  0.940  0.958  0.808  0.922 571
0057  0.874  0.941  0.963  0.801  0.920 563
0058  0.865  0.937  0.960  0.787  0.914 555
0059  0.860  0.940  0.962  0.778  0.920 548
0060  0.855  0.938  0.958  0.773  0.919 546
0061  0.857  0.941  0.961  0.773  0.922 544
0062  0.857  0.946  0.961  0.773  0.931 544
0063  0.849  0.940  0.959  0.762  0.921 538
0064  0.839  0.932  0.953  0.749  0.912 532
0065  0.835  0.933  0.951  0.744  0.916 530
0066  0.834  0.934  0.953  0.742  0.916 527
0067  0.831  0.935  0.951  0.739  0.919 526
0068  0.828  0.933  0.947  0.736  0.919 526
0069  0.824  0.930  0.945  0.731  0.915 524
0070  0.828  0.936  0.950  0.734  0.922 523
0071  0.819  0.925  0.942  0.724  0.909 520
0072  0.821  0.930  0.946  0.725  0.914 519
0073  0.817  0.926  0.944  0.721  0.909 517
0074  0.812  0.923  0.940  0.715  0.906 515
0075  0.809  0.924  0.938  0.712  0.911 514
0076  0.806  0.920  0.934  0.709  0.907 514
0077  0.799  0.913  0.929  0.700  0.898 510
0078  0.797  0.911  0.929  0.697  0.894 508
0079  0.792  0.907  0.923  0.693  0.892 508
0080  0.783  0.897  0.915  0.684  0.880 506
0081  0.788  0.906  0.924  0.687  0.887 503
0082  0.779  0.896  0.918  0.677  0.876 499
0083  0.773  0.894  0.913  0.671  0.875 497
0084  0.770  0.892  0.911  0.666  0.874 495
0085  0.772  0.897  0.915  0.668  0.879 494
0086  0.768  0.898  0.913  0.663  0.884 492
0087  0.775  0.910  0.921  0.669  0.899 492
0088  0.757  0.892  0.904  0.651  0.880 488
0089  0.755  0.892  0.905  0.647  0.880 484
0090  0.759  0.900  0.911  0.650  0.889 483
0091  0.750  0.892  0.902  0.641  0.882 481
0092  0.740  0.885  0.895  0.631  0.875 477
0093  0.741  0.890  0.899  0.631  0.880 475
0094  0.740  0.889  0.900  0.628  0.878 472
0095  0.731  0.882  0.893  0.619  0.871 469
0096  0.730  0.887  0.898  0.614  0.876 463
0097  0.717  0.877  0.892  0.600  0.862 455
0098  0.708  0.875  0.890  0.588  0.860 447
0099  0.705  0.875  0.888  0.585  0.863 446
0100  0.699  0.870  0.885  0.578  0.856 442
0101  0.694  0.866  0.882  0.572  0.851 439
0102  0.682  0.853  0.873  0.560  0.833 434
0103  0.675  0.844  0.869  0.551  0.820 429
0104  0.670  0.842  0.868  0.545  0.816 425
0105  0.667  0.844  0.869  0.541  0.821 421
0106  0.659  0.838  0.860  0.535  0.817 421
0107  0.656  0.841  0.857  0.532  0.826 420
0108  0.648  0.839  0.851  0.523  0.827 416
0109  0.645  0.835  0.848  0.520  0.822 415
0110  0.632  0.821  0.837  0.508  0.806 411
0111  0.625  0.820  0.837  0.499  0.805 404
0112  0.629  0.829  0.845  0.501  0.813 401
0113  0.614  0.812  0.829  0.487  0.795 398
0114  0.615  0.821  0.833  0.487  0.809 396
0115  0.608  0.813  0.825  0.482  0.801 395
0116  0.590  0.794  0.809  0.464  0.779 388
0117  0.582  0.793  0.803  0.456  0.784 385
0118  0.585  0.802  0.815  0.456  0.788 379
0119  0.567  0.783  0.807  0.437  0.761 367
0120  0.559  0.779  0.803  0.428  0.755 361
0121  0.545  0.769  0.794  0.415  0.745 354
0122  0.541  0.770  0.792  0.411  0.749 351
0123  0.531  0.766  0.784  0.402  0.749 347
0124  0.526  0.763  0.780  0.397  0.747 345
0125  0.519  0.759  0.770  0.391  0.749 344
0126  0.518  0.762  0.772  0.390  0.752 342
0127  0.502  0.743  0.754  0.377  0.733 338
0128  0.500  0.741  0.753  0.374  0.729 336
0129  0.502  0.748  0.760  0.375  0.736 334
0130  0.491  0.738  0.755  0.363  0.721 326
0131  0.475  0.724  0.738  0.350  0.710 321
0132  0.467  0.718  0.732  0.343  0.705 317
0133  0.459  0.709  0.725  0.335  0.694 313
0134  0.461  0.721  0.737  0.335  0.705 308
0135  0.455  0.720  0.730  0.331  0.711 307
0136  0.446  0.709  0.718  0.323  0.700 305
0137  0.442  0.707  0.718  0.319  0.697 301
0138  0.430  0.693  0.702  0.310  0.684 299
0139  0.429  0.692  0.701  0.309  0.683 298
0140  0.419  0.679  0.687  0.301  0.671 297
0141  0.419  0.679  0.687  0.301  0.671 297
0142  0.413  0.671  0.679  0.297  0.663 296
0143  0.422  0.688  0.697  0.303  0.679 294
0144  0.411  0.670  0.682  0.294  0.659 292
0145  0.403  0.659  0.670  0.288  0.648 291
0146  0.402  0.663  0.671  0.287  0.655 289
0147  0.383  0.636  0.648  0.272  0.624 284
0148  0.377  0.632  0.650  0.266  0.614 277
0149  0.369  0.622  0.638  0.260  0.607 276
0150  0.350  0.593  0.610  0.245  0.576 272
0151  0.345  0.592  0.606  0.241  0.578 269
0152  0.340  0.588  0.606  0.236  0.571 264
0153  0.329  0.575  0.595  0.227  0.556 259
0154  0.321  0.565  0.584  0.222  0.547 257
0155  0.320  0.570  0.584  0.220  0.556 255
0156  0.318  0.573  0.585  0.219  0.561 253
0157  0.319  0.580  0.598  0.217  0.563 246
0158  0.307  0.567  0.583  0.208  0.553 242
0159  0.301  0.559  0.573  0.204  0.545 241
0160  0.291  0.546  0.561  0.196  0.532 237
0161  0.293  0.557  0.565  0.198  0.549 237
0162  0.292  0.559  0.568  0.196  0.550 234
0163  0.286  0.553  0.563  0.192  0.544 231
0164  0.283  0.552  0.559  0.189  0.545 229
0165  0.269  0.528  0.533  0.180  0.524 229
0166  0.267  0.526  0.531  0.179  0.522 228
0167  0.269  0.532  0.540  0.179  0.524 224
0168  0.261  0.520  0.529  0.173  0.511 221
0169  0.254  0.511  0.518  0.168  0.504 220
0170  0.243  0.494  0.507  0.160  0.482 213
0171  0.234  0.479  0.491  0.154  0.468 212
0172  0.233  0.479  0.493  0.152  0.466 209
0173  0.221  0.462  0.483  0.143  0.443 201
0174  0.217  0.462  0.477  0.140  0.448 199
0175  0.213  0.457  0.472  0.137  0.443 197
0176  0.206  0.447  0.462  0.133  0.433 195
0177  0.200  0.443  0.453  0.129  0.433 192
0178  0.198  0.444  0.453  0.127  0.437 190
0179  0.185  0.422  0.428  0.118  0.417 187
0180  0.183  0.421  0.427  0.117  0.416 185
0181  0.184  0.424  0.429  0.117  0.418 184
0182  0.179  0.415  0.421  0.114  0.410 183
0183  0.175  0.413  0.419  0.111  0.408 179
0184  0.171  0.404  0.408  0.108  0.401 179
0185  0.171  0.408  0.412  0.108  0.403 177
0186  0.164  0.392  0.395  0.103  0.389 177
0187  0.164  0.395  0.398  0.103  0.393 176
0188  0.153  0.371  0.376  0.096  0.367 173
0189  0.142  0.349  0.355  0.089  0.343 169
0190  0.145  0.358  0.365  0.090  0.351 167
0191  0.138  0.347  0.352  0.086  0.343 165
0192  0.131  0.333  0.340  0.081  0.327 162
0193  0.125  0.321  0.331  0.077  0.311 157
0194  0.118  0.308  0.316  0.072  0.301 155
0195  0.111  0.296  0.307  0.068  0.286 150
0196  0.109  0.297  0.310  0.066  0.285 145
0197  0.109  0.299  0.310  0.066  0.288 145
0198  0.103  0.286  0.296  0.062  0.276 142
0199  0.100  0.285  0.295  0.061  0.275 139
0200  0.103  0.297  0.307  0.062  0.288 137
0201  0.096  0.281  0.291  0.058  0.271 134
0202  0.097  0.287  0.298  0.058  0.277 131
0203  0.092  0.278  0.285  0.055  0.272 130
0204  0.087  0.266  0.273  0.052  0.259 128
0205  0.085  0.265  0.274  0.050  0.256 124
0206  0.085  0.267  0.276  0.050  0.258 123
0207  0.080  0.254  0.262  0.047  0.246 122
0208  0.088  0.281  0.292  0.052  0.271 120
0209  0.083  0.267  0.277  0.049  0.258 119
0210  0.083  0.272  0.280  0.049  0.264 118
0211  0.086  0.282  0.293  0.050  0.272 116
0212  0.081  0.268  0.278  0.047  0.258 115
0213  0.073  0.247  0.257  0.043  0.238 113
0214  0.076  0.263  0.268  0.044  0.259 112
0215  0.074  0.260  0.266  0.043  0.254 109
0216  0.061  0.218  0.224  0.035  0.212 107
0217  0.064  0.227  0.234  0.037  0.221 107
0218  0.059  0.211  0.215  0.034  0.207 107
0219  0.064  0.229  0.234  0.037  0.225 107
0220  0.059  0.214  0.215  0.034  0.213 107
0221  0.061  0.226  0.229  0.035  0.224 105
0222  0.054  0.203  0.208  0.031  0.198 101
0223  0.049  0.185  0.190  0.028  0.181 100
0224  0.049  0.190  0.194  0.028  0.186 98
0225  0.049  0.194  0.198  0.028  0.190 96
0226  0.039  0.155  0.160  0.022  0.152 94
0227  0.039  0.159  0.161  0.022  0.156 93
0228  0.034  0.139  0.141  0.019  0.137 92
0229  0.034  0.140  0.141  0.019  0.138 92
0230  0.031  0.130  0.132  0.018  0.128 91
0231  0.031  0.130  0.132  0.018  0.129 91
0232  0.034  0.144  0.144  0.019  0.143 90
0233  0.031  0.133  0.135  0.018  0.132 89
0234  0.031  0.134  0.135  0.018  0.133 89
0235  0.031  0.137  0.140  0.018  0.135 86
0236  0.031  0.139  0.140  0.018  0.138 86
0237  0.031  0.139  0.140  0.018  0.138 86
0238  0.031  0.140  0.141  0.018  0.138 85
0239  0.032  0.141  0.143  0.018  0.140 84
0240  0.026  0.119  0.119  0.015  0.119 84
