# File: carpet/rotate Algorithm = KLT  skip 8 tolerance = 5.0
# (time tick) ( F ) ( F all inside) (precision) (recall) (recall all inside) (tracks)
0008  0.923  0.930  0.992  0.862  0.875 510
0016  0.864  0.884  0.987  0.768  0.801 457
0024  0.853  0.883  0.984  0.753  0.801 449
0032  0.831  0.871  0.964  0.731  0.794 445
0040  0.821  0.870  0.963  0.716  0.794 436
0048  0.766  0.833  0.934  0.649  0.751 408
0056  0.742  0.826  0.919  0.622  0.749 397
0064  0.592  0.673  0.858  0.451  0.553 309
0072  0.474  0.550  0.798  0.337  0.419 248
0080  0.413  0.484  0.717  0.290  0.366 237
0088  0.358  0.426  0.628  0.250  0.322 234
0096  0.333  0.405  0.600  0.230  0.305 225
0104  0.298  0.371  0.594  0.199  0.270 197
0112  0.281  0.354  0.580  0.186  0.255 188
0120  0.256  0.324  0.585  0.164  0.224 164
0128  0.261  0.331  0.598  0.167  0.229 164
0136  0.266  0.338  0.610  0.170  0.234 164
0144  0.246  0.314  0.616  0.153  0.211 146
0152  0.211  0.270  0.535  0.131  0.180 144
0160  0.222  0.284  0.563  0.138  0.190 144
0168  0.174  0.227  0.594  0.102  0.141 101
0176  0.174  0.227  0.594  0.102  0.141 101
0184  0.177  0.231  0.604  0.104  0.143 101
0192  0.180  0.235  0.614  0.106  0.145 101
