# GENERATOR QrCodeRegression
# Elapsed time in milliseconds

default
                              N       Mean      P05      P50      P95      MAX
  blurred                      45  54.2873   2.6111  15.6642  163.853  208.343
  bright_spots                 32  114.898  1.57042  148.373  175.252  179.281
  brightness                   28  103.765  3.65514  120.891  162.308  180.761
  close                        40  81.9338  1.02448  99.0186  150.941  157.353
  curved                        5  3.72309  2.95087  3.87054  3.95374  3.98241
  damaged                      37  23.1021  5.21892  15.7194  71.4758  109.338
  glare                        50  35.3017  2.89463  13.0753  112.057  137.833
  high_version                 33  33.2234  2.70063  32.5982  62.9665  82.0751
  lots                          7   248.65  238.368  243.259  260.397  271.897
  monitor                      17  82.1249  27.5907  90.3275  109.398  129.972
  nominal                      65  24.1878  2.76622  8.80883  89.9601  136.318
  noncompliant                 16  14.3809  2.56644  8.38372  33.2537  49.5032
  pathological                 23  1.20269  .940958  1.18014  1.52825  1.70291
  perspective                  35   6.2697  6.03085  6.21461  6.57817  6.81439
  rotations                    44  29.1242  24.8191  28.2664  34.1283  37.1972
  shadows                      14  45.5482  6.04105  30.4185  125.187  127.414

Summary:
                              N       Mean      P05      P50      P95      MAX
  default                     491  47.1334  1.55843  24.0238  157.353  271.897
