# GENERATOR FiducialRegression
# Elapsed time in milliseconds

BinaryRobust
                              N       Mean      P05      P50      P95      MAX
  distance_angle               10  35.4453  10.4928  20.4601  44.7455  110.628
  distance_straight            10  12.1412  9.76935   10.935  14.8526  16.1854
  motion_blur                   9  17.2889  9.17515  19.3561  20.8862  22.8068
  rotation                     12  17.9887   10.612  16.0191  27.8855  38.4523
  static_front_close          101  4.57657   4.3091  4.49125  4.89553  6.60289
  static_front_far            100  3.08098  2.61064  2.93766  4.02134  4.18076
  static_scene                101  7.09167  6.09146   6.4005  9.12265  9.61406
  set01                       373  3.59897  2.71078  3.37189  5.50246  6.72685

BinaryFast
                              N       Mean      P05      P50      P95      MAX
  distance_angle               10  2.94831  1.86799  2.59518  3.38773  5.05934
  distance_straight            10  2.86217  2.25877  2.69468  3.42011  3.62091
  motion_blur                   9  6.65182  3.96432  5.72651  9.98814  10.4596
  rotation                     12  2.01398  1.31131  2.18891  2.62975  2.70389
  static_front_close          101  .859197  .802479  .816146  1.28641  1.32375
  static_front_far            100  .884366  .844587  .883687  .911526  1.07437
  static_scene                101  3.91365  3.66637  3.85059  4.30996  4.62824
  set01                       373  1.62963  1.05574  1.61741  2.30195  3.13702

ImageRobust
                              N       Mean      P05      P50      P95      MAX
  distance_angle                9  11.6453  9.66105  11.3766  13.2255  13.5925
  distance_straight             9  9.95803   7.2789  9.37738  13.1757  13.9331
  hard                         11   21.442   10.254  22.8955  28.2201  30.3332
  motion_blur                   8  8.44567  4.27225   7.9935  10.5881  12.2437
  rotation                     13  13.3529  8.12911  13.4373  15.2212  19.0928
  static_front_close          193  3.91665  3.79627  3.90872  4.03984   5.2003
  static_front_far            100  4.19626  3.59142  4.17175  4.74278  5.12301
  static_scene                308  8.26911  7.76515  8.26415  8.70629  9.03203
  set01                       411  4.23778  3.12864  4.27234  5.17689  5.97185

ImageFast
                              N       Mean      P05      P50      P95      MAX
  distance_angle                9  3.06349  2.34168  2.87693  3.54921  3.60307
  distance_straight             9  2.27998  1.54864  2.03737  2.97769  3.62406
  hard                         11  9.03674  6.34662  8.50744  12.0023  12.2801
  motion_blur                   8  5.04524  4.39981  4.75914  5.39059   6.5224
  rotation                     13  1.83548  1.49005  1.87952  2.09161  2.45264
  static_front_close          193  .903979  .868247  .898706  .943604  1.20688
  static_front_far            100  1.50961  1.31007   1.5022  1.75189  2.46901
  static_scene                308  5.74817   5.3569  5.76878  6.07301  6.33791
  set01                       411  2.21043  1.58697  2.18802   2.9027   3.3112

ChessboardBinary
                              N       Mean      P05      P50      P95      MAX
  distance_angle                6  25.6851  10.4846  13.2042   28.159  63.2263
  distance_straight             8   10.382  8.83015  10.0627  11.3049  11.4645
  distant                       7  32.0477  16.3378  26.4086   35.968  76.2421
  motion_blur                  13  7.35926  5.73839  7.56704  8.16155  8.34707
  rotation_flat                12   21.529  16.5306  20.1923  26.1879  30.8327
  rotation_vertical             7  9.57073   8.4194   9.0426  10.4174   12.655
  shadow                       15  21.3743  10.4614  19.4269  31.7366  34.3979
  front_close                 201   8.4018   7.8525  8.36516  9.10288  9.63249
  front_far                   201  8.35171  7.81986  8.30923  9.03963  9.42215
  set01                       959  6.97688  5.95388  7.08231  7.90336  10.8664

ChessboardXCorner
                              N       Mean      P05      P50      P95      MAX
  distance_angle                6  55.1049  24.5619  39.1309  61.5328  135.483
  distance_straight             8  23.5424  20.6044  23.2018  25.4625  28.1483
  distant                       7  33.9995  27.0063  32.4984  38.3846  41.2609
  motion_blur                  13  11.5657   11.222  11.4482  12.3914  12.5738
  rotation_flat                12  29.2658  26.5927  28.8965  31.1126  32.1606
  rotation_vertical             7  21.1206  20.4756  20.8166  21.6103  22.4179
  shadow                       15  28.6753  17.1403  29.0096  40.7645  42.7466
  front_close                 201  14.2162  13.5717  13.9833  14.7568  21.6238
  front_far                   201  15.1965  14.8042  15.0983  15.4708  23.5743
  set01                       959  13.1451  12.3793  13.0082  14.3143   16.385

SquareGrid
                              N       Mean      P05      P50      P95      MAX
  distance_angle                6  11.8166  8.26958   11.012  15.3761  16.1138
  distance_straight             7  5.25589  4.47062  5.14711  5.68749  6.28328
  distant                       7  11.9665  7.75806  11.4429  14.0839  16.5664
  motion_blur                   8  2.72159  2.47361  2.77232  2.86201  2.89047
  rotation                      7  4.75815  4.36986  4.79809  4.95293  5.13218
  front_close                 200  4.75351   4.3452  4.73984  5.17992   5.5404
  front_far                   200  6.51709  5.49387  6.52019  7.64684  8.44518
  set0                        368  2.55717   2.2628  2.53688  2.87274  3.33845

CircleHexagonal
                              N       Mean      P05      P50      P95      MAX
  distance_angle               11  14.6706   11.454  13.2112  15.2154  29.6621
  distance_straight            12  10.4088  8.22268  10.5112  11.6032  11.8187
  motion_blur                  13  4.45133  2.70897  4.72832  5.22289  5.36443
  rotation                      9  9.66881  8.26931  9.42519  11.3971  11.8936
  angled_5x6                   52  10.2855  9.12281  10.2584  11.4771  11.6304
  front_close_24x28            45  44.2167  42.6094   43.541  47.6194  49.3433
  front_close_5x6              47  5.10881  4.86898  5.11921  5.35004  5.68078
  front_far_5x6                55  8.69653  7.90137  8.62918  9.37081  9.47101
  24x28_hard                   14  30.1512  8.10663   29.946  35.3831  43.3192
  24x28_set0                   59  36.4793  34.5757  35.5886  39.1857  50.5686
  5x6_hard                      2  4.94619  4.52172  4.52172  4.52172  5.37066
  5x6_set0                     68  7.88019  5.63297  7.07173  12.0429  12.9713

CircleRegular
                              N       Mean      P05      P50      P95      MAX
  distance_angle               12  7.26359  5.67388    7.227  8.27262  8.31346
  distance_straight            14  6.78323  5.04862  6.89728  7.73186  7.97215
  motion_blur                  12  3.23395  2.39363  3.30617   3.6707  3.75526
  rotation                      9  9.76738   6.9609  10.1589       12  12.1398
  angled                      100  9.25923  8.28284  9.28137  10.0861  10.3111
  front_close                 100   6.0845  5.67654  6.07124  6.44229  6.73563
  front_far                   100   7.4372  6.73472  7.39371  8.20812  8.34365
  set01                       141   7.8043  4.81862   8.0078  9.36639  9.65189
  set02                        16  13.5702  8.39157  10.8978  23.2259  24.5555

Uchiya
                              N       Mean      P05      P50      P95      MAX
  distance                     24  47.7727  17.2945  42.0607  86.4553  133.548
  highres_lots                  8  722.141  614.322  678.248  826.381  910.946
  highres_rotate_z             19  1009.16  587.223  845.716  1280.12   3105.7
  motion_blur                  15  21.8532   3.9817   21.978  43.4313  54.8177
  rotate_x                     16  38.5111  20.3952  39.6983  45.1716  52.5897
  rotate_z                     19  46.9998  42.0427  46.5192  54.3855  58.2781
  shadow_overlapping           11  56.9388  41.4242  48.3767  55.8163   136.41
  static01                    106  37.8644  34.2569  37.3216  39.9363  108.436
  static02                    107  44.3645  41.3909   44.493   47.015  51.9417
  visible01                   211  49.6607  44.0169  49.4755  56.7551  93.9345

Summary:
                              N       Mean      P05      P50      P95      MAX
  BinaryRobust                716  5.13455  2.71325  3.73936  10.4928  110.628
  BinaryFast                  716  1.84425   .81209  1.54305  4.02916  10.4596
  ImageRobust                1062   5.7774  3.45971  4.51511  8.73812  30.3332
  ImageFast                  1062  3.02831  .887331  2.27398  5.98345  12.2801
  ChessboardBinary           1429  7.88063  5.99941  7.41627  9.05582  76.2421
  ChessboardXCorner          1429   14.244  12.3887  13.5291  15.4708  135.483
  SquareGrid                  803  4.28605  2.31856   4.4154  7.18658  16.5664
  CircleHexagonal             387  17.5564  4.94203  9.79872  43.8482  50.5686
  CircleRegular               504  7.74695  5.64797  7.76735  10.0554  24.5555
  Uchiya                      536  89.1793  34.6369  45.3051   136.41   3105.7
