# list of hand selected 2D points
227.37704918032784000000 113.11475409836065000000
271.96721311475410000000 111.96721311475409000000
271.47540983606550000000 164.26229508196720000000
226.55737704918030000000 164.09836065573768000000
320.32786885245900000000 110.49180327868852000000
371.14754098360650000000 109.34426229508196000000
370.49180327868850000000 165.57377049180326000000
319.18032786885243000000 165.08196721311475000000
425.73770491803276000000 108.85245901639344000000
482.78688524590160000000 109.01639344262294000000
481.63934426229500000000 168.36065573770492000000
424.42622950819670000000 167.21311475409834000000
422.95081967213110000000 225.08196721311472000000
479.50819672131144000000 228.19672131147540000000
477.54098360655735000000 285.73770491803276000000
420.98360655737700000000 281.63934426229510000000
368.85245901639340000000 222.13114754098360000000
367.86885245901635000000 277.04918032786884000000
317.70491803278685000000 272.62295081967210000000
318.52459016393440000000 219.83606557377047000000
226.55737704918030000000 214.91803278688522000000
270.49180327868850000000 217.21311475409834000000
270.81967213114750000000 268.68852459016390000000
226.39344262295080000000 264.75409836065570000000
