# list of hand selected 2D points
130.22222222222223000000 166.22222222222223000000
188.66666666666666000000 164.88888888888889000000
188.88888888888889000000 226.00000000000000000000
129.77777777777777000000 226.66666666666666000000
250.20000000000000000000 163.40000000000000000000
311.80000000000000000000 162.40000000000000000000
312.40000000000000000000 224.00000000000000000000
249.69999999999993000000 224.89999999999992000000
375.00000000000000000000 161.00000000000000000000
436.80000000000000000000 160.80000000000000000000
438.00000000000000000000 223.20000000000000000000
375.00000000000000000000 223.80000000000000000000
376.20000000000000000000 286.40000000000000000000
438.20000000000000000000 285.60000000000000000000
438.60000000000000000000 348.00000000000000000000
376.00000000000000000000 348.80000000000000000000
313.00000000000000000000 287.20000000000000000000
250.60000000000000000000 287.40000000000000000000
250.80000000000000000000 349.40000000000000000000
313.00000000000000000000 349.20000000000000000000
130.20000000000000000000 287.80000000000000000000
189.20000000000000000000 287.80000000000000000000
190.60000000000000000000 349.00000000000000000000
131.20000000000000000000 348.00000000000000000000
