# list of hand selected 2D points
260.49382716049380000000 272.46913580246917000000
285.43209876543210000000 271.11111111111114000000
260.49382716049380000000 303.82716049382720000000
285.80246913580250000000 303.08641975308643000000
311.97530864197535000000 269.01234567901236000000
339.50617283950620000000 267.65432098765433000000
340.00000000000000000000 301.11111111111114000000
311.85185185185185000000 302.09876543209880000000
368.88888888888890000000 264.93827160493830000000
399.62962962962960000000 263.20987654320990000000
400.49382716049380000000 299.01234567901236000000
369.13580246913580000000 300.37037037037040000000
369.87654320987656000000 335.67901234567904000000
401.60493827160496000000 335.67901234567904000000
401.85185185185185000000 371.72839506172840000000
370.24691358024694000000 370.74074074074076000000
312.46913580246917000000 335.67901234567904000000
340.49382716049380000000 335.55555555555554000000
340.37037037037040000000 369.50617283950620000000
312.71604938271605000000 368.64197530864200000000
285.55555555555554000000 335.55555555555554000000
285.92592592592590000000 367.28395061728395000000
260.24691358024694000000 367.16049382716050000000
260.61728395061730000000 335.55555555555554000000
