# list of hand selected 2D points
187.11111111111111000000 153.77777777777777000000
247.11111111111111000000 152.44444444444446000000
246.66666666666666000000 213.55555555555554000000
186.44444444444446000000 214.22222222222223000000
308.22222222222223000000 151.11111111111111000000
370.22222222222223000000 150.66666666666666000000
370.88888888888890000000 212.66666666666666000000
308.44444444444446000000 213.11111111111111000000
432.44444444444446000000 150.44444444444446000000
493.33333333333330000000 150.44444444444446000000
494.88888888888890000000 212.00000000000000000000
433.08333333333326000000 212.16666666666654000000
495.33333333333330000000 274.22222222222223000000
494.88888888888890000000 335.55555555555554000000
433.33333333333330000000 336.44444444444446000000
433.55555555555554000000 274.88888888888890000000
371.33333333333330000000 274.88888888888890000000
371.33333333333330000000 336.66666666666670000000
309.11111111111110000000 336.66666666666670000000
309.11111111111110000000 275.77777777777777000000
186.90909090909090000000 275.45454545454544000000
247.09090909090910000000 275.63636363636360000000
247.45454545454547000000 336.72727272727275000000
187.30909090909100000000 335.68636363636364000000
