# list of hand selected 2D points
198.80597014925374000000 185.37313432835820000000
241.04477611940297000000 180.59701492537312000000
235.52238805970148000000 225.37313432835820000000
191.64179104477610000000 228.95522388059700000000
285.82089552238807000000 175.97014925373134000000
333.13432835820896000000 171.49253731343282000000
330.14925373134326000000 218.35820895522390000000
280.89552238805970000000 221.94029850746267000000
383.88059701492534000000 166.26865671641790000000
435.67164179104475000000 161.49253731343282000000
435.37313432835820000000 210.59701492537312000000
381.34328358208955000000 214.92537313432834000000
434.32835820895520000000 263.88059701492534000000
432.68656716417910000000 319.55223880597015000000
375.67164179104475000000 320.74626865671640000000
378.65671641791045000000 266.26865671641790000000
325.37313432835820000000 269.25373134328356000000
321.49253731343280000000 321.64179104477610000000
270.00000000000000000000 322.53731343283580000000
275.52238805970150000000 271.04477611940297000000
228.80597014925374000000 273.43283582089550000000
222.23880597014926000000 322.98507462686564000000
176.86567164179104000000 323.43283582089550000000
184.62686567164178000000 275.37313432835820000000
