# File: bricks/rotate Algorithm = FH-BRIEF-KLT  skip 1 tolerance = 5.0
# (time tick) ( F ) ( F all inside) (precision) (recall) (recall all inside) (tracks)
0001  0.994  0.994  1.000  0.988  0.988 500
0002  0.989  0.993  1.000  0.978  0.986 495
0003  0.982  0.993  1.000  0.964  0.986 488
0004  0.978  0.994  0.998  0.958  0.990 486
0005  0.977  0.995  0.998  0.957  0.992 485
0006  0.974  0.992  0.998  0.951  0.986 482
0007  0.973  0.992  0.998  0.949  0.986 481
0008  0.974  0.994  1.000  0.949  0.988 480
0009  0.973  0.993  1.000  0.947  0.986 479
0010  0.965  0.986  1.000  0.933  0.973 472
0011  0.960  0.987  1.000  0.923  0.975 467
0012  0.949  0.978  0.994  0.909  0.962 463
0013  0.941  0.974  0.991  0.895  0.958 457
0014  0.941  0.979  0.991  0.895  0.968 457
0015  0.941  0.980  0.991  0.895  0.970 457
0016  0.933  0.976  0.987  0.885  0.965 454
0017  0.928  0.976  0.989  0.874  0.963 447
0018  0.927  0.978  0.991  0.872  0.965 445
0019  0.917  0.974  0.993  0.852  0.956 434
0020  0.914  0.972  0.991  0.848  0.953 433
0021  0.912  0.973  0.988  0.846  0.957 433
0022  0.908  0.977  0.988  0.840  0.966 430
0023  0.902  0.973  0.986  0.832  0.961 427
0024  0.901  0.974  0.991  0.826  0.959 422
0025  0.893  0.964  0.970  0.828  0.959 432
0026  0.888  0.966  0.972  0.818  0.960 426
0027  0.884  0.965  0.972  0.810  0.958 422
0028  0.881  0.968  0.971  0.806  0.964 420
0029  0.878  0.966  0.971  0.800  0.962 417
0030  0.871  0.961  0.971  0.791  0.952 412
0031  0.871  0.963  0.971  0.791  0.954 412
0032  0.863  0.955  0.966  0.781  0.945 409
0033  0.865  0.959  0.973  0.779  0.945 405
0034  0.862  0.959  0.973  0.775  0.947 403
0035  0.862  0.961  0.973  0.775  0.949 403
0036  0.855  0.957  0.970  0.765  0.944 399
0037  0.839  0.941  0.959  0.745  0.924 393
0038  0.830  0.934  0.938  0.745  0.930 402
0039  0.823  0.928  0.935  0.735  0.922 398
0040  0.816  0.924  0.934  0.725  0.914 393
0041  0.806  0.918  0.926  0.713  0.911 390
0042  0.804  0.919  0.932  0.708  0.906 384
0043  0.796  0.913  0.924  0.700  0.902 383
0044  0.791  0.913  0.919  0.694  0.906 382
0045  0.788  0.917  0.923  0.688  0.911 377
0046  0.785  0.919  0.923  0.684  0.915 375
0047  0.767  0.899  0.910  0.662  0.888 368
0048  0.781  0.900  0.899  0.690  0.901 388
0049  0.779  0.901  0.899  0.688  0.903 387
0050  0.774  0.899  0.898  0.680  0.900 383
0051  0.767  0.892  0.890  0.674  0.894 383
0052  0.760  0.886  0.885  0.666  0.888 381
0053  0.749  0.876  0.880  0.652  0.872 375
0054  0.743  0.870  0.879  0.644  0.861 371
0055  0.737  0.867  0.871  0.638  0.864 371
0056  0.734  0.865  0.870  0.634  0.861 369
0057  0.731  0.865  0.867  0.632  0.863 369
0058  0.729  0.864  0.864  0.630  0.863 369
0059  0.731  0.866  0.867  0.632  0.866 369
0060  0.736  0.872  0.873  0.636  0.871 369
0061  0.743  0.880  0.881  0.642  0.880 369
0062  0.743  0.880  0.881  0.642  0.880 369
0063  0.741  0.877  0.878  0.640  0.877 369
0064  0.743  0.880  0.881  0.642  0.880 369
0065  0.745  0.883  0.883  0.644  0.882 369
0066  0.741  0.881  0.878  0.640  0.884 369
0067  0.739  0.880  0.878  0.638  0.881 368
0068  0.741  0.882  0.880  0.640  0.884 368
0069  0.744  0.885  0.883  0.642  0.887 368
0070  0.745  0.886  0.886  0.642  0.887 367
0071  0.751  0.894  0.896  0.646  0.893 365
0072  0.752  0.895  0.898  0.646  0.893 364
0073  0.748  0.893  0.895  0.642  0.890 363
0074  0.757  0.904  0.906  0.650  0.901 363
0075  0.758  0.908  0.909  0.650  0.907 362
0076  0.754  0.904  0.908  0.644  0.901 359
0077  0.750  0.901  0.910  0.638  0.892 355
0078  0.754  0.910  0.918  0.640  0.903 353
0079  0.778  0.915  0.919  0.674  0.911 371
0080  0.780  0.924  0.929  0.672  0.920 366
0081  0.781  0.926  0.932  0.672  0.920 365
0082  0.788  0.934  0.940  0.678  0.928 365
0083  0.789  0.935  0.942  0.678  0.928 364
0084  0.787  0.934  0.942  0.676  0.926 363
0085  0.792  0.942  0.948  0.680  0.937 363
0086  0.792  0.943  0.948  0.680  0.939 363
0087  0.790  0.943  0.948  0.678  0.939 362
0088  0.790  0.943  0.948  0.678  0.939 362
0089  0.789  0.942  0.947  0.676  0.936 361
0090  0.786  0.942  0.947  0.672  0.936 359
0091  0.783  0.941  0.947  0.668  0.936 357
0092  0.779  0.938  0.946  0.662  0.930 354
0093  0.779  0.938  0.946  0.662  0.930 354
0094  0.779  0.938  0.946  0.662  0.930 354
0095  0.777  0.935  0.944  0.660  0.927 354
0096  0.774  0.932  0.941  0.658  0.924 354
0097  0.774  0.932  0.941  0.658  0.924 354
0098  0.774  0.932  0.941  0.658  0.924 354
0099  0.772  0.930  0.938  0.656  0.922 354
0100  0.774  0.932  0.941  0.658  0.924 354
0101  0.775  0.934  0.943  0.658  0.924 353
0102  0.778  0.937  0.946  0.660  0.927 353
0103  0.777  0.938  0.949  0.658  0.927 351
0104  0.777  0.938  0.949  0.658  0.927 351
0105  0.777  0.938  0.949  0.658  0.927 351
0106  0.777  0.938  0.949  0.658  0.927 351
0107  0.777  0.938  0.949  0.658  0.927 351
0108  0.777  0.938  0.949  0.658  0.927 351
0109  0.777  0.938  0.949  0.658  0.927 351
0110  0.775  0.935  0.946  0.656  0.924 351
0111  0.777  0.938  0.949  0.658  0.927 351
0112  0.775  0.935  0.946  0.656  0.924 351
0113  0.775  0.935  0.946  0.656  0.924 351
0114  0.775  0.935  0.946  0.656  0.924 351
0115  0.777  0.938  0.949  0.658  0.927 351
0116  0.775  0.935  0.946  0.656  0.924 351
0117  0.776  0.936  0.949  0.656  0.924 350
0118  0.776  0.936  0.949  0.656  0.924 350
0119  0.776  0.936  0.949  0.656  0.924 350
0120  0.773  0.933  0.946  0.654  0.922 350
0121  0.773  0.933  0.946  0.654  0.922 350
0122  0.773  0.933  0.946  0.654  0.922 350
0123  0.773  0.933  0.946  0.654  0.922 350
0124  0.773  0.933  0.946  0.654  0.922 350
0125  0.771  0.932  0.943  0.652  0.922 350
0126  0.773  0.935  0.946  0.654  0.924 350
0127  0.776  0.936  0.949  0.656  0.924 350
