# File: bricks/rotate Algorithm = FH-BRIEF-KLT  skip 4 tolerance = 5.0
# (time tick) ( F ) ( F all inside) (precision) (recall) (recall all inside) (tracks)
0004  0.931  0.947  0.987  0.881  0.910 452
0008  0.906  0.925  0.986  0.838  0.871 430
0012  0.868  0.894  0.975  0.783  0.826 406
0016  0.832  0.871  0.971  0.727  0.790 379
0020  0.810  0.863  0.952  0.706  0.789 375
0024  0.785  0.851  0.939  0.674  0.778 363
0028  0.746  0.830  0.943  0.617  0.741 331
0032  0.763  0.851  0.945  0.640  0.774 343
0036  0.726  0.822  0.935  0.593  0.733 321
0040  0.667  0.756  0.862  0.543  0.673 319
0044  0.676  0.783  0.877  0.549  0.708 317
0048  0.718  0.826  0.884  0.605  0.775 346
0052  0.714  0.819  0.893  0.595  0.757 337
0056  0.671  0.777  0.861  0.549  0.708 323
0060  0.659  0.773  0.863  0.534  0.701 313
0064  0.646  0.762  0.870  0.514  0.679 299
0068  0.717  0.835  0.889  0.601  0.787 342
0072  0.718  0.836  0.914  0.591  0.770 327
0076  0.677  0.803  0.893  0.545  0.729 309
0080  0.616  0.723  0.864  0.478  0.621 280
0084  0.658  0.767  0.909  0.516  0.664 287
0088  0.629  0.743  0.910  0.480  0.628 267
0092  0.646  0.753  0.886  0.508  0.655 290
0096  0.648  0.746  0.875  0.514  0.650 297
0100  0.726  0.805  0.935  0.593  0.707 321
0104  0.811  0.877  0.962  0.702  0.806 369
0108  0.770  0.862  0.962  0.642  0.781 338
0112  0.768  0.859  0.959  0.640  0.778 338
0116  0.766  0.859  0.958  0.638  0.778 337
0120  0.766  0.859  0.958  0.638  0.778 337
0124  0.766  0.859  0.958  0.638  0.778 337
