# File: bricks/skew Algorithm = FH-BRIEF-KLT  skip 8 tolerance = 5.0
# (time tick) ( F ) ( F all inside) (precision) (recall) (recall all inside) (tracks)
0008  0.965  0.971  0.996  0.937  0.948 477
0016  0.940  0.968  0.989  0.895  0.948 459
0024  0.875  0.946  0.973  0.795  0.920 414
0032  0.716  0.831  0.931  0.582  0.751 317
0040  0.648  0.818  0.876  0.515  0.768 298
0048  0.577  0.789  0.844  0.438  0.740 263
0056  0.529  0.752  0.812  0.393  0.701 245
0064  0.511  0.752  0.802  0.375  0.709 237
0072  0.466  0.730  0.785  0.331  0.683 214
0080  0.464  0.733  0.794  0.327  0.680 209
0088  0.442  0.706  0.795  0.306  0.635 195
0096  0.360  0.570  0.653  0.249  0.506 193
0104  0.330  0.556  0.620  0.225  0.505 184
0112  0.287  0.487  0.557  0.193  0.433 176
