# File: bricks/move_in Algorithm = FH-BRIEF-KLT  skip 4 tolerance = 5.0
# (time tick) ( F ) ( F all inside) (precision) (recall) (recall all inside) (tracks)
0004  1.000  1.000  1.000  1.000  1.000 549
0008  0.999  0.999  1.000  0.998  0.998 548
0012  0.997  0.997  1.000  0.995  0.995 546
0016  0.984  0.992  1.000  0.969  0.983 532
0020  0.961  0.980  1.000  0.925  0.960 508
0024  0.952  0.978  0.998  0.911  0.960 501
0028  0.940  0.972  0.988  0.896  0.957 498
0032  0.936  0.978  0.988  0.889  0.968 494
0036  0.931  0.979  0.990  0.878  0.968 487
0040  0.920  0.972  0.987  0.862  0.957 479
0044  0.917  0.977  0.987  0.856  0.967 476
0048  0.912  0.976  0.989  0.845  0.963 469
0052  0.905  0.983  0.989  0.834  0.977 463
0056  0.898  0.985  0.989  0.821  0.980 456
0060  0.890  0.977  0.978  0.816  0.976 458
0064  0.886  0.977  0.980  0.809  0.974 453
0068  0.879  0.976  0.978  0.798  0.973 448
0072  0.863  0.968  0.973  0.776  0.964 438
0076  0.861  0.973  0.981  0.767  0.966 429
0080  0.848  0.966  0.979  0.749  0.954 420
0084  0.832  0.959  0.971  0.729  0.948 412
0088  0.818  0.959  0.965  0.710  0.954 404
0092  0.803  0.963  0.964  0.689  0.962 392
0096  0.775  0.947  0.950  0.654  0.945 378
0100  0.760  0.948  0.943  0.636  0.954 370
0104  0.761  0.961  0.951  0.634  0.972 366
0108  0.757  0.964  0.950  0.628  0.977 363
0112  0.750  0.960  0.950  0.619  0.971 358
0116  0.745  0.963  0.952  0.612  0.974 353
0120  0.739  0.962  0.954  0.603  0.971 347
0124  0.709  0.938  0.914  0.579  0.964 348
0128  0.698  0.942  0.914  0.565  0.972 339
0132  0.683  0.942  0.912  0.546  0.974 329
0136  0.663  0.933  0.905  0.523  0.963 317
0140  0.646  0.923  0.899  0.505  0.949 308
0144  0.623  0.912  0.886  0.481  0.940 298
0148  0.597  0.899  0.874  0.454  0.926 285
0152  0.576  0.904  0.851  0.435  0.964 281
0156  0.560  0.903  0.851  0.417  0.962 269
0160  0.521  0.859  0.795  0.388  0.934 268
0164  0.489  0.832  0.778  0.357  0.895 252
0168  0.466  0.820  0.755  0.337  0.898 245
0172  0.438  0.789  0.710  0.317  0.888 245
0176  0.413  0.759  0.689  0.295  0.844 235
0180  0.408  0.763  0.691  0.290  0.850 230
0184  0.399  0.756  0.683  0.282  0.847 227
0188  0.386  0.741  0.665  0.271  0.837 224
0192  0.346  0.698  0.617  0.240  0.805 214
0196  0.311  0.643  0.551  0.217  0.773 216
0200  0.286  0.613  0.538  0.195  0.713 199
0204  0.260  0.565  0.476  0.179  0.695 206
0208  0.252  0.566  0.475  0.171  0.701 198
0212  0.244  0.568  0.476  0.164  0.703 189
0216  0.235  0.545  0.451  0.158  0.690 193
0220  0.212  0.526  0.435  0.140  0.664 177
0224  0.185  0.479  0.381  0.122  0.644 176
0228  0.150  0.417  0.312  0.098  0.628 173
0232  0.123  0.368  0.267  0.080  0.595 165
0236  0.098  0.319  0.234  0.062  0.500 145
0240  0.075  0.254  0.182  0.047  0.419 143
0244  0.061  0.223  0.153  0.038  0.412 137
0248  0.052  0.189  0.123  0.033  0.409 146
0252  0.041  0.159  0.104  0.026  0.333 134
0256  0.024  0.097  0.063  0.015  0.216 128
0260  0.021  0.090  0.058  0.013  0.206 121
0264  0.024  0.102  0.065  0.015  0.235 123
