# File: bricks/move_out Algorithm = FH-BRIEF-KLT  skip 8 tolerance = 5.0
# (time tick) ( F ) ( F all inside) (precision) (recall) (recall all inside) (tracks)
0008  0.946  0.946  0.994  0.903  0.903 496
0016  0.926  0.926  0.994  0.866  0.866 476
0024  0.926  0.926  0.994  0.866  0.866 476
0032  0.925  0.925  0.994  0.864  0.864 475
0040  0.925  0.925  0.994  0.864  0.864 475
0048  0.923  0.923  0.992  0.863  0.863 475
0056  0.925  0.925  0.994  0.864  0.864 475
0064  0.923  0.923  0.992  0.863  0.863 475
0072  0.925  0.925  0.994  0.864  0.864 475
0080  0.925  0.925  0.994  0.864  0.864 475
0088  0.925  0.925  0.994  0.864  0.864 475
0096  0.925  0.925  0.994  0.864  0.864 475
0104  0.925  0.925  0.994  0.864  0.864 475
0112  0.925  0.925  0.994  0.864  0.864 475
0120  0.925  0.925  0.994  0.864  0.864 475
0128  0.925  0.925  0.994  0.864  0.864 475
0136  0.925  0.925  0.994  0.864  0.864 475
0144  0.925  0.925  0.994  0.864  0.864 475
0152  0.925  0.925  0.994  0.864  0.864 475
0160  0.925  0.925  0.994  0.864  0.864 475
0168  0.925  0.925  0.994  0.864  0.864 475
