# File: bricks/move_in Algorithm = FH-BRIEF-KLT  skip 8 tolerance = 5.0
# (time tick) ( F ) ( F all inside) (precision) (recall) (recall all inside) (tracks)
0008  0.998  0.998  1.000  0.996  0.996 547
0016  0.953  0.960  0.983  0.925  0.939 517
0024  0.926  0.952  0.980  0.878  0.925 492
0032  0.921  0.963  0.985  0.865  0.941 482
0040  0.906  0.957  0.981  0.842  0.933 471
0048  0.900  0.964  0.981  0.832  0.948 466
0056  0.888  0.975  0.982  0.811  0.967 453
0064  0.868  0.958  0.969  0.787  0.947 446
0072  0.837  0.940  0.960  0.741  0.921 424
0080  0.829  0.945  0.968  0.725  0.923 411
0088  0.797  0.936  0.947  0.689  0.924 399
0096  0.757  0.929  0.948  0.630  0.911 365
0104  0.746  0.942  0.934  0.621  0.950 365
0112  0.739  0.946  0.936  0.610  0.957 358
0120  0.723  0.942  0.936  0.588  0.947 345
0128  0.672  0.910  0.897  0.537  0.925 329
0136  0.644  0.907  0.883  0.506  0.933 315
0144  0.608  0.887  0.855  0.472  0.922 303
0152  0.572  0.896  0.846  0.432  0.952 280
0160  0.512  0.846  0.788  0.379  0.912 264
0168  0.451  0.796  0.739  0.324  0.864 241
0176  0.402  0.733  0.657  0.290  0.828 242
0184  0.385  0.722  0.643  0.275  0.825 235
0192  0.338  0.683  0.603  0.235  0.787 214
0200  0.271  0.576  0.500  0.186  0.680 204
0208  0.245  0.555  0.469  0.166  0.679 194
0216  0.232  0.550  0.464  0.155  0.675 183
0224  0.156  0.410  0.331  0.102  0.538 169
0232  0.107  0.322  0.235  0.069  0.514 162
0240  0.064  0.217  0.156  0.040  0.355 141
0248  0.041  0.152  0.100  0.026  0.318 140
0256  0.027  0.110  0.071  0.016  0.243 126
0264  0.024  0.102  0.065  0.015  0.235 123
