# File: bricks/skew Algorithm = FH-BRIEF-KLT  skip 4 tolerance = 5.0
# (time tick) ( F ) ( F all inside) (precision) (recall) (recall all inside) (tracks)
0004  0.965  0.967  0.996  0.937  0.941 477
0008  0.961  0.967  0.996  0.929  0.940 473
0012  0.958  0.971  0.994  0.925  0.949 472
0016  0.929  0.957  0.987  0.878  0.929 451
0020  0.915  0.964  0.975  0.862  0.952 448
0024  0.880  0.953  0.976  0.801  0.931 416
0028  0.821  0.925  0.963  0.716  0.889 377
0032  0.784  0.903  0.952  0.667  0.859 355
0036  0.754  0.900  0.946  0.627  0.859 336
0040  0.714  0.892  0.903  0.590  0.882 331
0044  0.695  0.906  0.905  0.564  0.908 316
0048  0.678  0.912  0.910  0.540  0.913 301
0052  0.643  0.880  0.875  0.509  0.886 295
0056  0.638  0.885  0.873  0.503  0.898 292
0060  0.635  0.889  0.872  0.499  0.906 290
0064  0.603  0.871  0.870  0.462  0.873 269
0068  0.545  0.826  0.821  0.408  0.831 252
0072  0.539  0.827  0.825  0.400  0.828 246
0076  0.523  0.811  0.826  0.383  0.798 235
0080  0.526  0.815  0.830  0.385  0.802 235
0084  0.526  0.815  0.830  0.385  0.802 235
0088  0.522  0.812  0.832  0.381  0.793 232
0092  0.509  0.788  0.795  0.375  0.781 239
0096  0.491  0.782  0.817  0.351  0.751 218
0100  0.487  0.771  0.750  0.361  0.794 244
0104  0.471  0.776  0.759  0.341  0.794 228
0108  0.481  0.784  0.773  0.349  0.795 229
0112  0.481  0.788  0.773  0.349  0.803 229
0116  0.479  0.787  0.781  0.345  0.793 224
