# File: bricks/skew Algorithm = FH-BRIEF-KLT  skip 1 tolerance = 5.0
# (time tick) ( F ) ( F all inside) (precision) (recall) (recall all inside) (tracks)
0001  1.000  1.000  1.000  1.000  1.000 507
0002  0.998  0.999  1.000  0.996  0.998 505
0003  0.997  0.998  1.000  0.994  0.996 504
0004  0.995  0.997  1.000  0.990  0.994 502
0005  0.994  0.999  1.000  0.988  0.998 501
0006  0.993  0.998  1.000  0.986  0.996 500
0007  0.991  0.997  1.000  0.982  0.994 498
0008  0.989  0.995  1.000  0.978  0.990 496
0009  0.988  0.994  1.000  0.976  0.988 495
0010  0.987  0.996  1.000  0.974  0.992 494
0011  0.986  0.995  1.000  0.972  0.990 493
0012  0.982  0.995  1.000  0.964  0.990 489
0013  0.976  0.992  1.000  0.953  0.984 483
0014  0.967  0.993  1.000  0.937  0.985 475
0015  0.967  0.995  1.000  0.937  0.990 475
0016  0.960  0.988  1.000  0.923  0.977 468
0017  0.956  0.990  1.000  0.915  0.981 464
0018  0.945  0.983  0.991  0.903  0.974 462
0019  0.939  0.984  0.989  0.893  0.978 458
0020  0.934  0.984  0.989  0.886  0.978 454
0021  0.932  0.985  0.989  0.882  0.980 452
0022  0.927  0.984  0.987  0.874  0.982 449
0023  0.918  0.981  0.989  0.856  0.973 439
0024  0.901  0.976  0.988  0.828  0.963 425
0025  0.887  0.971  0.974  0.815  0.967 424
0026  0.880  0.975  0.971  0.805  0.978 420
0027  0.876  0.976  0.978  0.793  0.973 411
0028  0.868  0.975  0.983  0.777  0.968 401
0029  0.857  0.970  0.975  0.765  0.965 398
0030  0.856  0.973  0.977  0.761  0.970 395
0031  0.855  0.973  0.977  0.759  0.970 394
0032  0.849  0.974  0.977  0.751  0.972 390
0033  0.843  0.969  0.967  0.748  0.972 392
0034  0.837  0.971  0.966  0.738  0.976 387
0035  0.827  0.966  0.963  0.724  0.968 381
0036  0.816  0.967  0.968  0.706  0.967 370
0037  0.800  0.968  0.961  0.684  0.975 361
0038  0.793  0.972  0.958  0.677  0.986 358
0039  0.787  0.973  0.960  0.667  0.985 352
0040  0.784  0.974  0.960  0.663  0.988 350
0041  0.773  0.963  0.959  0.647  0.967 342
0042  0.764  0.965  0.958  0.635  0.973 336
0043  0.754  0.969  0.955  0.623  0.984 331
0044  0.747  0.970  0.954  0.613  0.987 326
0045  0.721  0.943  0.923  0.592  0.965 325
0046  0.722  0.957  0.931  0.590  0.983 321
0047  0.718  0.956  0.934  0.584  0.980 317
0048  0.715  0.956  0.933  0.580  0.980 315
0049  0.714  0.957  0.933  0.578  0.983 314
0050  0.708  0.957  0.935  0.570  0.980 309
0051  0.708  0.963  0.935  0.570  0.993 309
0052  0.704  0.958  0.935  0.564  0.983 306
0053  0.695  0.954  0.930  0.554  0.979 302
0054  0.696  0.957  0.934  0.554  0.982 301
0055  0.696  0.961  0.934  0.554  0.989 301
0056  0.692  0.957  0.933  0.550  0.982 299
0057  0.676  0.934  0.901  0.540  0.968 304
0058  0.674  0.938  0.901  0.538  0.978 303
0059  0.672  0.936  0.903  0.535  0.971 300
0060  0.670  0.934  0.903  0.533  0.968 299
0061  0.670  0.934  0.903  0.533  0.968 299
0062  0.667  0.930  0.902  0.529  0.960 297
0063  0.657  0.922  0.900  0.517  0.946 291
0064  0.641  0.917  0.888  0.501  0.948 286
0065  0.635  0.921  0.893  0.493  0.950 280
0066  0.608  0.892  0.851  0.473  0.938 282
0067  0.605  0.898  0.850  0.469  0.952 280
0068  0.595  0.889  0.844  0.460  0.940 276
0069  0.591  0.890  0.846  0.454  0.939 272
0070  0.591  0.893  0.846  0.454  0.947 272
0071  0.591  0.893  0.846  0.454  0.947 272
0072  0.587  0.889  0.844  0.450  0.938 270
0073  0.585  0.890  0.844  0.448  0.942 269
0074  0.585  0.890  0.844  0.448  0.942 269
0075  0.585  0.890  0.844  0.448  0.942 269
0076  0.585  0.890  0.844  0.448  0.942 269
0077  0.585  0.890  0.844  0.448  0.942 269
0078  0.585  0.890  0.844  0.448  0.942 269
0079  0.585  0.890  0.844  0.448  0.942 269
0080  0.585  0.890  0.844  0.448  0.942 269
0081  0.585  0.890  0.844  0.448  0.942 269
0082  0.585  0.890  0.844  0.448  0.942 269
0083  0.585  0.890  0.844  0.448  0.942 269
0084  0.585  0.890  0.844  0.448  0.942 269
0085  0.585  0.890  0.844  0.448  0.942 269
0086  0.585  0.890  0.844  0.448  0.942 269
0087  0.585  0.890  0.844  0.448  0.942 269
0088  0.585  0.890  0.844  0.448  0.942 269
0089  0.585  0.890  0.844  0.448  0.942 269
0090  0.585  0.890  0.844  0.448  0.942 269
0091  0.585  0.890  0.844  0.448  0.942 269
0092  0.585  0.890  0.844  0.448  0.942 269
0093  0.585  0.890  0.844  0.448  0.942 269
0094  0.580  0.885  0.842  0.442  0.933 266
0095  0.578  0.887  0.842  0.440  0.937 265
0096  0.570  0.880  0.836  0.432  0.928 262
0097  0.560  0.872  0.833  0.422  0.915 257
0098  0.560  0.879  0.833  0.422  0.930 257
0099  0.563  0.881  0.828  0.426  0.943 261
0100  0.561  0.881  0.830  0.424  0.938 259
0101  0.556  0.878  0.828  0.418  0.933 256
0102  0.556  0.883  0.828  0.418  0.946 256
0103  0.546  0.871  0.825  0.408  0.923 251
0104  0.546  0.881  0.825  0.408  0.945 251
0105  0.542  0.876  0.823  0.404  0.935 249
0106  0.540  0.873  0.819  0.402  0.935 249
0107  0.538  0.871  0.819  0.400  0.931 248
0108  0.538  0.877  0.822  0.400  0.939 247
0109  0.538  0.877  0.822  0.400  0.939 247
0110  0.538  0.877  0.822  0.400  0.939 247
0111  0.538  0.880  0.822  0.400  0.948 247
0112  0.539  0.882  0.825  0.400  0.948 246
0113  0.539  0.882  0.825  0.400  0.948 246
0114  0.539  0.882  0.825  0.400  0.948 246
0115  0.539  0.882  0.825  0.400  0.948 246
0116  0.539  0.882  0.825  0.400  0.948 246
0117  0.539  0.882  0.825  0.400  0.948 246
