# File: bricks/move_in Algorithm = FH-BRIEF-KLT  skip 1 tolerance = 5.0
# (time tick) ( F ) ( F all inside) (precision) (recall) (recall all inside) (tracks)
0001  1.000  1.000  1.000  1.000  1.000 549
0002  1.000  1.000  1.000  1.000  1.000 549
0003  1.000  1.000  1.000  1.000  1.000 549
0004  1.000  1.000  1.000  1.000  1.000 549
0005  1.000  1.000  1.000  1.000  1.000 549
0006  1.000  1.000  1.000  1.000  1.000 549
0007  1.000  1.000  1.000  1.000  1.000 549
0008  1.000  1.000  1.000  1.000  1.000 549
0009  0.999  0.999  1.000  0.998  0.998 548
0010  0.999  0.999  1.000  0.998  0.998 548
0011  0.997  0.997  1.000  0.995  0.995 546
0012  0.997  0.997  1.000  0.995  0.995 546
0013  0.995  0.995  1.000  0.989  0.991 543
0014  0.990  0.992  1.000  0.980  0.984 538
0015  0.990  0.997  1.000  0.980  0.994 538
0016  0.986  0.994  0.998  0.974  0.989 536
0017  0.982  0.991  0.998  0.967  0.983 532
0018  0.979  0.991  0.998  0.960  0.983 528
0019  0.971  0.985  1.000  0.944  0.970 518
0020  0.969  0.988  1.000  0.940  0.975 516
0021  0.968  0.991  1.000  0.938  0.983 515
0022  0.967  0.991  1.000  0.936  0.983 514
0023  0.963  0.989  1.000  0.929  0.979 510
0024  0.959  0.985  1.000  0.922  0.971 506
0025  0.950  0.979  0.998  0.907  0.961 499
0026  0.948  0.981  0.998  0.903  0.965 497
0027  0.945  0.979  0.998  0.898  0.961 494
0028  0.945  0.979  0.998  0.898  0.961 494
0029  0.945  0.981  0.998  0.898  0.965 494
0030  0.945  0.985  0.998  0.898  0.972 494
0031  0.944  0.987  0.998  0.896  0.976 493
0032  0.944  0.987  0.998  0.896  0.976 493
0033  0.942  0.986  0.998  0.893  0.974 491
0034  0.942  0.989  0.998  0.893  0.980 491
0035  0.940  0.987  0.998  0.889  0.976 489
0036  0.938  0.987  0.998  0.885  0.976 487
0037  0.936  0.987  0.998  0.882  0.976 485
0038  0.934  0.985  0.998  0.878  0.972 483
0039  0.931  0.983  0.998  0.872  0.968 480
0040  0.930  0.983  0.998  0.871  0.968 479
0041  0.926  0.981  0.998  0.863  0.965 475
0042  0.926  0.981  0.998  0.863  0.965 475
0043  0.926  0.984  0.998  0.863  0.971 475
0044  0.926  0.986  0.998  0.863  0.975 475
0045  0.924  0.987  0.998  0.860  0.977 473
0046  0.924  0.988  0.998  0.860  0.979 473
0047  0.922  0.986  0.998  0.856  0.975 471
0048  0.921  0.985  0.998  0.854  0.973 470
0049  0.918  0.986  0.998  0.851  0.975 468
0050  0.918  0.990  0.998  0.851  0.983 468
0051  0.915  0.990  0.998  0.845  0.983 465
0052  0.913  0.991  0.998  0.842  0.985 463
0053  0.910  0.989  0.998  0.836  0.981 460
0054  0.908  0.989  0.998  0.832  0.981 458
0055  0.908  0.995  0.998  0.832  0.991 458
0056  0.907  0.995  0.998  0.831  0.991 457
0057  0.905  0.993  0.998  0.829  0.989 456
0058  0.904  0.992  0.998  0.827  0.987 455
0059  0.896  0.984  0.983  0.823  0.985 460
0060  0.894  0.981  0.983  0.820  0.980 458
0061  0.893  0.982  0.982  0.818  0.982 457
0062  0.892  0.981  0.982  0.816  0.980 456
0063  0.890  0.980  0.982  0.814  0.978 455
0064  0.889  0.980  0.982  0.812  0.978 454
0065  0.887  0.978  0.982  0.809  0.974 452
0066  0.886  0.980  0.982  0.807  0.978 451
0067  0.884  0.979  0.982  0.803  0.976 449
0068  0.884  0.981  0.982  0.803  0.980 449
0069  0.879  0.978  0.982  0.796  0.973 445
0070  0.876  0.975  0.982  0.791  0.969 442
0071  0.872  0.973  0.982  0.785  0.964 439
0072  0.871  0.977  0.982  0.783  0.973 438
0073  0.871  0.978  0.982  0.783  0.975 438
0074  0.870  0.981  0.982  0.781  0.979 437
0075  0.867  0.977  0.982  0.776  0.973 434
0076  0.866  0.978  0.982  0.774  0.975 433
0077  0.864  0.977  0.981  0.772  0.972 432
0078  0.862  0.976  0.981  0.769  0.970 430
0079  0.856  0.972  0.981  0.760  0.963 425
0080  0.855  0.973  0.981  0.758  0.965 424
0081  0.854  0.975  0.981  0.756  0.970 423
0082  0.854  0.978  0.981  0.756  0.974 423
0083  0.853  0.979  0.981  0.754  0.976 422
0084  0.849  0.979  0.981  0.749  0.976 419
0085  0.844  0.976  0.972  0.747  0.981 422
0086  0.837  0.970  0.971  0.736  0.969 416
0087  0.833  0.971  0.969  0.730  0.973 414
0088  0.827  0.969  0.968  0.721  0.971 409
0089  0.821  0.971  0.968  0.712  0.975 404
0090  0.816  0.970  0.970  0.705  0.970 399
0091  0.813  0.971  0.970  0.699  0.972 396
0092  0.809  0.971  0.969  0.694  0.972 393
0093  0.808  0.976  0.969  0.692  0.982 392
0094  0.801  0.973  0.969  0.683  0.977 387
0095  0.791  0.960  0.949  0.678  0.971 392
0096  0.787  0.961  0.949  0.672  0.974 389
0097  0.779  0.957  0.945  0.663  0.968 385
0098  0.777  0.959  0.945  0.659  0.973 383
0099  0.774  0.964  0.945  0.656  0.984 381
0100  0.774  0.965  0.947  0.654  0.984 379
0101  0.770  0.965  0.947  0.648  0.983 376
0102  0.763  0.958  0.946  0.639  0.970 371
0103  0.763  0.962  0.946  0.639  0.978 371
0104  0.763  0.964  0.946  0.639  0.983 371
0105  0.762  0.964  0.946  0.638  0.983 370
0106  0.763  0.968  0.949  0.638  0.989 369
0107  0.761  0.969  0.948  0.636  0.991 368
0108  0.760  0.968  0.948  0.634  0.989 367
0109  0.760  0.969  0.948  0.634  0.991 367
0110  0.757  0.968  0.948  0.630  0.989 365
0111  0.756  0.968  0.948  0.628  0.989 364
0112  0.752  0.963  0.947  0.623  0.980 361
0113  0.752  0.965  0.947  0.623  0.983 361
0114  0.750  0.965  0.947  0.621  0.983 360
0115  0.749  0.966  0.947  0.619  0.986 359
0116  0.748  0.966  0.947  0.617  0.985 358
0117  0.748  0.967  0.947  0.617  0.988 358
0118  0.748  0.967  0.947  0.617  0.988 358
0119  0.746  0.968  0.947  0.616  0.991 357
0120  0.740  0.960  0.931  0.614  0.991 362
0121  0.737  0.959  0.931  0.610  0.988 360
0122  0.729  0.952  0.929  0.599  0.976 354
0123  0.727  0.956  0.932  0.596  0.982 351
0124  0.722  0.956  0.931  0.590  0.982 348
0125  0.717  0.955  0.935  0.581  0.976 341
0126  0.711  0.955  0.935  0.574  0.975 337
0127  0.711  0.959  0.935  0.574  0.984 337
0128  0.708  0.957  0.934  0.570  0.981 335
0129  0.704  0.958  0.934  0.565  0.984 332
0130  0.688  0.935  0.895  0.559  0.978 343
0131  0.685  0.934  0.894  0.556  0.978 341
0132  0.681  0.935  0.893  0.550  0.981 338
0133  0.676  0.933  0.893  0.545  0.977 335
0134  0.675  0.936  0.892  0.543  0.983 334
0135  0.671  0.934  0.889  0.539  0.983 333
0136  0.665  0.931  0.888  0.532  0.980 329
0137  0.666  0.936  0.890  0.532  0.986 328
0138  0.664  0.936  0.890  0.530  0.986 327
0139  0.662  0.935  0.892  0.526  0.983 324
0140  0.651  0.926  0.890  0.514  0.966 317
0141  0.645  0.922  0.888  0.506  0.959 313
0142  0.643  0.925  0.893  0.503  0.958 309
0143  0.640  0.930  0.893  0.499  0.972 307
0144  0.634  0.925  0.891  0.492  0.961 303
0145  0.631  0.926  0.890  0.488  0.964 301
0146  0.627  0.932  0.890  0.485  0.978 299
0147  0.616  0.918  0.887  0.472  0.952 292
0148  0.609  0.917  0.885  0.464  0.951 288
0149  0.603  0.923  0.884  0.457  0.965 284
0150  0.597  0.923  0.885  0.450  0.965 279
0151  0.591  0.922  0.881  0.444  0.968 277
0152  0.590  0.931  0.884  0.443  0.984 275
0153  0.580  0.924  0.878  0.434  0.975 271
0154  0.575  0.920  0.877  0.428  0.967 268
0155  0.575  0.923  0.877  0.428  0.975 268
0156  0.575  0.931  0.877  0.428  0.992 268
0157  0.568  0.922  0.875  0.421  0.975 264
0158  0.565  0.923  0.874  0.417  0.979 262
0159  0.559  0.921  0.873  0.412  0.974 259
0160  0.553  0.921  0.874  0.404  0.974 254
0161  0.535  0.881  0.814  0.399  0.961 269
0162  0.522  0.869  0.803  0.386  0.946 264
0163  0.515  0.862  0.798  0.381  0.937 262
0164  0.509  0.861  0.798  0.373  0.936 257
0165  0.491  0.842  0.779  0.359  0.916 253
0166  0.489  0.850  0.783  0.355  0.929 249
0167  0.479  0.839  0.776  0.346  0.913 245
0168  0.479  0.843  0.776  0.346  0.922 245
0169  0.472  0.840  0.770  0.341  0.926 243
0170  0.463  0.829  0.765  0.332  0.905 238
0171  0.457  0.824  0.756  0.328  0.905 238
0172  0.456  0.831  0.758  0.326  0.918 236
0173  0.452  0.827  0.756  0.322  0.912 234
0174  0.448  0.824  0.751  0.319  0.911 233
0175  0.438  0.807  0.737  0.311  0.891 232
0176  0.434  0.805  0.738  0.308  0.885 229
0177  0.436  0.813  0.744  0.308  0.894 227
0178  0.433  0.808  0.740  0.306  0.889 227
0179  0.422  0.793  0.728  0.297  0.872 224
0180  0.422  0.795  0.728  0.297  0.876 224
0181  0.411  0.768  0.688  0.293  0.870 234
0182  0.409  0.769  0.687  0.291  0.874 233
0183  0.408  0.770  0.688  0.290  0.874 231
0184  0.403  0.760  0.680  0.286  0.863 231
0185  0.403  0.762  0.680  0.286  0.867 231
0186  0.401  0.767  0.681  0.284  0.876 229
0187  0.396  0.757  0.672  0.281  0.865 229
0188  0.395  0.757  0.677  0.279  0.860 226
0189  0.377  0.729  0.656  0.264  0.819 221
0190  0.368  0.723  0.650  0.257  0.815 217
0191  0.360  0.717  0.636  0.251  0.821 217
0192  0.354  0.714  0.631  0.246  0.823 214
0193  0.350  0.713  0.630  0.242  0.821 211
0194  0.336  0.696  0.611  0.231  0.809 208
0195  0.336  0.700  0.611  0.231  0.819 208
0196  0.331  0.693  0.604  0.228  0.812 207
0197  0.321  0.674  0.590  0.220  0.786 205
0198  0.316  0.667  0.580  0.217  0.783 205
0199  0.311  0.665  0.586  0.211  0.768 198
0200  0.290  0.611  0.524  0.200  0.733 210
0201  0.296  0.627  0.536  0.204  0.757 209
0202  0.283  0.608  0.517  0.195  0.738 207
0203  0.276  0.598  0.510  0.189  0.722 204
0204  0.274  0.599  0.507  0.188  0.730 203
0205  0.275  0.604  0.512  0.188  0.736 201
0206  0.270  0.601  0.508  0.184  0.737 199
0207  0.263  0.587  0.497  0.179  0.715 197
0208  0.262  0.589  0.492  0.179  0.731 199
0209  0.257  0.584  0.485  0.175  0.733 198
0210  0.257  0.585  0.487  0.175  0.733 197
0211  0.251  0.574  0.482  0.169  0.710 193
0212  0.251  0.579  0.482  0.169  0.727 193
0213  0.251  0.581  0.482  0.169  0.732 193
0214  0.251  0.581  0.482  0.169  0.732 193
0215  0.251  0.583  0.482  0.169  0.738 193
0216  0.246  0.576  0.479  0.166  0.722 190
0217  0.247  0.583  0.484  0.166  0.734 188
0218  0.240  0.579  0.478  0.160  0.733 184
0219  0.234  0.564  0.462  0.157  0.723 186
0220  0.219  0.539  0.442  0.146  0.690 181
0221  0.212  0.533  0.433  0.140  0.694 178
0222  0.204  0.525  0.423  0.135  0.692 175
0223  0.210  0.543  0.437  0.138  0.717 174
0224  0.195  0.498  0.392  0.129  0.683 181
0225  0.182  0.480  0.375  0.120  0.667 176
0226  0.178  0.485  0.374  0.117  0.688 171
0227  0.165  0.463  0.358  0.107  0.656 165
0228  0.147  0.411  0.308  0.097  0.616 172
0229  0.148  0.422  0.314  0.097  0.646 169
0230  0.137  0.403  0.299  0.089  0.620 164
0231  0.130  0.388  0.289  0.084  0.590 159
0232  0.120  0.357  0.257  0.078  0.581 167
0233  0.123  0.368  0.263  0.080  0.611 167
0234  0.120  0.363  0.261  0.078  0.597 165
0235  0.113  0.348  0.248  0.073  0.580 161
0236  0.102  0.321  0.231  0.066  0.529 156
0237  0.091  0.294  0.211  0.058  0.485 152
0238  0.086  0.278  0.199  0.055  0.462 151
0239  0.075  0.249  0.178  0.047  0.413 146
0240  0.075  0.256  0.184  0.047  0.419 141
0241  0.069  0.235  0.166  0.044  0.407 145
0242  0.066  0.231  0.161  0.042  0.411 143
0243  0.067  0.238  0.163  0.042  0.442 141
0244  0.056  0.204  0.141  0.035  0.373 135
0245  0.051  0.180  0.118  0.033  0.383 153
0246  0.051  0.181  0.118  0.033  0.383 152
0247  0.052  0.187  0.122  0.033  0.400 148
0248  0.052  0.188  0.122  0.033  0.409 147
0249  0.049  0.182  0.119  0.031  0.386 143
0250  0.051  0.207  0.140  0.031  0.395 121
0251  0.051  0.211  0.144  0.031  0.395 118
0252  0.048  0.201  0.137  0.029  0.381 117
0253  0.048  0.203  0.137  0.029  0.390 117
0254  0.039  0.170  0.115  0.024  0.325 113
0255  0.036  0.148  0.096  0.022  0.324 125
0256  0.033  0.136  0.088  0.020  0.297 125
0257  0.033  0.136  0.088  0.020  0.297 125
0258  0.033  0.138  0.089  0.020  0.314 124
0259  0.033  0.140  0.089  0.020  0.324 123
0260  0.033  0.142  0.091  0.020  0.324 121
0261  0.033  0.145  0.093  0.020  0.324 118
0262  0.030  0.135  0.088  0.018  0.294 114
0263  0.030  0.137  0.089  0.018  0.294 112
0264  0.030  0.138  0.090  0.018  0.294 111
0265  0.030  0.141  0.090  0.018  0.323 111
0266  0.024  0.113  0.073  0.015  0.258 110
0267  0.027  0.128  0.082  0.016  0.290 110
