# File: bricks/rotate Algorithm = FH-BRIEF-KLT  skip 8 tolerance = 5.0
# (time tick) ( F ) ( F all inside) (precision) (recall) (recall all inside) (tracks)
0008  0.892  0.909  0.983  0.816  0.845 420
0016  0.732  0.768  0.935  0.601  0.652 325
0024  0.610  0.667  0.875  0.468  0.539 271
0032  0.581  0.655  0.860  0.439  0.529 258
0040  0.525  0.599  0.823  0.385  0.471 237
0048  0.694  0.802  0.916  0.559  0.713 309
0056  0.624  0.722  0.869  0.486  0.618 283
0064  0.606  0.711  0.874  0.464  0.599 269
0072  0.683  0.795  0.944  0.536  0.687 287
0080  0.480  0.560  0.805  0.342  0.429 215
0088  0.528  0.614  0.847  0.383  0.482 229
0096  0.514  0.576  0.815  0.375  0.445 233
0104  0.780  0.835  0.979  0.648  0.728 335
0112  0.820  0.839  0.983  0.704  0.731 362
0120  0.821  0.826  0.978  0.708  0.714 366
