# GENERATOR FiducialRegression
# Elapsed time in milliseconds

BinaryRobust
                              N       Mean      P05      P50      P95      MAX
  distance_angle               10  19.0452  10.3495  12.9814  19.0038  66.6402
  distance_straight            10   8.6698  6.44202  8.43201  9.89762  10.6366
  motion_blur                   9  10.6522  6.53475   10.372  12.9056  13.8755
  rotation                     12  11.4733  7.64823  10.9127  14.5566  18.7609
  static_front_close          101  3.14303  2.95772  3.13093  3.30478  3.94871
  static_front_far            100  2.03165  1.84216  2.01838  2.24379  2.33737
  static_scene                101  4.63115  4.37632   4.6203  4.95775  5.04559
  set01                       373  2.38374  1.83937  2.34218  2.93288  5.54674

BinaryFast
                              N       Mean      P05      P50      P95      MAX
  distance_angle               10   1.9565  1.26274  1.86867   2.3392  2.71269
  distance_straight            10  1.95551  1.48399  1.83109  2.32266  2.47883
  motion_blur                   9  3.90687  2.81497  3.90113  4.94694  5.18725
  rotation                     12  1.34303  .843641  1.44594  1.78255  1.85081
  static_front_close          101  .497492   .47826  .492269  .530284  .657897
  static_front_far            100  .552435  .526496  .548988  .584412   .67472
  static_scene                101  2.77869  2.57383  2.73363  3.06601  3.47096
  set01                       373  1.12359  .725166  1.10866  1.62314  2.23569

ImageRobust
                              N       Mean      P05      P50      P95      MAX
  distance_angle                9  8.28538  6.82989   8.0922  9.29876  9.59091
  distance_straight             9  6.95258    5.026  6.50399  9.24996  9.98984
  hard                         11  15.2075  7.15045  15.9467   20.142  21.7905
  motion_blur                   8  6.03572  3.09538  5.58497  7.63693    8.644
  rotation                     13  9.30056  5.57109  9.31702   10.587  12.6643
  static_front_close          193  2.68864  2.59221   2.6879  2.79149  3.44765
  static_front_far            100  2.91977  2.48725  2.90203   3.3119   3.6083
  static_scene                308  6.37128  5.75285  6.40834  6.83944   7.2025
  set01                       411  3.04436  2.26496  3.08105  3.74392  4.32678

ImageFast
                              N       Mean      P05      P50      P95      MAX
  distance_angle                9   2.2659  1.70745  2.17544  2.60525  2.67323
  distance_straight             9  1.69547  1.15933  1.47161  2.23367  2.65356
  hard                         11  7.15223  5.36491  6.89749  9.29772  9.36355
  motion_blur                   8  4.23075  3.68802  4.03671  4.50643  5.36708
  rotation                     13  1.31934  .985843  1.35516  1.50583  1.81147
  static_front_close          193  .647784  .624551  .643004  .690138  .746638
  static_front_far            100  1.06183  .914492  1.05186  1.24012   1.8586
  static_scene                308  4.76896  4.43465  4.76319  5.04825  8.53632
  set01                       411  1.62811   1.2031  1.61001  2.12871  2.39496

ChessboardBinary
                              N       Mean      P05      P50      P95      MAX
  distance_angle                6  17.3877  7.84631  13.2375  18.5304  42.1942
  distance_straight             8  7.61983  6.63472  7.44833  8.35161  8.54806
  distant                       7  20.1304  11.8465  17.1243  27.6983  34.5388
  motion_blur                  13   5.3544  4.14127   5.5221  5.93762  6.47347
  rotation_flat                12  15.1818  11.8805  14.2443  18.6603  21.4147
  rotation_vertical             7  6.42672  5.85287  6.26199  7.21353  7.27105
  shadow                       15  14.5759  7.40085  13.4118  21.6249  24.5087
  front_close                 201  5.91705  5.41859  5.89187  6.39103  11.9188
  front_far                   201  5.78332  5.39685  5.75312  6.27212  6.59406
  set01                       959  4.83686  4.10337  4.89262  5.49204  10.1501

ChessboardXCorner
                              N       Mean      P05      P50      P95      MAX
  distance_angle                6   28.419  16.9477  18.0592  26.6363  70.1577
  distance_straight             8  15.7815  14.5278  15.6745   16.339  17.2344
  distant                       7  22.6636  19.4529  21.5252  25.1202  27.2792
  motion_blur                  13  8.21197  7.89248  8.07148  9.04012  9.29615
  rotation_flat                12  20.2958  18.8253  20.3149  21.5387  22.3644
  rotation_vertical             7  14.5307  14.0421  14.3006   14.852  15.5149
  shadow                       15  19.6945  11.7187  19.9528  28.1228   29.367
  front_close                 201  9.55696  9.26089   9.5366   9.9215  10.2126
  front_far                   201  10.2043  9.93885  10.1625   10.537  10.7088
  set01                       959  8.93302  8.45224  8.84626  9.64657  13.8665

SquareGrid
                              N       Mean      P05      P50      P95      MAX
  distance_angle                6  6.89102  4.28312  5.71661  8.80033  10.8382
  distance_straight             7  3.78636  3.24726  3.71232  4.28418  4.66972
  distant                       7  8.65229  5.85936  8.33556  9.64713  12.2502
  motion_blur                   8  1.84236   1.7118  1.88133  1.91908  1.92033
  rotation                      7   3.0914  2.95764  3.02266  3.25311  3.33079
  front_close                 200  3.20774  2.88525  3.21183  3.53101   3.7715
  front_far                   200  4.39792  3.67007  4.40371  5.11483  5.74163
  set0                        368  1.69002  1.47479  1.68028  1.91553  2.23844

CircleHexagonal
                              N       Mean      P05      P50      P95      MAX
  distance_angle               11  10.4426  7.90206  9.31576  11.5918  21.7669
  distance_straight            12  7.05655  5.45178  7.24973  7.84145  7.86836
  motion_blur                  13  2.94802  1.80111  3.10246  3.43334  3.93007
  rotation                      9  6.30775  5.79937  6.33446  6.53265  6.63974
  angled_5x6                   52  6.84924   6.3262   6.8158  7.53133  8.05258
  front_close_24x28            45  31.4384   29.842  31.0759  34.5601  35.3505
  front_close_5x6              47  3.43336  3.26453  3.43441  3.63898  3.67643
  front_far_5x6                55  5.91551  5.34428  5.87189  6.39432  6.64721
  24x28_hard                   14  21.0316  5.76698  20.9831   24.917  31.4496
  24x28_set0                   59  24.8803  24.1837   24.808  25.8096  26.2546
  5x6_hard                      2  3.35295  3.09929  3.09929  3.09929  3.60661
  5x6_set0                     68  5.32905  3.80343  4.80387  8.26421  8.95569

CircleRegular
                              N       Mean      P05      P50      P95      MAX
  distance_angle               12  4.96344  3.84009  4.97477  5.63052  5.72342
  distance_straight            14  4.72848  3.51483  4.86579  5.38501   5.6281
  motion_blur                  12  2.15502  1.53134  2.21997  2.47876  2.54436
  rotation                      9  6.68841  4.75904  6.93832  8.20033  8.32165
  angled                      100  6.32465  5.67581  6.33433   6.9144  7.04772
  front_close                 100  4.09588  3.80846  4.09838  4.33758  4.54899
  front_far                   100  5.03381  4.49083  5.01353  5.56999  5.65139
  set01                       141  5.31189  3.28122  5.45433  6.38971  6.60369
  set02                        16  9.43052   5.8207  7.55774  16.2892  17.0949

Uchiya
                              N       Mean      P05      P50      P95      MAX
  distance                     24  32.8222  12.4654  31.1795  51.1567  70.5568
  highres_lots                  8  511.032  428.883  473.791  576.916  697.131
  highres_rotate_z             19  675.869  421.268  625.929  904.727  922.877
  motion_blur                  15  17.1057   2.7587  16.8755  33.6624  47.3483
  rotate_x                     16  29.1025  15.0805  30.2911  35.0366  38.8303
  rotate_z                     19  35.9837  32.5722  35.8492  41.1787  44.1245
  shadow_overlapping           11  34.8748  30.6898  34.3637  38.6486  38.7517
  static01                    106  27.6855  25.4375  27.1841  29.5367  59.4138
  static02                    107  31.9267  29.6934  31.8035  33.9513  36.8838
  visible01                   211  34.4173  30.8158  34.3346  38.7872  40.6704

Summary:
                              N       Mean      P05      P50      P95      MAX
  BinaryRobust                716  3.33546   1.8703  2.50983  7.85575  66.6402
  BinaryFast                  716  1.25089  .490094  1.05869  2.85176  5.18725
  ImageRobust                1062  4.23549  2.47848  3.21161  6.83054  21.7905
  ImageFast                  1062  2.38656   .63901  1.67199  4.95261  9.36355
  ChessboardBinary           1429  5.46672  4.14587  5.13679  6.35032  42.1942
  ChessboardXCorner          1429  9.61626  8.45766  9.19063  10.4914  70.1577
  SquareGrid                  803  2.87404   1.5161  2.97415  4.82491  12.2502
  CircleHexagonal             387  12.1026  3.30857  6.51108  31.1148  35.3505
  CircleRegular               504  5.27205  3.77993  5.28551  6.88413  17.0949
  Uchiya                      536  61.7908  25.6238  32.3675  70.5568  922.877
