# GENERATOR QrCodeRegression
# Elapsed time in milliseconds

default
                              N       Mean      P05      P50      P95      MAX
  blurred                      53  35.0268  1.66283  10.3419  122.052  149.925
  bright_spots                 33  79.8601  1.10344  105.246  126.021  128.485
  brightness                   28  74.6187  3.85789  85.3999  117.688  129.648
  close                        42  56.1046   1.7899  66.3869   106.98   112.08
  curved                       67  30.8582  2.90999   10.942  106.167   116.97
  damaged                      48  16.0213  3.90869  12.1038  27.4127  78.5593
  glare                        56  23.3299  1.92015  8.46243  79.8319  97.8943
  high_version                 34  26.9826   1.9782  22.8919   61.853  81.3329
  lots                          8  198.518  22.7811  219.363  232.381  240.806
  monitor                      25  47.8457  16.8293  44.8304  78.1978  94.2767
  nominal                     125  16.8004  2.99238  13.7001  60.4878  92.9008
  noncompliant                 67  10.5809  2.14953  9.69977   17.875  34.4491
  pathological                 26  1.17095  .668006  .851063  3.48994  4.02876
  perspective                  43  5.96833  4.23127  4.42153  12.7328  12.9162
  rotations                    44  20.7133  17.8784   19.897  24.9921  27.1183
  shadows                      19  27.6237  4.19828  21.2574  88.9556  90.8475

Summary:
                              N       Mean      P05      P50      P95      MAX
  default                     718  29.6859  1.79677  14.4989  109.942  240.806
