# GENERATOR QrCodeRegression
# Elapsed time in milliseconds

default
                              N       Mean      P05      P50      P95      MAX
  blurred                      45   37.567  1.67304  9.64832  112.662  144.674
  bright_spots                 32  77.5164  1.08976  100.554  117.654   120.09
  brightness                   28  71.0599  2.60832  83.7868    110.5   124.75
  close                        40  57.2537  .675298  69.3152  105.532  109.976
  curved                        5  2.53016  1.98161  2.64392  2.68836  2.70292
  damaged                      37  16.0351  3.57643   10.912  49.4422   76.845
  glare                        50  24.5139  1.95653  9.07335   78.053  95.6343
  high_version                 33  21.8425  1.89294  22.0682  43.2756  53.7354
  lots                          7  178.515  171.371  172.677  186.116  196.047
  monitor                      17  58.0174  19.4454  64.0506   76.748  91.5641
  nominal                      65  16.7733  2.02671  6.15661  63.1192  89.5855
  noncompliant                 16  9.88064    1.786   5.7427  22.9235  33.9612
  pathological                 23  .826471  .664223  .817839  1.00172  1.07902
  perspective                  35  4.53125   4.2957   4.4262  4.75636  7.06952
  rotations                    44    20.14  17.3144  19.5587  23.4917  25.5809
  shadows                      14  31.7208  4.18398  21.0515  87.3511  88.8162

Summary:
                              N       Mean      P05      P50      P95      MAX
  default                     491  32.5772  1.06208  16.6375  107.288  196.047
