# GENERATOR FiducialRegression
# Elapsed time in milliseconds

BinaryRobust
                              N       Mean      P05      P50      P95      MAX
  distance_angle               10  18.5732  9.80237   12.327  18.1968  64.2059
  distance_straight            10  8.56006  6.89526  8.85209   9.3086  9.53186
  motion_blur                   9  10.8859  6.79307  10.5584  12.9519  14.7458
  rotation                     12  11.4355  7.50556  11.1383  14.4764   17.581
  static_front_close          101  3.10345  2.93867  3.09443  3.27004  3.85279
  static_front_far            100  2.02486  1.81254   2.0132  2.24253   2.3322
  static_scene                101  4.66627  4.41721  4.64041  4.92831  5.38082
  set01                       373  2.40206  1.86468  2.35009  2.96457  4.67776

BinaryFast
                              N       Mean      P05      P50      P95      MAX
  distance_angle               10  1.94091  1.23045   1.7739  2.29326  2.78754
  distance_straight            10  1.96456   1.4794  1.84766  2.37594  2.51646
  motion_blur                   9  3.89517  2.74537  3.90544   4.9612  5.27567
  rotation                     12  1.35963  .873083  1.43772  1.77832  1.90099
  static_front_close          101   .53242  .506734  .521861  .578976  .789664
  static_front_far            100  .553612  .524759  .552086  .575972  .704629
  static_scene                101  2.79289  2.59579   2.7571  3.09199  3.43514
  set01                       373  1.12401  .735943  1.10175  1.65384  2.30127

ImageRobust
                              N       Mean      P05      P50      P95      MAX
  distance_angle                9  8.24989  6.83562  8.08016  9.34403  9.54719
  distance_straight             9  6.94084  5.01619  6.50022  9.21995  9.84433
  hard                         11  15.0533  7.20503  16.0881  20.0444  21.0256
  motion_blur                   8  6.12707  3.15849  5.58949  7.77869  8.81008
  rotation                     13  9.33895  5.65845  9.39494  10.5196  13.2371
  static_front_close          193  2.67387  2.58494  2.66726  2.77156  3.39665
  static_front_far            100  2.92159  2.50821  2.92436  3.30709  3.64133
  static_scene                308  5.94276    5.595  5.93932  6.24639  6.67506
  set01                       411  2.96158  2.17592  2.97235  3.66494  4.22174

ImageFast
                              N       Mean      P05      P50      P95      MAX
  distance_angle                9  2.17996   1.6206  2.10954  2.51843  2.58391
  distance_straight             9  1.55982  1.08987  1.35189  2.06592  2.57129
  hard                         11  6.56982  4.69234  6.27023  8.63618  8.81608
  motion_blur                   8  3.73724  3.28417  3.56513  3.98208  4.77878
  rotation                     13  1.23204  .979543  1.25318  1.40574  1.67665
  static_front_close          193  .615548  .592542  .610065  .655913  .691574
  static_front_far            100  1.01685  .880328  1.01063  1.20571  1.71418
  static_scene                308  4.22907  3.93118  4.24217  4.49083  4.68706
  set01                       411  1.54356  1.11883  1.53863  2.00219   2.3541

ChessboardBinary
                              N       Mean      P05      P50      P95      MAX
  distance_angle                6  16.2545   8.7397    9.262  19.8354   40.896
  distance_straight             8  8.04167  6.82064  8.09417  8.72261  8.80935
  distant                       7  21.6522  12.6872  18.2266  27.4427  41.6227
  motion_blur                  13  5.80569  4.57623  5.90548  6.35787  6.59929
  rotation_flat                12  16.2097  12.3996  15.2299  19.8159  23.1682
  rotation_vertical             7  6.64877  6.03468  6.40268  7.46091  7.61993
  shadow                       15  15.4653   7.8194  14.3108  22.9485   26.002
  front_close                 201  6.30281  5.86268  6.28346  6.87598  7.34928
  front_far                   201  6.24793  5.78814  6.17985  6.75004  11.7984
  set01                       959   5.1229  4.39834  5.20494  5.80746  6.14894

ChessboardXCorner
                              N       Mean      P05      P50      P95      MAX
  distance_angle                6  28.4622  17.3995  19.6355  25.8437  69.7684
  distance_straight             8  16.0908  14.8958  16.0278  16.8526  17.5147
  distant                       7  22.3823  19.8764  21.5531  24.5566  26.0347
  motion_blur                  13  8.09468   7.8141  8.02454  8.65338   8.8572
  rotation_flat                12  20.4068   19.047  20.4018  21.4325  22.7401
  rotation_vertical             7  14.5947  14.1197  14.4604   14.995  15.1239
  shadow                       15  19.9587  11.8923   20.188  28.6057   30.014
  front_close                 201  9.65254  9.33712  9.64125   10.053  10.3472
  front_far                   201  10.4825   10.233  10.4581  10.8328  11.1701
  set01                       959  8.94586  8.43109  8.85383  9.71028  10.2321

SquareGrid
                              N       Mean      P05      P50      P95      MAX
  distance_angle                6  6.17308  4.13598  5.06384   6.9218  10.5978
  distance_straight             7  3.49063  2.90479  3.28542  4.01325  4.46549
  distant                       7  8.32856  5.44187  8.09754   9.8705   11.623
  motion_blur                   8  1.89838   1.7142  1.88492  1.98552  2.09462
  rotation                      7  3.21804  3.06688  3.19287  3.35365  3.50327
  front_close                 200  3.22116  2.92386   3.2085  3.54882  3.78269
  front_far                   200  4.44116  3.70511  4.43516  5.15693  5.80308
  set0                        368  1.74313  1.52399  1.72542   1.9737  3.06543

CircleHexagonal
                              N       Mean      P05      P50      P95      MAX
  distance_angle               11  10.3329  8.00698  9.58827  11.1784  20.6471
  distance_straight            12  7.04139  5.64623  7.05579  7.71463  7.84458
  motion_blur                  13   2.9957  1.86157  3.17427   3.4823  3.52164
  rotation                      9  6.65967  5.85849  6.77524   6.8757    7.456
  angled_5x6                   52  6.95297  6.41096  6.86898  7.42452  7.57255
  front_close_24x28            45  31.8442  30.2696  31.6782  34.7063  35.7811
  front_close_5x6              47  3.54447  3.32742  3.54292  3.73792  3.82854
  front_far_5x6                55  6.02601  5.54373  6.00384   6.5464  6.66345
  24x28_hard                   14  20.9489  5.78031  20.9216  25.4144  30.6733
  24x28_set0                   59  25.4104  24.4922  25.1016  26.0591   41.271
  5x6_hard                      2  3.45017  3.13656  3.13656  3.13656  3.76377
  5x6_set0                     68  5.38196  3.88169  4.80951  8.36485  8.97711

CircleRegular
                              N       Mean      P05      P50      P95      MAX
  distance_angle               12  5.03119  3.93227  5.04381  5.71719  5.76645
  distance_straight            14  4.70401  3.50915  4.78679  5.33094  5.64586
  motion_blur                  12  2.21179  1.57152  2.23973  2.52437  2.68654
  rotation                      9  6.81094  4.89922  7.09664  8.30036  8.43532
  angled                      100  6.42423  5.74732  6.41824  7.02358  7.18468
  front_close                 100  4.14083  3.85851  4.14536  4.39857  4.59719
  front_far                   100  5.21144  4.58183  5.11609  5.67217  10.4137
  set01                       141  5.35537  3.24862  5.49408   6.4866  6.66252
  set02                        16   9.4786   5.8794  7.58096  16.4363  17.1316

Uchiya
                              N       Mean      P05      P50      P95      MAX
  distance                     24  30.7924  12.5514   30.692  35.5038  71.6757
  highres_lots                  8  503.052  429.138  475.275  572.344    635.5
  highres_rotate_z             19  685.114  423.692  628.725  884.771  986.725
  motion_blur                  15   21.965  2.76939  16.2905  39.8224  119.885
  rotate_x                     16  29.8514  16.5761  31.1595  35.3617  37.7744
  rotate_z                     19  40.7017  32.2484   35.451  42.5874  135.883
  shadow_overlapping           11  38.8894  31.7123  34.6194  38.1199   81.494
  static01                    106  26.6434   24.473  26.6648  29.0501  30.5606
  static02                    107  30.8262  28.8938  30.7073  32.4358  48.5208
  visible01                   211  34.1148  30.5535  33.9806  38.4818  46.3649

Summary:
                              N       Mean      P05      P50      P95      MAX
  BinaryRobust                716  3.33761  1.87792  2.53976  7.85136  64.2059
  BinaryFast                  716  1.25824  .518274  1.05383  2.85491  5.27567
  ImageRobust                1062  4.07582  2.41101  3.15856  6.27396  21.0256
  ImageFast                  1062  2.17446  .605816  1.57477  4.40373  8.81608
  ChessboardBinary           1429  5.80651  4.44824  5.44151  6.81505  41.6227
  ChessboardXCorner          1429  9.68094   8.4396  9.22997  10.7622  69.7684
  SquareGrid                  803  2.90339   1.5573  2.99341  4.88925   11.623
  CircleHexagonal             387  12.2868  3.41736  6.71649  31.8274   41.271
  CircleRegular               504  5.35414  3.82925    5.339  7.00263  17.1316
  Uchiya                      536  61.7717  24.5385  31.7657  135.883  986.725
