# GENERATOR DetectDescribeRegression
# Elapsed time in milliseconds

BoofSURF-Fast
                              N       Mean      P05      P50      P95      MAX
  bikes/                        6  169.796  117.031  138.703  161.291   315.49
  boat/                         6  159.485  136.868  157.246  167.246  185.612
  graf/                         6  151.079  144.771  150.126  155.447   157.89
  leuven/                       6  128.592  109.697  123.392   138.91  151.403
  ubc/                          6  139.595   120.91  141.108  146.278  150.091
  trees/                        6  203.044  172.812    200.8  214.953   218.85
  wall/                         6  187.399  178.597  180.672  183.959  218.952
  bark/                         6   111.28  107.014  108.356  115.304  116.169

BoofSURF-Fast_Color
                              N       Mean      P05      P50      P95      MAX
  bikes/                        6  252.754  175.679  229.644  283.028  360.575
  boat/                         6  154.118  136.599   142.76  167.202  177.808
  graf/                         6  290.613  271.867  290.479  300.572   305.38
  leuven/                       6   235.46  184.634  219.727  258.029  296.672
  ubc/                          6  265.192   219.62  269.326  281.448  288.692
  trees/                        6  394.152  322.717  388.345   421.95  435.859
  wall/                         6  370.827  352.194  356.366  362.688  437.336
  bark/                         6  214.126  202.879  206.002  224.128  226.395

BoofSURF-Stable
                              N       Mean      P05      P50      P95      MAX
  bikes/                        6  334.819  201.335  283.953  370.505  567.921
  boat/                         6  387.973  322.531  340.884    438.9  475.521
  graf/                         6  405.776  374.132  407.959  423.141  426.938
  leuven/                       6  307.278  235.328  289.732  348.126   391.96
  ubc/                          6  370.106  292.169  378.417  398.841  407.492
  trees/                        6   560.33  441.018  548.381  606.114  629.662
  wall/                         6  532.919  505.412  514.048  522.428  628.447
  bark/                         6  300.973  284.458  286.516   316.02  322.801

BoofSURF-Stable_Color
                              N       Mean      P05      P50      P95      MAX
  bikes/                        6  475.223  291.036  421.833  555.253  715.552
  boat/                         6  389.127  324.594  342.464   439.18  476.284
  graf/                         6  613.873  568.362  616.202  638.684  647.863
  leuven/                       6  462.115  346.703  437.452  525.283  596.285
  ubc/                          6  551.628  420.278  565.838  600.235  615.252
  trees/                        6  841.195  658.435  826.352  910.387  946.783
  wall/                         6  805.133   760.22  774.916  789.193  954.548
  bark/                         6  451.635  425.481  430.071  474.519  484.872

BoofSIFT
                              N       Mean      P05      P50      P95      MAX
  bikes/                        6  419.032  345.383   380.37  404.844  613.415
  boat/                         6   406.36  391.222  406.779  415.554  418.786
  graf/                         6  263.081  246.162  263.164  266.673  275.825
  leuven/                       6  329.592   324.64   325.56  335.193   336.66
  ubc/                          6  392.532  352.955  398.577  401.504  410.574
  trees/                        6  509.599   460.59  512.544  523.505  526.047
  wall/                         6  520.254  505.759  506.733   520.79  566.393
  bark/                         6  351.184  339.486  347.057  359.318  369.113


Summary:
                              N       Mean      P05      P50      P95      MAX
  BoofSURF-Fast                48  156.284  108.356  150.126  214.953   315.49
  BoofSURF-Fast_Color          48  272.155   142.76  269.326  410.169  437.336
  BoofSURF-Stable              48  400.022  244.091  387.392  589.131  629.662
  BoofSURF-Stable_Color        48  573.741  333.541  555.253  884.979  954.548
  BoofSIFT                     48  398.954  263.164  391.571  523.505  613.415
