# list of hand selected 2D points
115.48387096774194000000 256.12903225806450000000
150.64516129032256000000 180.32258064516128000000
214.51612903225805000000 257.41935483870970000000
237.09677419354838000000 210.64516129032256000000
258.38709677419354000000 182.25806451612902000000
282.25806451612900000000 212.58064516129030000000
324.19354838709677000000 187.09677419354838000000
333.54838709677420000000 175.80645161290323000000
344.19354838709677000000 188.06451612903226000000
266.77419354838710000000 271.93548387096774000000
396.45161290322580000000 197.41935483870967000000
370.64516129032256000000 256.77419354838710000000
381.63548387096770000000 290.86290322580630000000
275.16129032258060000000 383.87096774193550000000
138.06451612903226000000 302.58064516129030000000
169.96774193548364000000 360.83548387096750000000
204.83870967741936000000 384.19354838709677000000
161.61290322580643000000 448.70967741935480000000
207.74193548387098000000 421.93548387096774000000
252.19516129032291000000 404.31129032258040000000
267.41935483870970000000 458.70967741935480000000
200.64516129032256000000 447.41935483870964000000
184.51612903225805000000 460.96774193548384000000
225.16129032258064000000 461.93548387096774000000
288.70967741935480000000 468.06451612903226000000
311.61290322580646000000 445.16129032258060000000
354.83870967741933000000 467.09677419354836000000
296.12903225806450000000 417.09677419354836000000
367.35645161290360000000 357.43225806451574000000
380.00000000000000000000 446.12903225806450000000
