# Hand selected points
SETS
221.81818181818180000000 270.18181818181820000000 262.00000000000000000000 204.36363636363637000000 304.54545454545456000000 270.72727272727275000000
326.36363636363640000000 229.45454545454547000000 345.45454545454544000000 206.72727272727272000000 362.36363636363640000000 231.09090909090910000000
393.09090909090907000000 211.27272727272728000000 400.90909090909093000000 203.27272727272728000000 406.36363636363640000000 212.54545454545453000000
350.54545454545456000000 279.09090909090907000000 444.72727272727275000000 220.54545454545453000000 424.18181818181820000000 268.54545454545456000000
428.18181818181820000000 298.18181818181820000000 340.18181818181820000000 385.81818181818180000000 237.09090909090910000000 312.18181818181820000000
254.36363636363637000000 362.72727272727275000000 283.63636363636360000000 386.90909090909093000000 231.09090909090910000000 464.18181818181820000000
276.36363636363640000000 426.00000000000000000000 320.36363636363640000000 405.27272727272725000000 327.27272727272725000000 465.45454545454544000000
252.00000000000000000000 472.72727272727275000000 268.54545454545456000000 452.90909090909093000000 290.90909090909093000000 470.36363636363640000000
342.72727272727275000000 473.81818181818180000000 364.36363636363640000000 445.27272727272725000000 399.63636363636360000000 467.63636363636360000000
353.08636363636350000000 417.83636363636367000000 416.36363636363640000000 355.09090909090907000000 420.18181818181820000000 445.45454545454544000000
