# list of hand selected 2D points
128.68852459016392000000 297.21311475409834000000
160.00000000000000000000 216.80000000000000000000
221.20000000000000000000 311.40000000000000000000
233.80000000000000000000 263.60000000000000000000
255.00000000000000000000 226.80000000000000000000
285.00000000000000000000 271.60000000000000000000
261.60000000000000000000 331.60000000000000000000
403.20000000000000000000 254.60000000000000000000
377.20000000000000000000 329.60000000000000000000
314.80000000000000000000 247.40000000000000000000
329.20000000000000000000 228.40000000000000000000
344.40000000000000000000 251.00000000000000000000
147.63636363636363000000 344.90909090909093000000
392.00000000000000000000 368.72727272727275000000
282.36363636363640000000 460.90909090909093000000
261.09090909090907000000 473.27272727272725000000
213.81818181818180000000 485.27272727272725000000
283.45454545454544000000 550.72727272727270000000
212.54545454545453000000 510.90909090909093000000
195.81818181818180000000 528.72727272727270000000
242.00000000000000000000 540.90909090909090000000
175.09090909090910000000 523.27272727272730000000
215.63636363636363000000 444.72727272727275000000
177.63636363636363000000 407.27272727272725000000
296.90909090909093000000 563.27272727272730000000
323.27272727272725000000 535.63636363636360000000
380.36363636363640000000 582.90909090909090000000
302.00000000000000000000 500.90909090909093000000
377.81818181818180000000 439.45454545454544000000
401.45454545454544000000 563.27272727272730000000
