# list of hand selected 2D points
177.40000000000000000000 245.40000000000000000000
223.60000000000000000000 158.60000000000000000000
284.40000000000000000000 249.00000000000000000000
304.80000000000000000000 198.60000000000000000000
331.40000000000000000000 162.00000000000000000000
356.80000000000000000000 201.60000000000000000000
331.20000000000000000000 263.20000000000000000000
473.20000000000000000000 180.80000000000000000000
441.40000000000000000000 250.40000000000000000000
392.20000000000000000000 177.40000000000000000000
406.00000000000000000000 160.00000000000000000000
417.60000000000000000000 178.80000000000000000000
451.00000000000000000000 284.80000000000000000000
334.60000000000000000000 386.80000000000000000000
197.40000000000000000000 292.80000000000000000000
226.40000000000000000000 352.40000000000000000000
265.40000000000000000000 382.40000000000000000000
207.00000000000000000000 467.60000000000000000000
230.99999999999991000000 473.45000000000000000000
251.60000000000000000000 451.40000000000000000000
283.00000000000000000000 474.40000000000000000000
258.00000000000000000000 424.80000000000000000000
309.80000000000000000000 404.80000000000000000000
324.20000000000000000000 474.00000000000000000000
338.60000000000000000000 483.40000000000000000000
368.00000000000000000000 451.80000000000000000000
418.00000000000000000000 482.20000000000000000000
350.60000000000000000000 423.00000000000000000000
431.60000000000000000000 352.60000000000000000000
440.40000000000000000000 460.80000000000000000000
