# Hand selected points
SETS
55.37313432835820500000 107.46268656716417000000 70.29850746268656000000 73.58208955223880000000 93.58208955223880000000 108.35820895522387000000
109.85074626865670000000 86.71641791044776000000 115.97014925373134000000 74.92537313432835000000 122.68656716417910000000 85.82089552238806000000
130.59701492537314000000 115.97014925373134000000 178.80597014925374000000 81.64179104477611000000 170.29850746268656000000 112.08955223880596000000
175.97014925373134000000 135.37313432835822000000 135.22388059701493000000 185.37313432835820000000 76.26865671641791000000 137.46268656716418000000
80.14925373134328000000 174.47761194029852000000 97.16417910447761000000 188.05970149253730000000 75.07462686567165000000 234.62686567164178000000
85.97014925373134000000 240.14925373134326000000 93.13432835820895000000 228.95522388059700000000 102.53731343283582000000 238.80597014925374000000
102.23880597014926000000 208.65671641791045000000 119.70149253731343000000 200.00000000000000000000 125.52238805970148000000 228.35820895522390000000
140.89552238805970000000 246.41791044776120000000 150.29850746268656000000 230.74626865671640000000 167.16417910447760000000 243.73134328358208000000
143.58208955223880000000 206.11940298507463000000 172.98507462686567000000 169.70149253731344000000 183.28358208955223000000 224.32835820895522000000
144.54545454545453000000 78.18181818181819000000 150.18181818181820000000 70.90909090909090000000 151.45454545454547000000 77.63636363636364000000
