# list of hand selected 2D points
176.22950819672130000000 344.75409836065570000000
206.39344262295080000000 281.14754098360650000000
245.90163934426226000000 355.57377049180326000000
268.52459016393440000000 311.31147540983600000000
283.93442622950820000000 287.54098360655735000000
299.01639344262290000000 315.08196721311475000000
337.04918032786884000000 295.08196721311475000000
345.73770491803276000000 285.57377049180326000000
352.45901639344260000000 296.39344262295080000000
401.63934426229500000000 306.39344262295080000000
286.66666666666670000000 374.00000000000000000000
379.33333333333330000000 372.66666666666670000000
186.44444444444446000000 390.88888888888890000000
394.00000000000000000000 412.00000000000000000000
292.88888888888890000000 505.77777777777777000000
204.66666666666666000000 460.22222222222223000000
229.55555555555554000000 490.44444444444446000000
194.88888888888889000000 561.55555555555550000000
228.44444444444446000000 535.33333333333340000000
268.88888888888890000000 524.00000000000000000000
282.88888888888890000000 602.66666666666660000000
223.77777777777777000000 568.22222222222220000000
211.77777777777777000000 586.22222222222220000000
245.55555555555554000000 598.88888888888890000000
311.11111111111110000000 555.11111111111110000000
378.44444444444446000000 491.33333333333330000000
396.66666666666670000000 622.66666666666660000000
302.44444444444446000000 628.22222222222220000000
327.77777777777777000000 598.66666666666660000000
374.00000000000000000000 650.00000000000000000000
