# GENERATOR FiducialRegression
# Elapsed time in milliseconds

BinaryRobust
                              N       Mean      P05      P50      P95      MAX
  distance_angle               10  23.0557  10.4692   13.619  24.2729  82.6132
  distance_straight            10  11.2273  9.45539  10.7358  12.3108  12.8845
  motion_blur                   9  14.8225  9.71548  15.1405  16.8184  20.7917
  rotation                     12  15.1351  12.2367  14.5634  17.9702  18.6589
  static_front_close          101   4.7349   4.5299  4.70746  4.96183  5.42681
  static_front_far            100  3.45655  3.23631  3.43029  3.75317  3.89051
  static_scene                101  6.28734  5.95666  6.26836  6.62348  7.08095
  set01                       373  3.87969  3.26038  3.81095  4.73718  5.41376

BinaryFast
                              N       Mean      P05      P50      P95      MAX
  distance_angle               10  2.68714  1.57486  2.20182  3.06961  6.66699
  distance_straight            10  2.26879  1.63392  2.16597  2.87848   2.9046
  motion_blur                   9  4.74262  3.27452  4.52417  6.48711  6.97963
  rotation                     12  1.64973  .950105  1.75521  2.13604  2.38545
  static_front_close          101  .604281  .576364  .593422  .655206  .686981
  static_front_far            100  .682272  .631876  .673482  .746031  .814106
  static_scene                101   3.0927  2.87721  3.04917  3.46258  3.79016
  set01                       373  1.42259  .905885  1.37915  2.06985  2.79013

ImageRobust
                              N       Mean      P05      P50      P95      MAX
  distance_angle                9  12.0783  10.2078  11.3579  13.8168  15.3314
  distance_straight             9     10.7  8.49884  10.1215  13.5354  14.7593
  hard                         11  20.6656  9.95479  19.0708  29.4634  30.3323
  motion_blur                   8  8.16664   4.8487  7.87444  10.1508  10.9749
  rotation                     13   13.456  8.62828  13.4499  15.7322  15.7909
  static_front_close          193  4.29004  4.13369  4.28746  4.46262  4.55872
  static_front_far            100  4.63518  4.16279  4.61768  5.21878  5.50444
  static_scene                308  8.19246  7.75315  8.19509  8.63552  9.01067
  set01                       411  4.60697  3.65279  4.62003  5.62298  6.63235

ImageFast
                              N       Mean      P05      P50      P95      MAX
  distance_angle                9  2.62302   1.9452  2.66525  2.98311  3.19798
  distance_straight             9   1.8777  1.31696  1.62523  2.37111  3.13341
  hard                         11  8.26833  5.80056  7.13305  11.1661    11.72
  motion_blur                   8  4.28891  3.84244  4.13789  4.70795  5.04099
  rotation                     13  1.44119  1.11906  1.43011  1.72311  1.92585
  static_front_close          193  .725935  .682834  .720182  .791549  .859288
  static_front_far            100  1.23246  1.07275  1.22435  1.38253  2.02257
  static_scene                308  5.09543   4.7177   5.0965   5.4284  5.65716
  set01                       411  1.94659  1.38411  1.92552  2.63194  3.11172

ChessboardBinary
                              N       Mean      P05      P50      P95      MAX
  distance_angle                6  21.4055  10.3272  10.9629  23.3405  61.7694
  distance_straight             8  9.84681  8.46432  9.73557  10.8412  11.0952
  distant                       7  22.9971  15.2475  22.6946   29.139  31.8009
  motion_blur                  13  7.30751   5.6998  7.43011  8.26189  8.45904
  rotation_flat                12  21.0182  15.8791  20.1229  26.8799  30.9904
  rotation_vertical             7  8.82772  7.81281  8.33126  10.1065  10.4771
  shadow                       15  20.2291  9.83917  18.5403  31.4806  34.2884
  front_close                 201  7.96902   7.3819  7.93616  8.65268  9.39453
  front_far                   201  7.96202  7.40858  7.90832  8.60429  10.1996
  set01                       959   6.7569  5.68285  6.82648  7.75015  10.7548

ChessboardXCorner
                              N       Mean      P05      P50      P95      MAX
  distance_angle                6  38.8627  24.2013  25.9663  44.2468  84.4482
  distance_straight             8  22.6946  20.4571   22.563  24.1039  25.1488
  distant                       7  30.4266  27.1933  29.6329  32.4275   33.393
  motion_blur                  13  12.0771  11.5918  11.9637  13.0042  13.0834
  rotation_flat                12  28.7528  26.6894  28.6102  30.0168  32.3738
  rotation_vertical             7  21.6632  20.5956  20.8413   22.008  25.6725
  shadow                       15  27.9914  17.7024  27.6518  38.3983  39.9862
  front_close                 201  14.0522  13.5885  13.9926  14.6208  17.4296
  front_far                   201  15.0571  14.6236  15.0071  15.5925  15.8765
  set01                       959  13.3987  12.6288  13.2774  14.5013  15.0412

SquareGrid
                              N       Mean      P05      P50      P95      MAX
  distance_angle                6  6.30303  4.97271  5.20684  6.63519  9.79471
  distance_straight             7  4.88114   4.2329  4.45669  5.50268  6.19689
  distant                       7  10.7519  6.33705  11.0698  12.6437  14.5565
  motion_blur                   8  2.55222  2.26063  2.54337  2.71653  2.72872
  rotation                      7  4.41712  4.15702  4.27943  4.84472  4.84957
  front_close                 200  4.28465  3.90067  4.25566  4.74363  5.18291
  front_far                   200  5.93508  4.96884  5.91105  6.97708  7.91034
  set0                        368  2.36769  2.05042  2.34611  2.71751  4.19347

CircleHexagonal
                              N       Mean      P05      P50      P95      MAX
  distance_angle               11  13.5234  10.2046  11.9629  15.6078  29.1793
  distance_straight            12  9.02356  7.45863  9.19807  9.97522  10.0166
  motion_blur                  13  3.88742  2.42962  4.18874  4.46375  4.49952
  rotation                      9  8.72062  7.93505  8.83807  9.27012  9.56719
  angled_5x6                   52  9.04207  8.28712   9.0097   9.8226  10.7179
  front_close_24x28            45  41.7204  39.8499  41.6626  44.5163  45.4998
  front_close_5x6              47  4.69189  4.40455  4.66352  5.02477  5.35758
  front_far_5x6                55  8.03165  7.34972   8.0773  8.74388  9.36967
  24x28_hard                   14  27.4127  7.80034  27.5071  33.2227  40.0324
  24x28_set0                   59  32.1537  31.1527   32.115   33.134  33.7565
  5x6_hard                      2  4.46104   4.0734   4.0734   4.0734  4.84868
  5x6_set0                     68  6.91625  4.93264  6.08568  10.7064  11.4894

CircleRegular
                              N       Mean      P05      P50      P95      MAX
  distance_angle               12  6.71758  5.16488  6.69708  7.69871  7.84066
  distance_straight            14  6.40348  5.01584  6.60987  7.43366  7.52563
  motion_blur                  12  3.00941  2.17239  3.05913  3.55119  3.60943
  rotation                      9  9.14855  6.54846  9.42508  11.1562  11.6607
  angled                      100  8.48918   7.6864  8.61812  9.27617  9.75372
  front_close                 100  5.50343  5.11599  5.51702   5.8639  6.02121
  front_far                   100  6.81892  6.03372  6.86139  7.46854  11.0714
  set01                       141  6.91292  4.23179  7.10227  8.23016  8.54324
  set02                        16  12.2077  7.37377  9.67759  21.5749  21.9502

Uchiya
                              N       Mean      P05      P50      P95      MAX
  distance                     24  39.9666   16.755  40.0487  44.3141  87.4961
  highres_lots                  8  679.211  593.076  644.433   781.66  847.692
  highres_rotate_z             19  873.638  560.384  831.539  1117.89  1171.29
  motion_blur                  15  23.2678  4.55012  22.7512  53.4488  58.8249
  rotate_x                     16  40.6313  21.5554  40.7221  46.3179  75.1512
  rotate_z                     19  51.4631  44.2441  49.5408   58.737  91.9937
  shadow_overlapping           11  46.0423  37.4474  44.0552  49.4277  59.9189
  static01                    106  35.3527  32.5828  34.9106   37.704  64.2149
  static02                    107  40.9885  38.0421  40.7788  43.5183  64.8981
  visible01                   211  45.1075  40.8868  45.0643  49.7845  73.9011

Summary:
                              N       Mean      P05      P50      P95      MAX
  BinaryRobust                716  4.97748  3.27258  4.02439  10.4692  82.6132
  BinaryFast                  716  1.51437  .588703  1.32235  3.19168  6.97963
  ImageRobust                1062  6.00831  3.88284  4.82682  8.65462  30.3323
  ImageFast                  1062  2.65282  .699094   1.9755  5.32765    11.72
  ChessboardBinary           1429  7.53159  5.76413  7.22564  8.64022  61.7694
  ChessboardXCorner          1429  14.2769   12.652  13.7718  15.5284  84.4482
  SquareGrid                  803  3.87776  2.10958  4.00819  6.48031  14.5565
  CircleHexagonal             387   15.907  4.46375  8.75359  41.7474  45.4998
  CircleRegular               504  7.02362  5.08562  7.02841  9.17868  21.9502
  Uchiya                      536  80.4594  32.7507  42.2836  91.9937  1171.29
