# GENERATOR QrCodeRegression
# Elapsed time in milliseconds

default
                              N       Mean      P05      P50      P95      MAX
# GENERATOR QrCodeRegression
  blurred                      45  43.3056   1.9784  11.3906  130.076  172.724
  bright_spots                 32  96.4896  1.24404  124.413  150.281  151.889
  brightness                   28  84.9414  3.15086  97.0658  135.552  148.656
  close                        40  65.6765  .825866  79.3486  121.609   127.13
  curved                        5  3.07378  2.33484  3.25223  3.28297  3.37558
  damaged                      37  18.3372  4.20583  12.3999  57.3569    86.12
  glare                        50  28.2169  2.31203  10.5091  89.4435  111.283
  high_version                 33  24.6209  2.29981  23.4689  50.5877  56.3319
  lots                          7  209.829  197.546  204.287  222.476  235.077
  monitor                      17  68.0775  22.9049  76.1073  90.7225  106.641
  nominal                      65  19.3061  2.35762  7.43066  71.7652  106.211
  noncompliant                 16  11.5409  2.17772  6.66533   26.613  39.9615
  pathological                 23  .973602  .792852  .980857  1.17571  1.33053
  perspective                  35  5.04474  4.71883  5.01222  5.43958  5.48233
  rotations                    44  23.2025  20.1472  22.4353  27.8846    29.51
  shadows                      14  36.7212  4.93648  24.2076   100.54  102.982

Summary:
                              N       Mean      P05      P50      P95      MAX
  default                     491   38.205  1.21233   18.735  130.764  235.077
