# File: various/urban Algorithm = KLT  skip 1 tolerance = 5.0
# (time tick) ( F ) ( F all inside) (precision) (recall) (recall all inside) (tracks)
0001  1.000  1.000  1.000  1.000  1.000 486
0002  0.991  0.991  0.992  0.990  0.990 485
0003  0.986  0.986  0.988  0.984  0.984 484
0004  0.983  0.983  0.988  0.979  0.979 482
0005  0.980  0.980  0.985  0.975  0.975 481
0006  0.981  0.981  0.988  0.975  0.975 480
0007  0.975  0.975  0.981  0.969  0.969 480
0008  0.972  0.972  0.979  0.965  0.965 479
0009  0.968  0.968  0.975  0.961  0.961 479
0010  0.964  0.964  0.971  0.957  0.957 479
0011  0.967  0.967  0.975  0.959  0.959 478
0012  0.965  0.965  0.975  0.955  0.955 476
0013  0.950  0.953  0.964  0.936  0.942 472
0014  0.951  0.957  0.966  0.936  0.948 471
0015  0.953  0.964  0.972  0.934  0.956 467
0016  0.953  0.967  0.976  0.930  0.958 463
0017  0.945  0.964  0.972  0.920  0.957 460
0018  0.924  0.948  0.954  0.895  0.942 456
0019  0.922  0.952  0.958  0.889  0.945 451
0020  0.915  0.955  0.957  0.877  0.953 445
0021  0.903  0.945  0.948  0.862  0.942 442
0022  0.894  0.943  0.943  0.850  0.943 438
0023  0.886  0.940  0.944  0.835  0.935 430
0024  0.881  0.941  0.941  0.827  0.941 427
0025  0.875  0.942  0.943  0.817  0.941 421
0026  0.876  0.946  0.952  0.811  0.940 414
0027  0.857  0.932  0.939  0.788  0.925 408
0028  0.847  0.931  0.940  0.772  0.921 399
0029  0.842  0.930  0.941  0.761  0.918 393
0030  0.839  0.935  0.943  0.755  0.927 389
0031  0.834  0.936  0.950  0.743  0.923 380
0032  0.818  0.928  0.939  0.724  0.917 375
0033  0.820  0.936  0.951  0.720  0.921 368
0034  0.807  0.932  0.945  0.704  0.919 362
0035  0.798  0.928  0.944  0.691  0.913 356
0036  0.777  0.915  0.939  0.663  0.892 343
0037  0.767  0.924  0.940  0.648  0.908 335
0038  0.749  0.912  0.933  0.626  0.891 326
0039  0.741  0.916  0.931  0.615  0.901 321
0040  0.733  0.915  0.925  0.607  0.905 319
0041  0.730  0.911  0.924  0.603  0.899 317
0042  0.731  0.913  0.927  0.603  0.899 316
0043  0.733  0.914  0.930  0.605  0.899 316
0044  0.736  0.917  0.934  0.607  0.902 316
0045  0.723  0.903  0.923  0.595  0.883 313
0046  0.729  0.910  0.935  0.597  0.887 310
0047  0.722  0.902  0.929  0.591  0.877 309
0048  0.725  0.905  0.932  0.593  0.880 309
0049  0.725  0.905  0.932  0.593  0.880 309
0050  0.719  0.901  0.926  0.588  0.877 309
0051  0.719  0.901  0.926  0.588  0.877 309
0052  0.719  0.901  0.926  0.588  0.877 309
0053  0.722  0.902  0.929  0.591  0.877 309
0054  0.722  0.902  0.929  0.591  0.877 309
0055  0.719  0.899  0.926  0.588  0.874 309
0056  0.719  0.899  0.926  0.588  0.874 309
0057  0.722  0.902  0.929  0.591  0.877 309
0058  0.719  0.899  0.926  0.588  0.874 309
0059  0.722  0.902  0.929  0.591  0.877 309
0060  0.714  0.893  0.919  0.584  0.868 309
0061  0.712  0.890  0.916  0.582  0.865 309
0062  0.712  0.890  0.916  0.582  0.865 309
0063  0.712  0.890  0.916  0.582  0.865 309
0064  0.712  0.890  0.916  0.582  0.865 309
0065  0.709  0.887  0.913  0.580  0.862 309
0066  0.709  0.887  0.913  0.580  0.862 309
0067  0.714  0.893  0.919  0.584  0.868 309
0068  0.696  0.880  0.913  0.562  0.850 299
0069  0.685  0.882  0.911  0.549  0.855 293
0070  0.679  0.888  0.910  0.541  0.868 289
0071  0.670  0.891  0.908  0.531  0.874 284
0072  0.675  0.903  0.925  0.531  0.883 279
0073  0.673  0.905  0.924  0.529  0.886 278
0074  0.668  0.899  0.921  0.525  0.879 277
0075  0.674  0.906  0.928  0.529  0.886 277
0076  0.674  0.906  0.928  0.529  0.886 277
0077  0.667  0.897  0.920  0.523  0.875 276
0078  0.675  0.908  0.931  0.529  0.886 276
0079  0.675  0.910  0.931  0.529  0.889 276
0080  0.672  0.906  0.928  0.527  0.886 276
0081  0.675  0.910  0.931  0.529  0.889 276
0082  0.672  0.906  0.928  0.527  0.886 276
0083  0.669  0.901  0.924  0.525  0.879 276
0084  0.675  0.908  0.931  0.529  0.886 276
0085  0.672  0.904  0.928  0.527  0.882 276
0086  0.672  0.906  0.928  0.527  0.886 276
0087  0.672  0.906  0.928  0.527  0.886 276
0088  0.669  0.903  0.924  0.525  0.882 276
0089  0.667  0.899  0.920  0.523  0.879 276
0090  0.661  0.892  0.913  0.519  0.872 276
0091  0.664  0.896  0.917  0.521  0.875 276
0092  0.667  0.899  0.920  0.523  0.879 276
0093  0.664  0.896  0.917  0.521  0.875 276
0094  0.669  0.903  0.924  0.525  0.882 276
0095  0.665  0.897  0.920  0.521  0.875 275
0096  0.668  0.901  0.924  0.523  0.879 275
0097  0.660  0.890  0.913  0.516  0.869 275
0098  0.660  0.892  0.913  0.516  0.872 275
0099  0.661  0.893  0.916  0.516  0.872 274
0100  0.661  0.898  0.919  0.516  0.878 273
0101  0.660  0.896  0.919  0.514  0.874 272
0102  0.662  0.903  0.923  0.516  0.884 272
0103  0.660  0.906  0.919  0.514  0.893 272
0104  0.653  0.897  0.911  0.508  0.882 271
0105  0.643  0.887  0.900  0.500  0.874 270
0106  0.641  0.886  0.900  0.498  0.874 269
0107  0.637  0.882  0.896  0.494  0.870 268
0108  0.629  0.876  0.888  0.488  0.865 267
0109  0.624  0.872  0.886  0.481  0.857 264
0110  0.625  0.880  0.890  0.481  0.870 263
0111  0.621  0.877  0.889  0.477  0.866 261
0112  0.619  0.875  0.888  0.475  0.862 260
0113  0.612  0.865  0.880  0.469  0.851 259
0114  0.617  0.873  0.888  0.473  0.858 259
0115  0.621  0.878  0.895  0.475  0.862 258
0116  0.624  0.884  0.903  0.477  0.866 257
0117  0.616  0.872  0.891  0.471  0.854 257
0118  0.622  0.880  0.899  0.475  0.862 257
0119  0.619  0.876  0.895  0.473  0.858 257
0120  0.622  0.880  0.899  0.475  0.862 257
0121  0.624  0.884  0.903  0.477  0.866 257
0122  0.624  0.884  0.903  0.477  0.866 257
0123  0.624  0.884  0.903  0.477  0.866 257
0124  0.627  0.888  0.907  0.479  0.869 257
0125  0.627  0.888  0.907  0.479  0.869 257
0126  0.627  0.888  0.907  0.479  0.869 257
0127  0.624  0.884  0.903  0.477  0.866 257
0128  0.619  0.876  0.895  0.473  0.858 257
0129  0.619  0.876  0.895  0.473  0.858 257
0130  0.619  0.876  0.895  0.473  0.858 257
0131  0.619  0.876  0.895  0.473  0.858 257
0132  0.622  0.880  0.899  0.475  0.862 257
0133  0.619  0.876  0.895  0.473  0.858 257
0134  0.624  0.884  0.903  0.477  0.866 257
0135  0.633  0.895  0.914  0.484  0.877 257
0136  0.624  0.884  0.903  0.477  0.866 257
0137  0.622  0.880  0.899  0.475  0.862 257
0138  0.619  0.876  0.895  0.473  0.858 257
0139  0.627  0.888  0.907  0.479  0.869 257
0140  0.630  0.891  0.911  0.481  0.873 257
0141  0.630  0.891  0.911  0.481  0.873 257
0142  0.622  0.880  0.899  0.475  0.862 257
0143  0.622  0.880  0.899  0.475  0.862 257
0144  0.619  0.876  0.895  0.473  0.858 257
0145  0.622  0.880  0.899  0.475  0.862 257
0146  0.624  0.884  0.903  0.477  0.866 257
0147  0.624  0.884  0.903  0.477  0.866 257
0148  0.622  0.880  0.899  0.475  0.862 257
0149  0.625  0.885  0.906  0.477  0.866 256
0150  0.615  0.870  0.891  0.469  0.851 256
0151  0.623  0.883  0.906  0.475  0.862 255
0152  0.608  0.868  0.892  0.461  0.845 251
0153  0.595  0.865  0.889  0.447  0.841 244
0154  0.587  0.871  0.888  0.438  0.855 240
