# File: various/urban Algorithm = KLT  skip 4 tolerance = 5.0
# (time tick) ( F ) ( F all inside) (precision) (recall) (recall all inside) (tracks)
0004  0.954  0.954  0.978  0.930  0.930 462
0008  0.944  0.944  0.970  0.920  0.920 461
0012  0.941  0.941  0.969  0.914  0.914 458
0016  0.928  0.942  0.960  0.897  0.924 454
0020  0.890  0.930  0.953  0.835  0.908 426
0024  0.863  0.923  0.935  0.800  0.911 416
0028  0.826  0.908  0.930  0.743  0.887 388
0032  0.788  0.897  0.945  0.675  0.854 347
0036  0.746  0.884  0.943  0.617  0.831 318
0040  0.711  0.894  0.939  0.572  0.853 296
0044  0.699  0.880  0.932  0.560  0.834 292
0048  0.508  0.663  0.874  0.358  0.534 199
0052  0.508  0.663  0.874  0.358  0.534 199
0056  0.505  0.659  0.869  0.356  0.531 199
0060  0.503  0.656  0.869  0.354  0.528 198
0064  0.495  0.646  0.858  0.348  0.518 197
0068  0.497  0.659  0.884  0.346  0.525 190
0072  0.464  0.658  0.879  0.315  0.526 174
0076  0.457  0.651  0.882  0.309  0.515 170
0080  0.279  0.417  0.804  0.169  0.282 102
0084  0.254  0.381  0.763  0.152  0.254 97
0088  0.249  0.375  0.774  0.148  0.247 93
0092  0.244  0.369  0.795  0.144  0.241 88
0096  0.238  0.361  0.791  0.140  0.234 86
0100  0.238  0.364  0.791  0.140  0.236 86
0104  0.227  0.358  0.821  0.132  0.229 78
0108  0.220  0.353  0.805  0.128  0.226 77
0112  0.221  0.362  0.827  0.128  0.231 75
0116  0.211  0.346  0.808  0.121  0.220 73
0120  0.209  0.343  0.829  0.119  0.216 70
0124  0.212  0.349  0.843  0.121  0.220 70
0128  0.212  0.349  0.843  0.121  0.220 70
0132  0.213  0.350  0.855  0.121  0.220 69
0136  0.213  0.350  0.855  0.121  0.220 69
0140  0.213  0.350  0.855  0.121  0.220 69
0144  0.205  0.338  0.826  0.117  0.213 69
0148  0.186  0.308  0.810  0.105  0.190 63
0152  0.186  0.312  0.823  0.105  0.192 62
