# File: various/compressed Algorithm = KLT  skip 1 tolerance = 5.0
# (time tick) ( F ) ( F all inside) (precision) (recall) (recall all inside) (tracks)
0001  0.871  0.871  0.978  0.784  0.784 413
0002  0.772  0.772  0.941  0.654  0.654 358
0003  0.679  0.680  0.880  0.553  0.554 324
0004  0.611  0.611  0.840  0.480  0.481 294
0005  0.546  0.549  0.827  0.408  0.411 254
0006  0.509  0.512  0.813  0.371  0.374 235
0007  0.453  0.455  0.761  0.322  0.325 218
0008  0.432  0.435  0.754  0.303  0.305 207
0009  0.410  0.412  0.728  0.285  0.288 202
0010  0.398  0.401  0.731  0.274  0.276 193
0011  0.369  0.373  0.701  0.250  0.254 184
0012  0.323  0.328  0.663  0.214  0.218 166
0013  0.314  0.321  0.682  0.204  0.210 154
0014  0.261  0.272  0.601  0.167  0.176 143
0015  0.231  0.243  0.560  0.146  0.155 134
0016  0.217  0.229  0.543  0.136  0.145 129
0017  0.160  0.169  0.455  0.097  0.104 110
0018  0.165  0.176  0.486  0.099  0.108 105
0019  0.157  0.170  0.500  0.093  0.102 96
0020  0.152  0.165  0.500  0.089  0.099 92
0021  0.149  0.163  0.500  0.087  0.098 90
0022  0.134  0.149  0.500  0.078  0.088 80
0023  0.123  0.137  0.500  0.070  0.080 72
0024  0.123  0.141  0.522  0.070  0.081 69
0025  0.114  0.134  0.516  0.064  0.077 64
0026  0.104  0.123  0.476  0.058  0.071 63
0027  0.097  0.117  0.467  0.054  0.067 60
0028  0.087  0.107  0.439  0.049  0.061 57
0029  0.080  0.099  0.404  0.045  0.056 57
0030  0.070  0.088  0.364  0.039  0.050 55
0031  0.071  0.089  0.385  0.039  0.050 52
0032  0.060  0.077  0.347  0.033  0.043 49
0033  0.054  0.070  0.357  0.029  0.039 42
0034  0.047  0.062  0.333  0.025  0.034 39
0035  0.043  0.058  0.324  0.023  0.032 37
0036  0.036  0.049  0.294  0.019  0.027 34
0037  0.029  0.041  0.267  0.016  0.022 30
0038  0.033  0.046  0.300  0.017  0.025 30
0039  0.030  0.042  0.296  0.016  0.023 27
0040  0.026  0.037  0.259  0.014  0.020 27
0041  0.030  0.043  0.333  0.016  0.023 24
0042  0.034  0.050  0.429  0.017  0.027 21
0043  0.030  0.045  0.381  0.016  0.024 21
0044  0.019  0.029  0.294  0.010  0.015 17
0045  0.023  0.036  0.375  0.012  0.019 16
0046  0.019  0.030  0.333  0.010  0.016 15
0047  0.015  0.025  0.286  0.008  0.013 14
0048  0.011  0.019  0.231  0.006  0.010 13
0049  0.011  0.019  0.231  0.006  0.010 13
0050  0.015  0.025  0.308  0.008  0.013 13
0051  0.019  0.033  0.455  0.010  0.017 11
0052  0.023  0.040  0.545  0.012  0.021 11
0053  0.019  0.033  0.556  0.010  0.017 9
0054  0.023  0.040  0.667  0.012  0.021 9
0055  0.015  0.027  0.500  0.008  0.014 8
0056  0.015  0.027  0.500  0.008  0.014 8
0057  0.015  0.028  0.500  0.008  0.014 8
0058  0.011  0.021  0.429  0.006  0.011 7
0059  0.011  0.021  0.429  0.006  0.011 7
0060  0.011  0.021  0.429  0.006  0.011 7
0061  0.011  0.021  0.429  0.006  0.011 7
0062  0.008  0.014  0.400  0.004  0.007 5
0063  0.008  0.014  0.500  0.004  0.007 4
0064  0.004  0.007  0.500  0.002  0.004 2
0065  0.008  0.015  1.000  0.004  0.008 2
0066  0.004  0.008  0.500  0.002  0.004 2
0067  0.000  0.000  0.000  0.000  0.000 1
0068  0.004  0.008  1.000  0.002  0.004 1
0069  0.004  0.008  1.000  0.002  0.004 1
0070  0.004  0.008  1.000  0.002  0.004 1
0071  0.000  0.000  0.000  0.000  0.000 1
0072  0.004  0.008  1.000  0.002  0.004 1
0073  0.000  0.000    NaN  0.000  0.000 0
0074  0.000  0.000    NaN  0.000  0.000 0
0075  0.000  0.000    NaN  0.000  0.000 0
0076  0.000  0.000    NaN  0.000  0.000 0
0077  0.000  0.000    NaN  0.000  0.000 0
0078  0.000  0.000    NaN  0.000  0.000 0
0079  0.000  0.000    NaN  0.000  0.000 0
0080  0.000  0.000    NaN  0.000  0.000 0
0081  0.000  0.000    NaN  0.000  0.000 0
0082  0.000  0.000    NaN  0.000  0.000 0
0083  0.000  0.000    NaN  0.000  0.000 0
0084  0.000  0.000    NaN  0.000  0.000 0
0085  0.000  0.000    NaN  0.000  0.000 0
0086  0.000  0.000    NaN  0.000  0.000 0
0087  0.000  0.000    NaN  0.000  0.000 0
0088  0.000  0.000    NaN  0.000  0.000 0
0089  0.000  0.000    NaN  0.000  0.000 0
0090  0.000  0.000    NaN  0.000  0.000 0
0091  0.000  0.000    NaN  0.000  0.000 0
0092  0.000  0.000    NaN  0.000  0.000 0
0093  0.000  0.000    NaN  0.000  0.000 0
0094  0.000  0.000    NaN  0.000  0.000 0
0095  0.000  0.000    NaN  0.000  0.000 0
0096  0.000  0.000    NaN  0.000  0.000 0
0097  0.000  0.000    NaN  0.000  0.000 0
0098  0.000  0.000    NaN  0.000  0.000 0
0099  0.000  0.000    NaN  0.000  0.000 0
0100  0.000  0.000    NaN  0.000  0.000 0
0101  0.000  0.000    NaN  0.000  0.000 0
0102  0.000  0.000    NaN  0.000  0.000 0
0103  0.000  0.000    NaN  0.000  0.000 0
0104  0.000  0.000    NaN  0.000  0.000 0
0105  0.000  0.000    NaN  0.000  0.000 0
0106  0.000  0.000    NaN  0.000  0.000 0
0107  0.000  0.000    NaN  0.000  0.000 0
0108  0.000  0.000    NaN  0.000  0.000 0
0109  0.000  0.000    NaN  0.000  0.000 0
0110  0.000  0.000    NaN  0.000  0.000 0
0111  0.000  0.000    NaN  0.000  0.000 0
0112  0.000  0.000    NaN  0.000  0.000 0
0113  0.000  0.000    NaN  0.000  0.000 0
0114  0.000  0.000    NaN  0.000  0.000 0
0115  0.000  0.000    NaN  0.000  0.000 0
0116  0.000  0.000    NaN  0.000  0.000 0
0117  0.000  0.000    NaN  0.000  0.000 0
