# File: various/compressed Algorithm = KLT  skip 8 tolerance = 5.0
# (time tick) ( F ) ( F all inside) (precision) (recall) (recall all inside) (tracks)
0008  0.790  0.794  0.958  0.672  0.677 361
0016  0.665  0.692  0.909  0.524  0.559 297
0024  0.517  0.572  0.832  0.375  0.436 232
0032  0.243  0.303  0.728  0.146  0.191 103
0040  0.200  0.275  0.698  0.117  0.171 86
0048  0.164  0.254  0.696  0.093  0.155 69
0056  0.155  0.258  0.703  0.087  0.158 64
0064  0.125  0.220  0.600  0.070  0.134 60
0072  0.103  0.193  0.580  0.056  0.116 50
0080  0.101  0.192  0.667  0.054  0.112 42
0088  0.076  0.147  0.600  0.041  0.084 35
0096  0.038  0.077  0.556  0.019  0.041 18
0104  0.034  0.073  0.529  0.017  0.039 17
0112  0.030  0.067  0.533  0.016  0.036 15
