# File: various/compressed Algorithm = KLT  skip 4 tolerance = 5.0
# (time tick) ( F ) ( F all inside) (precision) (recall) (recall all inside) (tracks)
0004  0.819  0.819  0.951  0.718  0.720 389
0008  0.685  0.688  0.899  0.553  0.558 317
0012  0.604  0.612  0.866  0.464  0.473 276
0016  0.511  0.534  0.820  0.371  0.395 233
0020  0.430  0.461  0.752  0.301  0.332 206
0024  0.387  0.433  0.757  0.260  0.303 177
0028  0.281  0.335  0.689  0.177  0.221 132
0032  0.252  0.314  0.672  0.155  0.205 119
0036  0.242  0.313  0.714  0.146  0.201 105
0040  0.191  0.263  0.637  0.113  0.166 91
0044  0.163  0.237  0.576  0.095  0.149 85
0048  0.154  0.237  0.643  0.087  0.146 70
0052  0.120  0.196  0.530  0.068  0.120 66
0056  0.105  0.174  0.508  0.058  0.105 59
0060  0.081  0.140  0.451  0.045  0.083 51
0064  0.068  0.122  0.432  0.037  0.071 44
0068  0.051  0.097  0.412  0.027  0.055 34
0072  0.037  0.071  0.333  0.019  0.040 30
0076  0.022  0.043  0.222  0.012  0.024 27
0080  0.033  0.066  0.391  0.017  0.036 23
0084  0.030  0.059  0.364  0.016  0.032 22
0088  0.026  0.052  0.350  0.014  0.028 20
0092  0.026  0.052  0.350  0.014  0.028 20
0096  0.019  0.038  0.250  0.010  0.021 20
0100  0.026  0.055  0.389  0.014  0.030 18
0104  0.011  0.025  0.200  0.006  0.013 15
0108  0.011  0.025  0.200  0.006  0.013 15
0112  0.015  0.034  0.308  0.008  0.018 13
0116  0.008  0.017  0.182  0.004  0.009 11
