# File: various/lighting Algorithm = KLT  skip 8 tolerance = 5.0
# (time tick) ( F ) ( F all inside) (precision) (recall) (recall all inside) (tracks)
0008  0.982  0.982  0.983  0.981  0.981 517
0016  0.968  0.968  0.973  0.963  0.963 513
0024  0.935  0.935  0.941  0.929  0.929 511
0032  0.888  0.888  0.894  0.882  0.882 511
0040  0.877  0.877  0.884  0.871  0.871 510
0048  0.850  0.850  0.860  0.840  0.840 506
0056  0.832  0.832  0.842  0.822  0.822 506
0064  0.828  0.828  0.838  0.819  0.819 506
0072  0.818  0.818  0.828  0.809  0.809 506
0080  0.813  0.813  0.824  0.803  0.803 505
0088  0.802  0.802  0.812  0.792  0.792 505
0096  0.800  0.800  0.810  0.790  0.790 505
0104  0.804  0.804  0.814  0.793  0.793 505
0112  0.774  0.774  0.788  0.761  0.761 500
0120  0.583  0.583  0.698  0.500  0.500 371
0128  0.559  0.559  0.670  0.479  0.479 370
0136  0.538  0.538  0.649  0.459  0.459 367
0144  0.537  0.537  0.649  0.458  0.458 365
0152  0.530  0.530  0.641  0.452  0.452 365
0160  0.519  0.519  0.627  0.442  0.442 365
0168  0.485  0.485  0.586  0.413  0.413 365
0176  0.469  0.469  0.569  0.400  0.400 364
0184  0.449  0.449  0.545  0.382  0.382 363
0192  0.424  0.424  0.517  0.359  0.359 360
0200  0.412  0.412  0.503  0.349  0.349 360
0208  0.394  0.394  0.481  0.334  0.334 360
0216  0.385  0.385  0.471  0.326  0.326 359
0224  0.363  0.363  0.444  0.307  0.307 358
0232  0.370  0.370  0.454  0.313  0.313 357
0240  0.355  0.355  0.437  0.299  0.299 355
