# File: various/urban Algorithm = KLT  skip 8 tolerance = 5.0
# (time tick) ( F ) ( F all inside) (precision) (recall) (recall all inside) (tracks)
0008  0.964  0.964  0.991  0.938  0.938 460
0016  0.858  0.871  0.941  0.788  0.811 407
0024  0.731  0.787  0.879  0.626  0.712 346
0032  0.476  0.560  0.831  0.333  0.422 195
0040  0.387  0.514  0.781  0.257  0.383 160
0048  0.222  0.308  0.711  0.132  0.196 90
0056  0.232  0.322  0.786  0.136  0.202 84
0064  0.226  0.314  0.790  0.132  0.196 81
0072  0.176  0.271  0.700  0.101  0.168 70
0080  0.113  0.179  0.682  0.062  0.103 44
0088  0.077  0.123  0.588  0.041  0.069 34
0096  0.028  0.046  0.500  0.014  0.024 14
0104  0.024  0.041  0.500  0.012  0.021 12
0112  0.028  0.050  0.583  0.014  0.026 12
0120  0.024  0.043  0.667  0.012  0.022 9
0128  0.024  0.043  0.667  0.012  0.022 9
0136  0.028  0.051  0.778  0.014  0.026 9
0144  0.028  0.051  0.778  0.014  0.026 9
0152  0.028  0.051  0.778  0.014  0.026 9
