# File: various/lighting Algorithm = KLT  skip 1 tolerance = 5.0
# (time tick) ( F ) ( F all inside) (precision) (recall) (recall all inside) (tracks)
0001  0.994  0.994  0.994  0.994  0.994 518
0002  0.990  0.990  0.990  0.990  0.990 518
0003  0.984  0.984  0.985  0.983  0.983 517
0004  0.980  0.980  0.981  0.979  0.979 517
0005  0.970  0.970  0.971  0.969  0.969 517
0006  0.974  0.974  0.975  0.973  0.973 517
0007  0.968  0.968  0.969  0.967  0.967 517
0008  0.962  0.962  0.963  0.961  0.961 517
0009  0.955  0.955  0.956  0.954  0.954 517
0010  0.951  0.951  0.952  0.950  0.950 517
0011  0.949  0.949  0.950  0.948  0.948 517
0012  0.943  0.943  0.944  0.942  0.942 517
0013  0.945  0.945  0.946  0.944  0.944 517
0014  0.947  0.947  0.948  0.946  0.946 517
0015  0.935  0.935  0.936  0.934  0.934 517
0016  0.931  0.931  0.932  0.931  0.931 517
0017  0.933  0.933  0.934  0.932  0.932 517
0018  0.933  0.933  0.934  0.932  0.932 517
0019  0.930  0.930  0.932  0.929  0.929 516
0020  0.922  0.922  0.924  0.919  0.919 515
0021  0.922  0.922  0.924  0.919  0.919 515
0022  0.916  0.916  0.918  0.913  0.913 515
0023  0.917  0.917  0.920  0.913  0.913 514
0024  0.919  0.919  0.924  0.915  0.915 513
0025  0.916  0.916  0.920  0.911  0.911 513
0026  0.919  0.919  0.924  0.915  0.915 513
0027  0.914  0.914  0.918  0.909  0.909 513
0028  0.914  0.914  0.918  0.909  0.909 513
0029  0.910  0.910  0.914  0.905  0.905 513
0030  0.905  0.905  0.910  0.900  0.900 512
0031  0.905  0.905  0.910  0.900  0.900 512
0032  0.903  0.903  0.908  0.898  0.898 512
0033  0.903  0.903  0.908  0.898  0.898 512
0034  0.901  0.901  0.906  0.896  0.896 512
0035  0.903  0.903  0.908  0.898  0.898 512
0036  0.898  0.898  0.904  0.892  0.892 511
0037  0.899  0.899  0.906  0.892  0.892 510
0038  0.889  0.889  0.896  0.882  0.882 510
0039  0.887  0.887  0.894  0.880  0.880 510
0040  0.885  0.885  0.892  0.878  0.878 510
0041  0.864  0.864  0.872  0.855  0.855 508
0042  0.862  0.862  0.870  0.853  0.853 508
0043  0.862  0.862  0.870  0.853  0.853 508
0044  0.858  0.858  0.866  0.849  0.849 508
0045  0.860  0.860  0.868  0.851  0.851 508
0046  0.860  0.860  0.868  0.851  0.851 508
0047  0.854  0.854  0.862  0.846  0.846 508
0048  0.858  0.858  0.866  0.849  0.849 508
0049  0.850  0.850  0.858  0.842  0.842 508
0050  0.850  0.850  0.858  0.842  0.842 508
0051  0.850  0.850  0.858  0.842  0.842 508
0052  0.846  0.846  0.854  0.838  0.838 508
0053  0.852  0.852  0.860  0.844  0.844 508
0054  0.844  0.844  0.852  0.836  0.836 508
0055  0.850  0.850  0.858  0.842  0.842 508
0056  0.852  0.852  0.860  0.844  0.844 508
0057  0.846  0.846  0.854  0.838  0.838 508
0058  0.840  0.840  0.848  0.832  0.832 508
0059  0.846  0.846  0.854  0.838  0.838 508
0060  0.848  0.848  0.856  0.840  0.840 508
0061  0.846  0.846  0.854  0.838  0.838 508
0062  0.846  0.846  0.854  0.838  0.838 508
0063  0.846  0.846  0.854  0.838  0.838 508
0064  0.840  0.840  0.848  0.832  0.832 508
0065  0.844  0.844  0.852  0.836  0.836 508
0066  0.842  0.842  0.850  0.834  0.834 508
0067  0.842  0.842  0.850  0.834  0.834 508
0068  0.842  0.842  0.850  0.834  0.834 508
0069  0.840  0.840  0.848  0.832  0.832 508
0070  0.827  0.827  0.835  0.819  0.819 508
0071  0.821  0.821  0.830  0.813  0.813 507
0072  0.818  0.818  0.828  0.809  0.809 506
0073  0.824  0.824  0.834  0.815  0.815 506
0074  0.828  0.828  0.838  0.819  0.819 506
0075  0.824  0.824  0.834  0.815  0.815 506
0076  0.818  0.818  0.828  0.809  0.809 506
0077  0.818  0.818  0.828  0.809  0.809 506
0078  0.818  0.818  0.828  0.809  0.809 506
0079  0.819  0.819  0.830  0.809  0.809 505
0080  0.823  0.823  0.834  0.813  0.813 505
0081  0.815  0.815  0.826  0.805  0.805 505
0082  0.819  0.819  0.830  0.809  0.809 505
0083  0.819  0.819  0.830  0.809  0.809 505
0084  0.821  0.821  0.832  0.811  0.811 505
0085  0.821  0.821  0.832  0.811  0.811 505
0086  0.815  0.815  0.826  0.805  0.805 505
0087  0.823  0.823  0.834  0.813  0.813 505
0088  0.821  0.821  0.832  0.811  0.811 505
0089  0.821  0.821  0.832  0.811  0.811 505
0090  0.815  0.815  0.826  0.805  0.805 505
0091  0.817  0.817  0.828  0.807  0.807 505
0092  0.809  0.809  0.820  0.799  0.799 505
0093  0.815  0.815  0.826  0.805  0.805 505
0094  0.811  0.811  0.822  0.801  0.801 505
0095  0.817  0.817  0.828  0.807  0.807 505
0096  0.815  0.815  0.826  0.805  0.805 505
0097  0.809  0.809  0.820  0.799  0.799 505
0098  0.805  0.805  0.816  0.795  0.795 505
0099  0.807  0.807  0.818  0.797  0.797 505
0100  0.798  0.798  0.808  0.788  0.788 505
0101  0.796  0.796  0.806  0.786  0.786 505
0102  0.802  0.802  0.812  0.792  0.792 505
0103  0.796  0.796  0.806  0.786  0.786 505
0104  0.798  0.798  0.808  0.788  0.788 505
0105  0.798  0.798  0.808  0.788  0.788 505
0106  0.804  0.804  0.814  0.793  0.793 505
0107  0.802  0.802  0.812  0.792  0.792 505
0108  0.800  0.800  0.812  0.790  0.790 504
0109  0.796  0.796  0.808  0.786  0.786 504
0110  0.793  0.793  0.804  0.782  0.782 504
0111  0.787  0.787  0.798  0.776  0.776 504
0112  0.787  0.787  0.799  0.776  0.776 503
0113  0.778  0.778  0.789  0.766  0.766 503
0114  0.774  0.774  0.785  0.763  0.763 503
0115  0.765  0.765  0.777  0.753  0.753 502
0116  0.760  0.760  0.774  0.747  0.747 500
0117  0.752  0.752  0.766  0.739  0.739 500
0118  0.735  0.735  0.749  0.722  0.722 499
0119  0.734  0.734  0.747  0.720  0.720 499
0120  0.718  0.718  0.731  0.705  0.705 499
0121  0.710  0.710  0.723  0.697  0.697 499
0122  0.711  0.711  0.725  0.697  0.697 498
0123  0.703  0.703  0.717  0.689  0.689 498
0124  0.713  0.713  0.727  0.699  0.699 498
0125  0.702  0.702  0.718  0.687  0.687 496
0126  0.702  0.702  0.718  0.687  0.687 496
0127  0.701  0.701  0.717  0.685  0.685 495
0128  0.695  0.695  0.711  0.680  0.680 495
0129  0.705  0.705  0.721  0.689  0.689 495
0130  0.711  0.711  0.727  0.695  0.695 495
0131  0.696  0.696  0.714  0.680  0.680 493
0132  0.702  0.702  0.720  0.685  0.685 493
0133  0.700  0.700  0.718  0.683  0.683 493
0134  0.698  0.698  0.716  0.681  0.681 493
0135  0.684  0.684  0.702  0.668  0.668 493
0136  0.687  0.687  0.705  0.670  0.670 492
0137  0.681  0.681  0.699  0.664  0.664 492
0138  0.679  0.679  0.697  0.662  0.662 492
0139  0.675  0.675  0.693  0.658  0.658 492
0140  0.682  0.682  0.701  0.664  0.664 491
0141  0.684  0.684  0.703  0.666  0.666 491
0142  0.684  0.684  0.703  0.666  0.666 491
0143  0.672  0.672  0.690  0.654  0.654 491
0144  0.664  0.664  0.682  0.647  0.647 491
0145  0.652  0.652  0.670  0.635  0.635 491
0146  0.664  0.664  0.682  0.647  0.647 491
0147  0.664  0.664  0.682  0.647  0.647 491
0148  0.650  0.650  0.668  0.633  0.633 491
0149  0.658  0.658  0.676  0.641  0.641 491
0150  0.652  0.652  0.670  0.635  0.635 491
0151  0.652  0.652  0.670  0.635  0.635 491
0152  0.654  0.654  0.672  0.637  0.637 491
0153  0.640  0.640  0.658  0.624  0.624 491
0154  0.643  0.643  0.661  0.625  0.625 490
0155  0.643  0.643  0.661  0.625  0.625 490
0156  0.641  0.641  0.659  0.624  0.624 490
0157  0.639  0.639  0.657  0.622  0.622 490
0158  0.645  0.645  0.665  0.627  0.627 489
0159  0.650  0.650  0.670  0.631  0.631 488
0160  0.642  0.642  0.662  0.624  0.624 488
0161  0.626  0.626  0.645  0.608  0.608 488
0162  0.616  0.616  0.635  0.598  0.598 488
0163  0.620  0.620  0.639  0.602  0.602 488
0164  0.622  0.622  0.641  0.604  0.604 488
0165  0.618  0.618  0.637  0.600  0.600 488
0166  0.624  0.624  0.643  0.606  0.606 488
0167  0.600  0.600  0.619  0.583  0.583 488
0168  0.610  0.610  0.629  0.593  0.593 488
0169  0.604  0.604  0.623  0.587  0.587 488
0170  0.592  0.592  0.611  0.575  0.575 488
0171  0.586  0.586  0.605  0.569  0.569 488
0172  0.579  0.579  0.596  0.562  0.562 488
0173  0.583  0.583  0.602  0.566  0.566 487
0174  0.585  0.585  0.604  0.568  0.568 487
0175  0.577  0.577  0.595  0.560  0.560 487
0176  0.577  0.577  0.595  0.560  0.560 487
0177  0.579  0.579  0.598  0.562  0.562 487
0178  0.562  0.562  0.580  0.544  0.544 486
0179  0.570  0.570  0.588  0.552  0.552 486
0180  0.556  0.556  0.574  0.539  0.539 486
0181  0.570  0.570  0.588  0.552  0.552 486
0182  0.556  0.556  0.574  0.539  0.539 486
0183  0.554  0.554  0.572  0.537  0.537 486
0184  0.548  0.548  0.567  0.531  0.531 485
0185  0.556  0.556  0.575  0.539  0.539 485
0186  0.558  0.558  0.577  0.541  0.541 485
0187  0.546  0.546  0.565  0.529  0.529 485
0188  0.546  0.546  0.565  0.529  0.529 485
0189  0.540  0.540  0.559  0.523  0.523 485
0190  0.536  0.536  0.555  0.519  0.519 485
0191  0.518  0.518  0.536  0.502  0.502 485
0192  0.522  0.522  0.540  0.506  0.506 485
0193  0.526  0.526  0.544  0.510  0.510 485
0194  0.520  0.520  0.538  0.504  0.504 485
0195  0.510  0.510  0.528  0.494  0.494 485
0196  0.514  0.514  0.532  0.498  0.498 485
0197  0.514  0.514  0.532  0.498  0.498 485
0198  0.518  0.518  0.536  0.502  0.502 485
0199  0.502  0.502  0.520  0.486  0.486 485
0200  0.520  0.520  0.538  0.504  0.504 485
0201  0.510  0.510  0.528  0.494  0.494 485
0202  0.510  0.510  0.528  0.494  0.494 485
0203  0.518  0.518  0.536  0.502  0.502 485
0204  0.512  0.512  0.530  0.496  0.496 485
0205  0.495  0.495  0.511  0.479  0.479 485
0206  0.497  0.497  0.513  0.481  0.481 485
0207  0.499  0.499  0.517  0.483  0.483 484
0208  0.497  0.497  0.514  0.481  0.481 484
0209  0.501  0.501  0.519  0.485  0.485 484
0210  0.491  0.491  0.508  0.475  0.475 484
0211  0.493  0.493  0.510  0.477  0.477 484
0212  0.493  0.493  0.510  0.477  0.477 484
0213  0.481  0.481  0.498  0.465  0.465 484
0214  0.479  0.479  0.496  0.463  0.463 484
0215  0.471  0.471  0.488  0.456  0.456 484
0216  0.477  0.477  0.494  0.461  0.461 484
0217  0.477  0.477  0.494  0.461  0.461 484
0218  0.477  0.477  0.494  0.461  0.461 484
0219  0.489  0.489  0.506  0.473  0.473 484
0220  0.487  0.487  0.504  0.471  0.471 484
0221  0.491  0.491  0.508  0.475  0.475 484
0222  0.464  0.464  0.480  0.448  0.448 483
0223  0.454  0.454  0.470  0.438  0.438 483
0224  0.470  0.470  0.487  0.454  0.454 483
0225  0.456  0.456  0.472  0.440  0.440 483
0226  0.466  0.466  0.482  0.450  0.450 483
0227  0.448  0.448  0.465  0.432  0.432 482
0228  0.442  0.442  0.459  0.427  0.427 481
0229  0.444  0.444  0.462  0.429  0.429 481
0230  0.452  0.452  0.470  0.436  0.436 481
0231  0.446  0.446  0.464  0.431  0.431 481
0232  0.452  0.452  0.470  0.436  0.436 481
0233  0.442  0.442  0.459  0.427  0.427 481
0234  0.442  0.442  0.459  0.427  0.427 481
0235  0.454  0.454  0.472  0.438  0.438 481
0236  0.458  0.458  0.476  0.442  0.442 481
0237  0.436  0.436  0.453  0.421  0.421 481
0238  0.438  0.438  0.455  0.423  0.423 481
0239  0.438  0.438  0.455  0.423  0.423 481
0240  0.432  0.432  0.449  0.417  0.417 481
