# File: various/lighting Algorithm = KLT  skip 4 tolerance = 5.0
# (time tick) ( F ) ( F all inside) (precision) (recall) (recall all inside) (tracks)
0004  0.985  0.985  0.988  0.983  0.983 515
0008  0.980  0.980  0.983  0.977  0.977 515
0012  0.957  0.957  0.961  0.954  0.954 514
0016  0.948  0.948  0.953  0.942  0.942 512
0020  0.928  0.928  0.935  0.921  0.921 510
0024  0.920  0.920  0.927  0.913  0.913 510
0028  0.902  0.902  0.910  0.894  0.894 509
0032  0.904  0.904  0.912  0.896  0.896 509
0036  0.891  0.891  0.900  0.882  0.882 508
0040  0.879  0.879  0.889  0.869  0.869 506
0044  0.858  0.858  0.871  0.846  0.846 503
0048  0.856  0.856  0.869  0.844  0.844 503
0052  0.858  0.858  0.871  0.846  0.846 503
0056  0.848  0.848  0.861  0.836  0.836 503
0060  0.836  0.836  0.849  0.824  0.824 503
0064  0.831  0.831  0.843  0.819  0.819 503
0068  0.829  0.829  0.841  0.817  0.817 503
0072  0.840  0.840  0.853  0.828  0.828 503
0076  0.827  0.827  0.839  0.815  0.815 503
0080  0.820  0.820  0.833  0.807  0.807 502
0084  0.822  0.822  0.835  0.809  0.809 502
0088  0.805  0.805  0.818  0.792  0.792 501
0092  0.805  0.805  0.818  0.792  0.792 501
0096  0.809  0.809  0.822  0.795  0.795 501
0100  0.813  0.813  0.826  0.799  0.799 501
0104  0.809  0.809  0.822  0.795  0.795 501
0108  0.803  0.803  0.816  0.790  0.790 501
0112  0.775  0.775  0.788  0.763  0.763 501
0116  0.738  0.738  0.768  0.710  0.710 479
0120  0.694  0.694  0.726  0.664  0.664 474
0124  0.681  0.681  0.714  0.651  0.651 472
0128  0.663  0.663  0.695  0.633  0.633 472
0132  0.654  0.654  0.687  0.624  0.624 470
0136  0.650  0.650  0.684  0.620  0.620 469
0140  0.645  0.645  0.679  0.614  0.614 468
0144  0.647  0.647  0.682  0.616  0.616 468
0148  0.631  0.631  0.665  0.600  0.600 468
0152  0.631  0.631  0.665  0.600  0.600 468
0156  0.631  0.631  0.665  0.600  0.600 468
0160  0.625  0.625  0.658  0.595  0.595 468
0164  0.600  0.600  0.632  0.571  0.571 468
0168  0.588  0.588  0.620  0.560  0.560 468
0172  0.574  0.574  0.605  0.546  0.546 468
0176  0.576  0.576  0.607  0.548  0.548 468
0180  0.566  0.566  0.596  0.539  0.539 468
0184  0.556  0.556  0.585  0.529  0.529 468
0188  0.558  0.558  0.588  0.531  0.531 468
0192  0.523  0.523  0.551  0.498  0.498 468
0196  0.521  0.521  0.549  0.496  0.496 468
0200  0.522  0.522  0.552  0.496  0.496 466
0204  0.522  0.522  0.552  0.496  0.496 466
0208  0.492  0.492  0.520  0.467  0.467 465
0212  0.480  0.480  0.508  0.456  0.456 465
0216  0.490  0.490  0.518  0.465  0.465 465
0220  0.484  0.484  0.512  0.459  0.459 465
0224  0.454  0.454  0.480  0.431  0.431 465
0228  0.458  0.458  0.485  0.434  0.434 464
0232  0.460  0.460  0.487  0.436  0.436 464
0236  0.439  0.439  0.466  0.415  0.415 461
0240  0.436  0.436  0.463  0.411  0.411 460
