#  list of hand selected 2D points from ellipse tangents
191.41054593360428000000 33.57545723210633000000
214.81934126815463000000 39.81019111939528400000
215.40053460676890000000 34.65325195729394600000
191.60443354313364000000 28.22357313264613000000
225.73810801939095000000 61.52126131475379400000
244.22040363092060000000 70.60651286939562000000
241.99531803203890000000 58.93224102719758000000
223.37546121593834000000 49.28881291595988000000
253.52344101541254000000 105.95137816530000000000
263.61914909530003000000 111.54557877513228000000
262.30862476099480000000 90.35747341833421000000
252.48004292451543000000 84.21205819786353000000
157.03320647304550000000 47.25427886918265000000
179.28633784791708000000 49.02174765731304000000
183.50501147910296000000 38.76404064686709000000
161.05533615967985000000 37.33074283693078000000
188.81884943333213000000 75.19679110991694000000
213.16149806482156000000 81.88749751625919000000
214.62268680289060000000 65.39472224966099000000
190.88293583468040000000 58.72685749474402000000
220.16342714636870000000 122.18594876435517000000
237.13610870417668000000 127.80912122869489000000
239.96320599219905000000 103.09487628368912000000
223.50516929159160000000 96.94572460831716000000
120.90150596865676000000 74.44714387574513000000
140.00239319126550000000 72.26160105702075000000
144.81895046017240000000 56.71017432840815000000
125.54750881629947000000 59.89672820615402000000
146.10902144151686000000 103.58551341579853000000
169.55976585842296000000 106.17441742575868000000
173.75647008327320000000 83.90985180623898000000
150.05124228226072000000 82.43162650636673000000
176.48312711413456000000 145.43251121097848000000
198.29460330174263000000 150.22775089202003000000
203.78651641854336000000 125.78041692330679000000
181.21922670050674000000 121.26621623084725000000
96.87227252676819000000 105.91240105086412000000
108.06274266330449000000 105.20462957055176000000
111.62280710335367000000 85.76524217355224000000
100.20238665567122000000 87.28472961701326000000
115.62087053654423000000 133.56362433005108000000
131.28660333409735000000 136.30464401341920000000
133.65973462191923000000 114.55709399007293000000
117.34219137510885000000 112.76766218643093000000
139.94545275082618000000 166.23683024814340000000
158.64562216451510000000 171.66411744432460000000
161.30212991182740000000 152.88604353427448000000
141.57055979600550000000 147.77223302625396000000
