#  list of hand selected 2D points from ellipse tangents
143.92598128511975000000 30.85282595251604000000
157.51426962423272000000 37.37434289044909000000
162.93887210937493000000 31.83087759163110000000
149.76659940385122000000 25.26899523270606000000
150.74985443722620000000 54.76113902502820000000
163.05056955854965000000 61.79457223494097000000
169.02458857346950000000 53.19225932637630000000
157.28655780817382000000 45.70729909303613000000
157.94030883625000000000 82.18037907339920000000
167.73545946871602000000 88.10627303761902000000
173.14663524500367000000 77.81991129834825000000
163.75162026389737000000 70.81568165718618000000
108.62113954846112000000 37.36671635649590000000
123.07319751243274000000 41.28458581674130000000
131.91987786465663000000 32.36435458119696000000
117.68110041700092000000 28.45898086286585000000
117.35259310335356000000 61.90766166453383000000
133.32275106607330000000 67.80586558862092000000
140.60637266409523000000 56.84220843592827000000
125.18158790460362000000 50.41274380843429000000
128.96346671333256000000 92.26131335087877000000
141.70751975386600000000 97.34368152525329000000
148.09957549570940000000 84.49061357643060000000
135.65690599224695000000 78.24821735067968000000
70.97188444378011000000 55.89892259745081000000
85.24663723926420000000 55.00006152628133500000
94.99199851708646000000 42.25379570086711000000
80.60897882537738000000 43.10870807239105000000
81.69958866871038000000 81.92711678758302000000
97.11609072895769000000 83.91245597738131000000
104.99095112684033000000 67.67297517195558000000
89.63668903891349000000 65.14737824845449000000
97.63835945664154000000 109.44885437809296000000
112.71963907051489000000 112.18549261009537000000
118.22195117534383000000 97.38765767244311000000
102.87034258920820000000 93.67632798587780000000
41.80817955510743600000 83.67694882825666000000
50.79057604205672000000 82.60606264232601000000
59.92172612203111000000 64.39463402331580000000
50.96234895714752600000 65.13041670334854000000
53.60572097813214000000 106.78125806176088000000
65.00642167186504000000 108.00965735278822000000
70.39952640729331000000 89.37350489131993000000
58.70859544630065600000 87.48195267007208000000
71.65536511953816000000 130.51066337220468000000
84.88456568116257000000 132.42150267125058000000
87.83357364555258000000 117.34245181365777000000
73.99249857319100000000 114.63596655106376000000
