#  list of hand selected 2D points from ellipse tangents
220.62410621966046000000 119.89130970834961000000
231.49834364497707000000 132.89602442683375000000
236.44389189506128000000 125.73333603837280000000
226.05852059263745000000 112.97856616085053000000
224.63335029533903000000 155.47283014812690000000
233.27029214601240000000 166.69951462981027000000
240.06970613776048000000 155.51113418392120000000
232.15760754190504000000 144.19272792755785000000
223.35436230737410000000 192.77585177168447000000
229.07578867470545000000 199.49188888891157000000
238.44914395739866000000 186.09688651375083000000
233.15680265855494000000 178.98669478062467000000
188.64474866300960000000 116.99851521708975000000
202.33060379265086000000 130.52663880712726000000
210.57301827716700000000 121.34219352100236000000
197.41948752973326000000 108.43569676809750000000
191.46773653918564000000 156.54903178102130000000
203.85152193248290000000 169.33921048014753000000
214.67578795227030000000 155.51937203480912000000
203.17177086778207000000 143.00264765539498000000
190.88338334204963000000 196.19613631901942000000
201.43407484310399000000 204.97719574012228000000
213.84150143843132000000 191.56125197007060000000
203.92179642762497000000 182.57319072839220000000
149.45686874303388000000 119.03555453166034000000
163.13728893509915000000 129.96880319947735000000
175.43376333834055000000 118.18877437667926000000
161.78756684516213000000 107.67381645759569000000
150.36562943526160000000 157.87599865210464000000
164.58468092104943000000 171.26887869477605000000
177.98959561206840000000 156.96635168543287000000
163.68188589130773000000 143.64335663278070000000
151.82592807910152000000 196.69885447889960000000
165.40302324677123000000 207.97833884409465000000
178.18124797743423000000 196.36886546782330000000
164.56481008054052000000 184.72909469125500000000
114.70657825865167000000 125.49016276495603000000
123.80134628443788000000 134.07956901241110000000
136.56817146187860000000 119.83514168542916000000
127.40324528158216000000 111.38223132403039000000
114.03034458974543000000 159.24823027471797000000
125.16988162436277000000 171.63595205037480000000
136.16943342273953000000 158.34122471327538000000
124.56504308315647000000 145.83317747431204000000
117.12130931348209000000 194.13286587084494000000
129.87665447886428000000 206.71356699464914000000
138.54044203883075000000 197.47809262710334000000
125.43008914528271000000 184.55233384095480000000
