#  list of hand selected 2D points from ellipse tangents
124.98213016136819000000 126.14439558815201000000
139.93799242364430000000 117.83521231330178000000
132.65437818636045000000 112.75928179286485000000
117.75050816611696000000 120.39195367320505000000
164.43237228924870000000 124.69023828448655000000
176.76744661566120000000 117.92795762205866000000
165.01361721540000000000 112.05350904321187000000
152.27581453135957000000 117.87337245161180000000
203.26870959860315000000 127.74764223419440000000
208.97902436937153000000 122.98635830111854000000
194.50019761576917000000 114.82514898492373000000
188.27351966069574000000 119.08166453196131000000
114.64349020493584000000 159.64168744468070000000
132.85591926202176000000 145.14373965996420000000
123.84081821771545000000 134.90449689912788000000
106.22348612276727000000 147.53375714553835000000
166.65192923180780000000 159.13454274519387000000
182.07731145519253000000 145.62003061718855000000
165.88752460759090000000 134.34173698741810000000
149.80892907990590000000 145.61492736446590000000
215.07079773136100000000 159.54605255649200000000
221.33638436965694000000 148.82502041708685000000
205.55855742716890000000 136.84052770439303000000
198.21445616597833000000 146.23694815588880000000
107.68409676924230000000 213.24207191193360000000
125.48075613396841000000 196.15938914320947000000
109.76260664402186000000 175.96479040156603000000
93.40674456942608000000 191.20905134306568000000
169.41541758961117000000 218.70037732298044000000
189.34730967417315000000 196.17833584665357000000
168.40604528902617000000 177.03247709790637000000
147.57769244699645000000 197.38865131967162000000
223.70645496682505000000 209.13673083694252000000
233.87074395177788000000 189.03449132060297000000
220.04686845678930000000 175.56060702303668000000
207.96640603077503000000 194.15034926550408000000
112.04777371636496000000 265.68703625133090000000
124.00456914902516000000 256.07329357824820000000
101.88483435113484000000 231.86586628021237000000
90.07034403170505000000 241.01486216507900000000
168.92635510511914000000 271.59238439478200000000
191.03014743205512000000 254.24313565557875000000
169.60233602025290000000 240.63178481350370000000
146.80421037556818000000 257.72398223867674000000
221.51194540724174000000 258.32484370182124000000
238.80641007871847000000 234.05943172864656000000
228.65907100223706000000 226.90501329902173000000
210.59795492731067000000 250.62454127884712000000
