#  list of hand selected 2D points from ellipse tangents
196.62727961542817000000 106.08904798659100000000
211.65878991916014000000 97.41968088911868000000
199.68175391718256000000 90.08440532883601000000
185.35737716227010000000 97.83875265833211000000
241.00127072202037000000 109.31842296480265000000
249.25343734157997000000 103.55771594292807000000
233.13639513796980000000 91.68900556744825000000
225.19491488402554000000 96.92786553394649000000
272.59038241620440000000 118.18873341739621000000
276.10332555702390000000 113.40217050086066000000
262.10909151777660000000 98.79472128373438000000
258.76383689652664000000 103.63227679357334000000
196.87373493992530000000 147.04127831356098000000
215.34196426118058000000 132.26354259189260000000
200.60534167825838000000 117.65041086778172000000
182.54838036722566000000 130.63606330537540000000
249.00859866923014000000 153.07259471208786000000
259.49165495940497000000 140.05446969374324000000
243.74028770740864000000 121.87754514891144000000
232.73015048307852000000 133.62730933582628000000
281.68479336237590000000 159.32035932749100000000
285.97771294620003000000 147.08911877487940000000
275.89722327673940000000 130.20353721013120000000
271.32026807747120000000 142.18906174140753000000
189.91267707857680000000 204.94583228094388000000
210.42806378965938000000 189.03209856622536000000
194.74409015873930000000 165.60257765343607000000
174.09147999401466000000 181.32445149557470000000
242.00150302154987000000 211.35330276186010000000
258.72857549717460000000 193.48343693033368000000
248.07640453500780000000 172.45193494019713000000
230.37344381198182000000 190.12388007778628000000
276.66415540354586000000 209.49128464314680000000
286.55972055565970000000 192.38066939237865000000
282.28196555580604000000 175.92640526772757000000
271.91792099811700000000 192.45795751259215000000
175.36127100531826000000 247.49780219159888000000
195.56099973046435000000 237.99627875116990000000
181.61010410302998000000 221.27404145381163000000
162.09060739531768000000 231.60411263453040000000
220.26517517851136000000 255.61524729404627000000
242.89592682993748000000 240.39769311039083000000
234.79876254393744000000 229.42771291213418000000
211.86724322470113000000 245.03591984832192000000
255.38734442656207000000 251.14718521392658000000
274.78152506987544000000 231.62082033944480000000
272.17625743334526000000 225.84935036207700000000
252.60636388453130000000 245.13696892047912000000
