# list of hand selected 2D points
314.48781512605040000000 125.69831932773110000000
347.22689075630250000000 116.05042016806722000000
379.74789915966386000000 106.89075630252100000000
409.91596638655460000000 98.57142857142857000000
427.89915966386553000000 120.92436974789915000000
396.82268907563025000000 129.95000000000000000000
364.03361344537814000000 139.91596638655463000000
329.83193277310926000000 150.33613445378150000000
346.78877551020400000000 177.90918367346936000000
381.93673469387755000000 165.91836734693877000000
415.71020408163270000000 154.95000000000000000000
446.98469387755100000000 144.94591836734696000000
466.95000000000000000000 171.05000000000000000000
435.55000000000000000000 182.49999999999997000000
401.40000000000000000000 194.35000000000002000000
364.90000000000003000000 207.14999999999998000000
384.30000000000007000000 239.80000000000000000000
421.60000000000000000000 225.45000000000002000000
456.45000000000000000000 212.10000000000002000000
488.65000000000003000000 200.09999999999997000000
510.75000000000000000000 230.54999999999998000000
478.15000000000000000000 244.09999999999997000000
442.90000000000000000000 259.15000000000000000000
405.00000000000000000000 274.90000000000000000000
