# list of hand selected 2D points
355.05747126436780000000 107.64367816091952000000
395.05747126436780000000 104.99999999999999000000
435.05747126436773000000 102.41379310344826000000
473.96551724137925000000 100.80459770114942000000
481.05000000000000000000 132.85000000000000000000
440.54545454545456000000 134.84848484848484000000
399.51515151515150000000 137.45454545454547000000
357.27272727272725000000 140.06060606060606000000
360.00000000000000000000 175.81818181818180000000
403.33333333333330000000 173.03030303030303000000
447.03030303030300000000 170.00000000000000000000
488.30303030303030000000 167.87878787878788000000
496.18181818181820000000 206.00000000000000000000
452.60606060606060000000 208.66666666666666000000
407.63636363636360000000 211.39393939393940000000
362.18181818181820000000 214.78787878787878000000
364.84848484848490000000 257.03030303030300000000
411.57575757575756000000 253.75757575757575000000
458.60606060606060000000 250.42424242424244000000
503.09090909090907000000 247.51515151515150000000
510.36060606060613000000 291.88939393939390000000
463.59696969696967000000 295.55757575757570000000
415.57575757575756000000 299.51515151515150000000
366.66666666666670000000 302.54545454545456000000
