# list of hand selected 2D points
321.61666666666660000000 145.40977011494250000000
356.16206896551730000000 153.38333333333333000000
389.31034482758616000000 161.55172413793102000000
419.74770114942527000000 169.54770114942525000000
420.32988505747124000000 202.46379310344827000000
388.60574712643677000000 195.40977011494250000000
354.82758620689650000000 187.88103448275860000000
352.93103448275860000000 224.13793103448273000000
387.97356321839080000000 230.81954022988500000000
419.87011494252870000000 237.18390804597698000000
419.93505747126430000000 273.11839080459765000000
386.55172413793100000000 267.58620689655170000000
351.21436781609190000000 262.24137931034477000000
313.95804597701147000000 255.98448275862063000000
319.10000000000000000000 180.15000000000000000000
316.75000000000000000000 217.15000000000000000000
311.30000000000000000000 296.85000000000000000000
349.20000000000005000000 301.75000000000000000000
385.60000000000000000000 306.55000000000000000000
419.05000000000000000000 310.90000000000003000000
417.80000000000000000000 349.15000000000000000000
383.59999999999997000000 346.09999999999997000000
347.05000000000000000000 342.65000000000000000000
307.75000000000000000000 338.50000000000000000000
