# list of hand selected 2D points
371.00000000000000000000 154.20000000000000000000
415.00000000000000000000 156.55000000000000000000
458.20000000000000000000 159.10000000000000000000
498.10000000000000000000 161.90000000000000000000
500.60000000000000000000 204.85000000000000000000
459.35000000000000000000 203.00000000000000000000
416.20000000000000000000 201.09999999999997000000
371.00000000000000000000 199.54999999999998000000
370.80000000000000000000 246.30000000000000000000
416.55000000000000000000 247.35000000000002000000
460.50000000000000000000 248.19999999999996000000
501.70000000000000000000 249.25000000000000000000
501.84999999999997000000 293.90000000000000000000
460.15000000000000000000 294.05000000000000000000
416.20000000000000000000 294.15000000000000000000
369.95000000000000000000 293.80000000000000000000
369.50000000000000000000 341.40000000000000000000
415.30000000000000000000 341.15000000000000000000
459.80000000000000000000 340.09999999999997000000
500.90000000000003000000 339.20000000000000000000
499.10000000000000000000 383.10000000000000000000
458.05000000000000000000 385.10000000000000000000
414.10000000000000000000 387.25000000000000000000
368.10000000000000000000 387.85000000000000000000
