# list of hand selected 2D points
249.71264367816090000000 85.34482758620689000000
284.59770114942523000000 82.52873563218390000000
320.55229885057470000000 80.42988505747124000000
355.57471264367814000000 78.44827586206895000000
358.56321839080454000000 111.49425287356320000000
321.55919540229880000000 113.45574712643678000000
285.51724137931030000000 115.45977011494251000000
249.54022988505744000000 118.39080459770113000000
249.76264367816090000000 152.45632183908046000000
286.01206896551724000000 150.27241379310345000000
323.56321839080454000000 148.16091954022986000000
360.43735632183905000000 146.20689655172413000000
362.70114942528730000000 182.39137931034483000000
324.54022988505744000000 184.31034482758620000000
287.42126436781604000000 186.31436781609193000000
250.46724137931030000000 188.39827586206894000000
251.56666666666660000000 225.40229885057468000000
288.34080459770110000000 223.43333333333334000000
326.53678160919540000000 221.36436781609194000000
364.36781609195396000000 219.48275862068962000000
366.42183908045973000000 258.21091954022984000000
327.77356321839073000000 259.74999999999990000000
289.82758620689650000000 261.71666666666664000000
251.93908045977010000000 263.03850574712640000000
