# list of hand selected 2D points
92.29508196721311000000 170.98360655737704000000
129.34426229508196000000 167.70491803278688000000
128.68852459016392000000 208.03278688524588000000
90.65573770491802000000 210.65573770491800000000
168.19672131147540000000 164.42622950819670000000
208.85245901639342000000 161.80327868852459000000
209.34426229508196000000 202.95081967213113000000
168.19672131147540000000 205.57377049180326000000
168.68852459016392000000 248.19672131147540000000
210.16393442622950000000 246.06557377049180000000
211.47540983606555000000 289.34426229508193000000
169.18032786885243000000 290.98360655737700000000
90.49180327868852000000 251.63934426229505000000
128.36065573770492000000 249.99999999999997000000
128.92213114754080000000 292.25901639344255000000
90.64180327868851000000 293.42049180327860000000
92.53731343283582000000 335.67164179104475000000
130.14925373134330000000 335.37313432835820000000
133.28358208955223000000 377.76119402985074000000
94.92537313432835000000 377.16417910447760000000
171.49253731343282000000 334.77611940298505000000
213.43283582089552000000 333.73134328358210000000
215.97014925373134000000 377.16417910447760000000
173.43283582089552000000 378.20895522388060000000
