# list of hand selected 2D points
257.75510204081630000000 179.38775510204080000000
290.71632653061220000000 180.16020408163257000000
287.75510204081630000000 204.28571428571428000000
252.75510204081630000000 203.46938775510202000000
324.79591836734690000000 181.12244897959184000000
358.97959183673464000000 181.93877551020407000000
359.08163265306120000000 206.22448979591834000000
322.95918367346934000000 205.20408163265304000000
321.53061224489795000000 232.34693877551018000000
358.57142857142856000000 233.26530612244898000000
358.36734693877550000000 262.65306122448976000000
318.97959183673470000000 261.53061224489795000000
247.85714285714283000000 230.10204081632650000000
283.97959183673470000000 231.42857142857142000000
280.30612244897960000000 260.00000000000000000000
242.14285714285714000000 258.97959183673470000000
236.73469387755100000000 290.91836734693874000000
275.71632653061220000000 291.99693877551010000000
271.83673469387753000000 327.34693877551020000000
230.10204081632650000000 325.30612244897960000000
316.93877551020404000000 293.97959183673470000000
357.55102040816325000000 295.20408163265300000000
357.44897959183670000000 330.20408163265300000000
313.67755102040810000000 328.77959183673460000000
