# list of hand selected 2D points
309.45945945945940000000 179.59459459459458000000
337.16216216216213000000 174.72972972972970000000
333.51351351351350000000 209.45945945945945000000
305.00000000000000000000 212.56756756756755000000
367.97297297297297000000 169.59459459459458000000
400.40540540540536000000 164.32432432432432000000
397.83783783783780000000 201.89189189189187000000
363.64864864864865000000 205.67567567567568000000
360.40540540540536000000 243.91891891891890000000
394.32432432432430000000 242.02702702702700000000
390.94594594594594000000 282.70270270270270000000
356.08108108108104000000 283.37837837837840000000
300.81081081081080000000 247.97297297297297000000
329.05405405405406000000 246.35135135135133000000
324.86486486486484000000 283.78378378378375000000
295.54054054054050000000 283.51351351351350000000
291.48648648648646000000 320.81081081081080000000
319.86486486486484000000 322.29729729729730000000
315.54054054054050000000 360.81081081081080000000
286.21621621621620000000 357.43243243243240000000
352.02702702702703000000 323.78378378378375000000
386.35135135135135000000 325.40540540540540000000
382.16216216216213000000 367.43243243243240000000
346.89189189189190000000 364.32432432432430000000
