# GENERATOR DetectDescribeRegression
# Elapsed time in milliseconds

BoofSURF-Fast
                              N       Mean      P05      P50      P95      MAX
  bikes/                        6  174.946  118.803  155.002  164.487  308.746
  boat/                         6  153.059  133.855  140.267  165.337  183.511
  graf/                         6  149.625  144.309  149.111   153.29   155.62
  leuven/                       6  127.383  108.821  122.298  137.295  149.687
  ubc/                          6  138.967  119.795  139.124  143.877  152.358
  trees/                        6  201.596  173.301  198.955  214.054  216.972
  wall/                         6  187.017  177.963  180.519   182.92  218.998
  bark/                         6  110.519  106.394  107.307  114.782  115.435

BoofSURF-Fast_Color
                              N       Mean      P05      P50      P95      MAX
  bikes/                        6  251.245  174.182  227.359  280.032  364.112
  boat/                         6  162.255  138.665  149.922  175.168  209.456
  graf/                         6  285.069  266.659  284.701  292.358   303.09
  leuven/                       6  226.579  181.887  214.924  252.879  278.769
  ubc/                          6  258.927  215.917  262.217  273.365  283.298
  trees/                        6  394.067  318.488   400.12  426.575  432.065
  wall/                         6  361.685  341.447  347.021   355.75  426.005
  bark/                         6  209.717   198.84  202.384  220.428  222.201

BoofSURF-Stable
                              N       Mean      P05      P50      P95      MAX
  bikes/                        6  348.217  206.427  292.979  383.542   603.78
  boat/                         6   395.08  328.207  348.068  446.253  483.632
  graf/                         6  412.491  381.143  414.446  428.478  434.326
  leuven/                       6  312.547  238.659   293.79  353.554   399.26
  ubc/                          6  377.479  299.788  385.683  405.719  414.815
  trees/                        6  568.583  448.564  560.301  614.614  637.559
  wall/                         6  542.344  511.975  521.169  533.568  641.542
  bark/                         6  307.244  290.191  292.519  323.542  329.758

BoofSURF-Stable_Color
                              N       Mean      P05      P50      P95      MAX
  bikes/                        6  491.781  299.679  438.281  575.025  739.907
  boat/                         6  397.094   330.51  350.513  447.656  485.311
  graf/                         6  634.199  585.058  637.013  659.364  667.649
  leuven/                       6  481.549  361.479  451.059  548.066  622.818
  ubc/                          6  570.878  440.187  586.314  619.162  633.519
  trees/                        6  872.175  683.178  856.963  943.425  986.206
  wall/                         6  829.368  780.707  795.707    817.1  984.168
  bark/                         6  467.926  440.342  445.426  494.546   502.89

BoofSIFT
                              N       Mean      P05      P50      P95      MAX
  bikes/                        6  416.741  342.212  382.662  411.539  588.319
  boat/                         6  407.171  392.669  407.405  417.204  418.725
  graf/                         6  260.164   247.71  259.367  263.554  271.301
  leuven/                       6  301.047  296.375  300.003  304.733  308.211
  ubc/                          6  389.707  349.948  396.334  397.561  408.355
  trees/                        6  503.078  465.033  504.329  516.122   518.21
  wall/                         6  501.192   488.42  490.562  497.924  544.921
  bark/                         6  344.872  333.985  341.728  348.138  363.487


Summary:
                              N       Mean      P05      P50      P95      MAX
  BoofSURF-Fast                48  155.389  107.307  149.111  214.054  308.746
  BoofSURF-Fast_Color          48  268.693  149.922  262.217  410.796  432.065
  BoofSURF-Stable              48  407.998  253.029   394.89   603.78  641.542
  BoofSURF-Stable_Color        48  593.121  340.862  575.025   914.58  986.206
  BoofSIFT                     48  390.497  259.367  392.669  516.122  588.319
