# list of hand selected 2D points
96.94444444444444000000 264.81481481481480000000
109.72222222222221000000 260.83333333333330000000
123.42592592592592000000 257.31481481481480000000
135.00000000000000000000 253.79629629629628000000
147.77777777777777000000 250.64814814814812000000
158.70370370370370000000 247.03703703703700000000
99.81481481481481000000 278.33333333333330000000
112.96296296296296000000 274.35185185185185000000
125.64814814814814000000 270.46296296296293000000
137.96296296296296000000 266.94444444444440000000
149.81481481481480000000 263.24074074074070000000
161.20370370370370000000 259.81481481481480000000
102.40740740740740000000 292.31481481481480000000
114.90740740740740000000 288.05555555555554000000
128.33333333333331000000 284.44444444444440000000
139.62962962962962000000 280.00000000000000000000
152.12962962962962000000 276.38888888888886000000
163.05555555555554000000 272.77777777777777000000
105.27777777777777000000 305.83333333333330000000
118.14814814814814000000 301.48148148148147000000
130.64814814814815000000 296.94444444444440000000
142.31481481481480000000 292.87037037037030000000
154.16666666666666000000 288.51851851851850000000
164.53703703703704000000 284.90740740740740000000
107.68518518518518000000 319.07407407407410000000
120.18518518518518000000 314.44444444444440000000
132.77777777777777000000 310.09259259259255000000
144.25925925925924000000 305.64814814814815000000
156.01851851851850000000 301.29629629629630000000
166.94444444444443000000 297.03703703703700000000
110.64814814814814000000 332.22222222222223000000
122.96296296296296000000 326.94444444444440000000
135.18518518518520000000 322.31481481481480000000
146.29629629629628000000 317.68518518518516000000
157.96296296296296000000 313.61111111111110000000
168.14814814814812000000 309.07407407407410000000
112.87037037037037000000 345.18518518518516000000
125.09259259259258000000 339.72222222222220000000
137.40740740740740000000 335.09259259259255000000
149.07407407407408000000 329.81481481481480000000
160.27777777777777000000 325.55555555555554000000
170.64814814814812000000 320.92592592592590000000
115.64814814814814000000 357.22222222222220000000
127.40740740740740000000 351.75925925925924000000
140.00000000000000000000 346.75925925925924000000
151.11111111111111000000 341.75925925925924000000
162.12962962962962000000 336.94444444444440000000
172.40740740740740000000 332.50000000000000000000
