# list of hand selected 2D points
652.34177215189870000000 256.39240506329110000000
665.18987341772150000000 256.01265822784810000000
678.67088607594930000000 255.56962025316454000000
691.96202531645570000000 255.06329113924050000000
705.50632911392400000000 254.49367088607593000000
718.22784810126570000000 253.98734177215190000000
651.32911392405060000000 268.86075949367086000000
664.43037974683550000000 268.22784810126580000000
677.72151898734170000000 267.91139240506330000000
690.31645569620250000000 267.15189873417720000000
704.05063291139240000000 266.96202531645570000000
717.15189873417720000000 266.13924050632910000000
649.81012658227850000000 281.96202531645570000000
662.40506329113920000000 281.58227848101260000000
675.69620253164560000000 280.88607594936707000000
688.67088607594930000000 280.37974683544303000000
701.89873417721510000000 279.87341772151900000000
714.74683544303800000000 279.49367088607596000000
648.35443037974680000000 293.92405063291136000000
661.39240506329110000000 293.22784810126580000000
674.30379746835440000000 292.78481012658230000000
687.34177215189870000000 292.15189873417720000000
700.37974683544300000000 291.77215189873414000000
713.35443037974680000000 291.20253164556960000000
646.96202531645570000000 306.51898734177210000000
659.17721518987340000000 306.07594936708860000000
672.46835443037970000000 305.50632911392404000000
685.12658227848100000000 305.00000000000000000000
698.29113924050630000000 304.30379746835440000000
710.50632911392400000000 303.86075949367086000000
646.01265822784810000000 317.97468354430380000000
658.35443037974680000000 317.34177215189874000000
671.26582278481010000000 317.02531645569620000000
684.11392405063290000000 316.26582278481010000000
697.08860759493670000000 316.01265822784810000000
709.55696202531650000000 315.31645569620250000000
644.49367088607600000000 330.18987341772150000000
656.64556962025310000000 329.55696202531647000000
669.43037974683550000000 329.17721518987340000000
681.96202531645570000000 328.54430379746833000000
695.25316455696200000000 328.03797468354430000000
707.40506329113920000000 327.78481012658230000000
643.73417721518980000000 341.13924050632910000000
656.20253164556960000000 340.88607594936707000000
668.86075949367090000000 340.12658227848100000000
681.07594936708860000000 339.93670886075950000000
693.92405063291140000000 339.05063291139237000000
706.26582278481010000000 339.05063291139237000000
