# list of hand selected 2D points
323.81944444444446000000 420.00000000000000000000
334.30555555555554000000 419.44444444444446000000
345.97222222222223000000 417.98611111111110000000
356.73611111111110000000 417.15277777777777000000
367.98611111111110000000 416.18055555555554000000
378.47222222222223000000 415.20833333333330000000
323.95833333333330000000 431.52777777777777000000
334.23611111111110000000 430.83333333333330000000
346.31944444444446000000 429.23611111111110000000
357.08333333333330000000 428.19444444444446000000
368.47222222222223000000 426.87500000000000000000
379.02777777777777000000 425.97222222222223000000
325.13888888888886000000 443.61111111111110000000
336.25000000000000000000 442.84722222222223000000
347.77777777777777000000 441.11111111111110000000
358.26388888888886000000 440.34722222222223000000
369.79166666666670000000 439.02777777777777000000
380.13888888888886000000 437.84722222222223000000
325.69444444444446000000 454.93055555555554000000
336.25000000000000000000 453.81944444444446000000
347.98611111111110000000 452.77777777777777000000
358.68055555555554000000 451.59722222222223000000
369.93055555555554000000 449.79166666666663000000
380.76388888888886000000 448.81944444444446000000
326.66666666666670000000 467.43055555555554000000
337.91666666666670000000 466.11111111111110000000
349.23611111111110000000 464.65277777777777000000
360.27777777777777000000 463.95833333333330000000
371.38888888888886000000 461.94444444444446000000
382.22222222222223000000 460.83333333333330000000
326.87500000000000000000 478.88888888888886000000
338.12500000000000000000 477.91666666666663000000
349.86111111111110000000 476.11111111111110000000
361.11111111111110000000 474.79166666666663000000
371.94444444444446000000 473.05555555555554000000
382.98611111111110000000 471.73611111111110000000
328.19444444444446000000 491.25000000000000000000
339.23611111111110000000 490.00000000000000000000
351.04166666666670000000 488.33333333333330000000
362.08333333333330000000 486.87500000000000000000
373.40277777777777000000 485.55555555555554000000
384.23611111111110000000 484.44444444444446000000
328.88888888888886000000 503.05555555555554000000
339.93055555555554000000 501.66666666666663000000
351.80555555555554000000 500.00000000000000000000
362.63888888888886000000 498.33333333333330000000
373.95833333333330000000 496.94444444444446000000
384.86111111111110000000 495.27777777777777000000
