# list of hand selected 2D points
372.04081632653060000000 89.89795918367346000000
384.48979591836730000000 90.00000000000000000000
397.95918367346934000000 89.89795918367346000000
410.10204081632650000000 90.00000000000000000000
423.36734693877550000000 89.28571428571428000000
435.81632653061223000000 88.97959183673468000000
372.04081632653060000000 102.55102040816325000000
384.79591836734690000000 102.34693877551020000000
397.44897959183670000000 101.83673469387755000000
410.20408163265300000000 101.93877551020408000000
423.16326530612240000000 101.53061224489795000000
435.20408163265300000000 101.32653061224490000000
372.44897959183670000000 115.20408163265306000000
384.38775510204080000000 115.20408163265306000000
397.44897959183670000000 114.99999999999999000000
409.48979591836730000000 114.79591836734693000000
422.14285714285710000000 114.18367346938774000000
433.87755102040813000000 114.08163265306122000000
372.75510204081630000000 127.04081632653060000000
384.59183673469386000000 126.93877551020407000000
397.24489795918360000000 126.83673469387755000000
409.28571428571430000000 126.22448979591836000000
421.93877551020404000000 126.02040816326530000000
434.18367346938770000000 125.81632653061223000000
373.06122448979590000000 138.97959183673467000000
385.10204081632650000000 138.97959183673467000000
397.14285714285710000000 138.67346938775510000000
408.87755102040813000000 138.36734693877550000000
421.02040816326530000000 138.06122448979590000000
432.75510204081627000000 137.24489795918367000000
373.06122448979590000000 149.89795918367346000000
385.10204081632650000000 149.89795918367346000000
397.04081632653060000000 149.48979591836735000000
408.87755102040813000000 148.97959183673467000000
420.91836734693874000000 148.97959183673467000000
432.95918367346934000000 148.46938775510202000000
373.51839080459774000000 161.52931034482760000000
385.05747126436780000000 161.14942528735630000000
397.06896551724134000000 161.09195402298850000000
408.27586206896547000000 160.86206896551720000000
420.22988505747120000000 160.28735632183907000000
431.95402298850570000000 159.99999999999997000000
373.64827586206894000000 171.78160919540227000000
385.17241379310340000000 171.95402298850573000000
397.01149425287350000000 171.09195402298850000000
408.21839080459770000000 170.91954022988503000000
420.40229885057465000000 170.05747126436780000000
431.26954022988510000000 170.25747126436784000000
