# list of hand selected 2D points
350.98765432098764000000 246.41975308641977000000
362.09876543209880000000 246.41975308641977000000
373.82716049382720000000 246.66666666666669000000
384.56790123456790000000 246.54320987654322000000
396.29629629629630000000 246.66666666666669000000
407.28395061728395000000 246.66666666666669000000
350.86419753086420000000 257.90123456790127000000
362.12962962962960000000 257.68518518518516000000
373.70370370370370000000 257.50000000000000000000
385.00000000000000000000 257.59259259259255000000
396.11111111111110000000 257.68518518518516000000
407.12962962962960000000 257.68518518518516000000
351.11111111111110000000 269.44444444444440000000
362.03703703703700000000 269.44444444444440000000
373.51851851851850000000 269.62962962962960000000
384.81481481481480000000 269.44444444444440000000
396.11111111111110000000 269.35185185185185000000
407.12962962962960000000 269.16666666666663000000
350.92592592592590000000 280.83333333333330000000
361.94444444444440000000 280.92592592592590000000
373.51851851851850000000 280.27777777777777000000
384.62962962962960000000 280.09259259259255000000
396.11111111111110000000 280.09259259259255000000
407.03703703703700000000 279.72222222222223000000
351.20000000000000000000 292.15000000000000000000
362.15000000000000000000 292.20000000000000000000
373.67647058823525000000 292.13235294117646000000
384.77941176470586000000 292.20588235294116000000
396.17647058823525000000 291.98529411764700000000
407.13235294117640000000 292.05882352941170000000
351.02941176470586000000 303.01470588235290000000
362.05882352941170000000 303.23529411764700000000
373.79032258064510000000 303.06451612903226000000
384.35483870967740000000 302.82258064516130000000
396.04838709677420000000 302.50000000000000000000
406.93548387096774000000 302.41935483870970000000
351.04838709677420000000 314.83870967741933000000
362.09677419354836000000 314.83870967741933000000
373.79032258064510000000 314.75806451612900000000
384.37419354838710000000 314.55806451612900000000
396.04838709677420000000 314.19354838709677000000
406.85483870967740000000 314.19354838709677000000
351.20967741935480000000 325.32258064516130000000
362.17741935483870000000 325.24193548387100000000
373.62903225806450000000 325.08064516129030000000
384.59677419354836000000 324.91935483870970000000
396.20967741935480000000 324.59677419354836000000
406.77419354838710000000 324.27419354838710000000
