# list of hand selected 2D points
168.10000000000000000000 385.70000000000000000000
178.15000000000000000000 385.00000000000000000000
189.35000000000000000000 384.10000000000000000000
199.20000000000000000000 383.15000000000000000000
209.95000000000000000000 382.05000000000000000000
219.90000000000000000000 381.00000000000000000000
168.05000000000000000000 395.15000000000000000000
178.15000000000000000000 394.80000000000000000000
189.20000000000000000000 393.00000000000000000000
199.10000000000000000000 392.60000000000000000000
210.10000000000000000000 391.70000000000000000000
219.95000000000000000000 390.80000000000000000000
168.33333333333334000000 405.73333333333335000000
178.80000000000000000000 405.00000000000000000000
189.46666666666667000000 403.66666666666670000000
200.00000000000000000000 402.93333333333334000000
210.33333333333334000000 401.33333333333330000000
220.13333333333333000000 400.93333333333334000000
168.73333333333332000000 415.00000000000000000000
178.80000000000000000000 414.26666666666665000000
189.73333333333332000000 412.80000000000000000000
200.13333333333333000000 411.86666666666670000000
210.20000000000000000000 410.66666666666670000000
220.20000000000000000000 409.80000000000000000000
168.93333333333334000000 425.60000000000000000000
179.06666666666666000000 424.80000000000000000000
190.06666666666666000000 423.20000000000000000000
200.06666666666666000000 422.26666666666665000000
210.80000000000000000000 420.73333333333335000000
220.53333333333333000000 420.00000000000000000000
168.93333333333334000000 435.00000000000000000000
179.20000000000000000000 434.06666666666666000000
190.13333333333333000000 432.60000000000000000000
200.06666666666666000000 431.73333333333335000000
210.86666666666667000000 429.93333333333334000000
220.33333333333334000000 428.73333333333335000000
169.26666666666668000000 445.60000000000000000000
180.00000000000000000000 444.86666666666670000000
190.46666666666667000000 443.06666666666666000000
200.73333333333332000000 441.73333333333335000000
211.20000000000000000000 440.20000000000000000000
221.00000000000000000000 438.86666666666670000000
169.73333333333332000000 455.13333333333330000000
179.86666666666667000000 453.86666666666670000000
190.93333333333334000000 451.93333333333334000000
201.00000000000000000000 450.73333333333335000000
211.33333333333334000000 449.20000000000000000000
220.93333333333334000000 447.93333333333334000000
