# list of hand selected 2D points
662.40506329113920000000 278.22784810126580000000
672.91139240506320000000 281.20253164556960000000
684.24050632911390000000 283.67088607594934000000
695.37974683544300000000 286.45569620253160000000
707.34177215189870000000 289.55696202531647000000
719.36708860759500000000 292.27848101265823000000
660.18987341772150000000 288.41772151898730000000
670.25316455696200000000 291.26582278481010000000
681.96202531645570000000 293.92405063291136000000
692.72151898734170000000 297.15189873417720000000
704.93670886075950000000 299.68354430379750000000
716.20253164556960000000 303.03797468354430000000
658.29113924050630000000 298.92405063291136000000
668.35443037974680000000 302.08860759493670000000
679.30379746835440000000 305.06329113924050000000
690.44303797468350000000 308.22784810126580000000
701.89873417721510000000 311.20253164556960000000
713.41772151898730000000 314.17721518987340000000
655.82278481012660000000 308.73417721518985000000
666.26582278481010000000 312.02531645569620000000
677.21518987341770000000 314.87341772151900000000
687.91139240506320000000 318.29113924050630000000
699.36708860759500000000 321.32911392405060000000
710.88607594936710000000 324.87341772151900000000
653.54430379746830000000 319.36708860759490000000
663.41772151898730000000 322.46835443037975000000
674.68354430379750000000 326.01265822784810000000
685.44303797468350000000 328.98734177215186000000
696.77215189873410000000 332.34177215189874000000
708.16455696202520000000 335.69620253164555000000
651.45569620253160000000 328.73417721518985000000
661.77215189873410000000 332.21518987341770000000
672.53164556962020000000 335.69620253164555000000
683.16455696202520000000 339.11392405063290000000
694.24050632911390000000 342.27848101265823000000
705.12658227848100000000 346.20253164556960000000
649.05063291139240000000 338.86075949367086000000
659.17721518987340000000 342.59493670886076000000
669.62025316455700000000 346.01265822784810000000
680.25316455696200000000 349.43037974683540000000
691.64556962025310000000 353.10126582278480000000
702.72151898734170000000 356.77215189873414000000
646.64556962025310000000 348.10126582278480000000
656.96202531645570000000 352.15189873417720000000
667.59493670886070000000 355.44303797468353000000
678.22784810126570000000 359.24050632911390000000
689.49367088607600000000 362.65822784810126000000
700.12658227848100000000 366.51898734177210000000
