# GENERATOR ObjectTrackingRegression
# Elapsed time in milliseconds

BoofCV-TLD
                              N       Mean      P05      P50      P95      MAX
  cliffbar                    328  35.8098  33.7098  35.4892  37.3499  105.943
  coke11                      292  25.2671  23.8423   24.881  27.7306  44.4747
  david                       462  36.7875  21.5799  39.5793  46.4846  65.4025
  dollar                      327  14.3763  8.91301   15.599  17.9141  24.0688
  faceocc                     886   37.077  28.1662  36.5352  48.5152  50.2496
  faceocc2                    812  34.8567  27.6063  35.5531  43.0244  61.7702
  girl                        502  25.1093  17.7069  23.6332  34.1545  42.2758
  surfer                      376   25.362  17.7485  25.8806  31.2523  35.3246
  sylv                       1344  22.9643  9.97581  22.3995  40.9972   42.316
  tiger1                      354  28.8912  22.6475  28.9629  34.5996  39.1668
  tiger2                      365  28.5955  22.4559  27.4678  35.3053  36.8172
  twinings                    467  32.8538  30.5492  32.5771  35.5189   59.627
  01_david                    761  72.2951  61.7237  73.8325  78.1935  118.187
  02_jumping                  313  54.4139  42.5457  55.5022   61.606  82.6837
  03_pedestrian1              140  23.2293  19.1273  23.4294  26.7843  33.9743
  04_pedestrian2              338  9.14191  .591817   10.519  14.2279  27.7585
  05_pedestrian3              184  11.1355  7.35703  10.0714  16.3603  17.9838
  06_car                      945  9.31763  4.12474  10.3215  13.1575   15.946
  07_motocross               2665  27.1256  3.56855   28.434  44.9435  65.7704
  08_volkswagen              8576  88.5368  67.0551  88.5927  116.669  135.819
  09_carchase                9928  60.6326  30.1223  61.8535  85.4673  93.9667
  10_panda                   3000  29.2529  10.6134  29.2823  44.1849  50.6652

BoofCV-Circulant
                              N       Mean      P05      P50      P95      MAX
  cliffbar                    328  .784881  .568308  .575527  1.44014  9.37251
  coke11                      292  .564639  .553417  .566762  .579024   .64394
  david                       462  .616097  .605472  .609125  .675826  .819451
  dollar                      327   .60349  .595202  .606175  .614995   .67052
  faceocc                     886  .609762  .605955  .608948  .613646  1.09846
  faceocc2                    812  .565884  .551947  .564275  .602758  .735966
  girl                        502  .609627  .595334  .607079  .642974  .927233
  surfer                      376  .598636   .59341  .595177  .627645   .64638
  sylv                       1344  .609868  .604514  .606927  .640057  .673438
  tiger1                      354  .602126  .592489  .595229  .629408  .749339
  tiger2                      365  .599682   .59413  .595075  .627756  .675798
  twinings                    467  .604061  .594224  .607443  .630003  .660828
  01_david                    761  .603244  .581507  .607037  .641258  .680102
  02_jumping                  313  .600628  .592497  .595098  .613146  .822324
  03_pedestrian1              140  .596363  .590958  .595791  .614671  .670315
  04_pedestrian2              338  .604122   .58996  .607132  .612073  .727113
  05_pedestrian3              184  .583899  .569982  .573021  .625579  .852752
  06_car                      945  .594625  .584463  .592524  .627087  .753569
  07_motocross               2665  .582896  .569351  .577238  .602142   .72534
  08_volkswagen              8576   .59601  .583057  .592326  .623536  .712278
  09_carchase                9928  .580924  .570034  .572921  .608753  1.25757
  10_panda                   3000  .602951   .58906  .606436  .615934  .690923

BoofCV-Comaniciu
                              N       Mean      P05      P50      P95      MAX
  cliffbar                    328  .592211  .467894  .486217  .863353  3.52124
  coke11                      292  .470938  .461431  .462597  .477592  .868738
  david                       462  .308606    .2727  .295765  .349578  1.18596
  dollar                      327  .465893  .458521  .460477  .484803  .876462
  faceocc                     886  .321826  .294043  .298423  .357009  .667745
  faceocc2                    812  .482561  .472353  .475751  .508748  .943616
  girl                        502   .49486  .463611  .487564  .541896  .992098
  surfer                      376  .466964  .463335  .464412  .478991  .871826
  sylv                       1344  .299668  .293098  .293877  .325201  .582769
  tiger1                      354  .473856  .460505  .470762  .508722  .888137
  tiger2                      365  .465852  .460073   .46084  .497607  .865106
  twinings                    467  .471598  .462096  .464032  .496939  .869987
  01_david                    761  .375417  .032514   .55047  .556267  .889008
  02_jumping                  313  .471646  .470236  .470839  .475628  .635812
  03_pedestrian1              140  .458323  .453031  .453945  .501756  .534694
  04_pedestrian2              338  .466084  .453036  .454494   .53713  .621113
  05_pedestrian3              184  .420577  .164471  .454002   .49324  .534495
  06_car                      945  .464839  .446689  .454488  .520482  .619282
  07_motocross               2665  .526298  .520671  .520957  .551809  .644169
  08_volkswagen              8576  .297977  .023388  .341619  .410255  .793533
  09_carchase                9928  .806017  .461035  .912456  .919078   2.9538
  10_panda                   3000  .830545   .82688  .830047  .836381  .992497

BoofCV-SparseFlow
                              N       Mean      P05      P50      P95      MAX
  cliffbar                    328  .937724  5.70E-04  7.95E-04  4.34757  9.13155
  coke11                      292  .443016  3.75E-04  4.39E-04  3.45825  7.71645
  david                       462  1.33844  3.27E-04  3.87E-04  3.96886  5.54451
  dollar                      327  2.96841  2.18586  3.01939  3.78133  4.07779
  faceocc                     886  .358266  3.30E-04  3.84E-04  3.66732  4.90107
  faceocc2                    812  1.50028  3.55E-04  4.56E-04  3.60777  9.72219
  girl                        502  .154017  3.38E-04  3.98E-04  4.87E-04   6.0588
  surfer                      376  .384975  3.87E-04  4.40E-04    4.819  5.46392
  sylv                       1344  1.51483  3.07E-04  3.79E-04  3.83708  4.46115
  tiger1                      354  .199793  3.14E-04  3.73E-04  .019096  5.53399
  tiger2                      365  .341139  3.20E-04  3.77E-04  3.94879  4.57251
  twinings                    467   2.0742  3.30E-04  2.79699  3.53847   4.3958
  01_david                    761  .014351  9.90E-05  1.36E-04  1.76E-04  5.46964
  02_jumping                  313  .182566  1.04E-04  1.53E-04  2.48E-04  5.47697
  03_pedestrian1              140  .359008  1.01E-04  1.42E-04  4.23856  5.37368
  04_pedestrian2              338   .11917  9.50E-05  1.35E-04  1.94E-04  4.43158
  05_pedestrian3              184   1.1794  1.02E-04  1.55E-04  4.21517  4.96989
  06_car                      945  1.90061  1.03E-04  3.06443  4.16504  5.54832
  07_motocross               2665  .015044  1.28E-04  1.74E-04  4.41E-04  6.47036
  08_volkswagen              8576  .013957  9.20E-05  1.11E-04  2.98E-04  5.15844
  09_carchase                9928  .015219  9.70E-05  1.46E-04  3.46E-04  5.53125
  10_panda                   3000  .046098  6.40E-05  2.91E-04  3.70E-04   3.8654

Summary:
                              N       Mean      P05      P50      P95      MAX
  BoofCV-TLD                33365  53.9947  11.2932  55.2842  100.484  135.819
  BoofCV-Circulant          33365   .59386  .569843  .591403  .618624  9.37251
  BoofCV-Comaniciu          33365  .548836  .081464  .474271  .913042  3.52124
  BoofCV-SparseFlow         33365  .287857  9.40E-05  1.57E-04  3.36124  9.72219
