# File: various/compressed Algorithm = FH-BRIEF  skip 4 tolerance = 5.0
# (time tick) ( F ) ( F all inside) (precision) (recall) (recall all inside) (tracks)
0004  0.525  0.526  0.845  0.381  0.382 233
0008  0.546  0.549  0.839  0.404  0.407 249
0012  0.538  0.545  0.843  0.395  0.402 242
0016  0.464  0.485  0.764  0.333  0.355 225
0020  0.456  0.488  0.787  0.321  0.354 211
0024  0.422  0.470  0.749  0.294  0.342 203
0028  0.423  0.492  0.756  0.294  0.365 201
0032  0.401  0.485  0.726  0.277  0.364 197
0036  0.367  0.456  0.643  0.257  0.354 207
0040  0.351  0.461  0.699  0.234  0.344 173
0044  0.303  0.416  0.615  0.201  0.314 169
0048  0.288  0.411  0.579  0.191  0.318 171
0052  0.301  0.442  0.580  0.203  0.357 181
0056  0.253  0.384  0.545  0.164  0.296 156
0060  0.257  0.396  0.547  0.168  0.311 159
0064  0.227  0.362  0.521  0.145  0.278 144
0068  0.208  0.342  0.469  0.133  0.270 147
0072  0.227  0.382  0.552  0.143  0.292 134
0076  0.224  0.375  0.514  0.143  0.295 144
0080  0.196  0.331  0.471  0.124  0.255 136
0084  0.179  0.303  0.439  0.112  0.231 132
0088  0.167  0.281  0.393  0.106  0.219 140
0092  0.183  0.309  0.438  0.116  0.239 137
0096  0.122  0.211  0.315  0.075  0.159 124
0100  0.129  0.226  0.345  0.079  0.168 119
0104  0.136  0.237  0.368  0.083  0.175 117
0108  0.088  0.156  0.241  0.054  0.116 116
0112  0.082  0.148  0.222  0.050  0.111 117
0116  0.084  0.149  0.248  0.050  0.107 105
