# File: various/compressed Algorithm = FH-BRIEF  skip 8 tolerance = 5.0
# (time tick) ( F ) ( F all inside) (precision) (recall) (recall all inside) (tracks)
0008  0.546  0.549  0.839  0.404  0.407 249
0016  0.464  0.485  0.764  0.333  0.355 225
0024  0.422  0.469  0.749  0.294  0.342 203
0032  0.401  0.484  0.726  0.277  0.363 197
0040  0.351  0.460  0.699  0.234  0.343 173
0048  0.288  0.411  0.579  0.191  0.318 171
0056  0.253  0.384  0.545  0.164  0.296 156
0064  0.227  0.362  0.521  0.145  0.278 144
0072  0.227  0.382  0.552  0.143  0.292 134
0080  0.196  0.330  0.471  0.124  0.254 136
0088  0.167  0.281  0.393  0.106  0.218 140
0096  0.122  0.211  0.315  0.075  0.159 124
0104  0.136  0.237  0.368  0.083  0.175 117
0112  0.079  0.142  0.214  0.048  0.107 117
