# File: various/compressed Algorithm = FH-BRIEF  skip 1 tolerance = 5.0
# (time tick) ( F ) ( F all inside) (precision) (recall) (recall all inside) (tracks)
0001  0.573  0.573  0.845  0.433  0.433 265
0002  0.603  0.603  0.875  0.460  0.460 272
0003  0.520  0.520  0.808  0.383  0.384 245
0004  0.525  0.526  0.845  0.381  0.382 233
0005  0.531  0.534  0.819  0.393  0.396 248
0006  0.538  0.540  0.843  0.395  0.398 242
0007  0.542  0.545  0.832  0.402  0.405 250
0008  0.546  0.549  0.839  0.404  0.407 249
0009  0.554  0.557  0.861  0.408  0.411 245
0010  0.526  0.530  0.833  0.385  0.389 239
0011  0.510  0.515  0.814  0.371  0.376 236
0012  0.538  0.545  0.843  0.395  0.402 242
0013  0.527  0.537  0.843  0.383  0.394 235
0014  0.494  0.512  0.797  0.358  0.377 232
0015  0.497  0.520  0.805  0.360  0.384 231
0016  0.464  0.485  0.764  0.333  0.355 225
0017  0.509  0.533  0.826  0.368  0.393 230
0018  0.468  0.496  0.813  0.329  0.357 209
0019  0.430  0.459  0.746  0.302  0.331 209
0020  0.456  0.488  0.787  0.321  0.354 211
0021  0.424  0.459  0.774  0.292  0.326 195
0022  0.438  0.475  0.748  0.309  0.349 214
0023  0.431  0.473  0.804  0.294  0.335 189
0024  0.422  0.470  0.749  0.294  0.342 203
0025  0.414  0.472  0.747  0.286  0.345 198
0026  0.430  0.491  0.760  0.300  0.362 204
0027  0.394  0.457  0.712  0.273  0.337 198
0028  0.423  0.492  0.756  0.294  0.365 201
0029  0.416  0.489  0.745  0.288  0.363 200
0030  0.412  0.486  0.723  0.288  0.366 206
0031  0.399  0.474  0.719  0.277  0.354 199
0032  0.401  0.485  0.726  0.277  0.364 197
0033  0.394  0.479  0.735  0.269  0.355 189
0034  0.383  0.470  0.692  0.265  0.356 198
0035  0.365  0.455  0.692  0.248  0.339 185
0036  0.367  0.456  0.643  0.257  0.354 207
0037  0.366  0.464  0.674  0.251  0.354 193
0038  0.330  0.424  0.655  0.221  0.314 174
0039  0.351  0.456  0.672  0.238  0.345 183
0040  0.351  0.461  0.699  0.234  0.344 173
0041  0.397  0.522  0.745  0.271  0.402 188
0042  0.351  0.471  0.672  0.238  0.363 183
0043  0.307  0.417  0.625  0.203  0.313 168
0044  0.303  0.416  0.615  0.201  0.314 169
0045  0.311  0.434  0.642  0.205  0.327 165
0046  0.311  0.435  0.610  0.209  0.339 177
0047  0.309  0.441  0.648  0.203  0.334 162
0048  0.288  0.411  0.579  0.191  0.318 171
0049  0.309  0.445  0.611  0.207  0.350 175
0050  0.310  0.446  0.600  0.209  0.355 180
0051  0.282  0.416  0.585  0.186  0.322 164
0052  0.301  0.442  0.580  0.203  0.357 181
0053  0.257  0.381  0.521  0.170  0.300 169
0054  0.291  0.440  0.647  0.188  0.333 150
0055  0.310  0.467  0.639  0.205  0.368 166
0056  0.253  0.384  0.545  0.164  0.296 156
0057  0.261  0.402  0.584  0.168  0.306 149
0058  0.279  0.434  0.624  0.180  0.332 149
0059  0.269  0.420  0.618  0.172  0.318 144
0060  0.257  0.396  0.547  0.168  0.311 159
0061  0.272  0.416  0.557  0.180  0.332 167
0062  0.245  0.382  0.563  0.157  0.289 144
0063  0.243  0.376  0.516  0.159  0.296 159
0064  0.227  0.362  0.521  0.145  0.278 144
0065  0.219  0.351  0.490  0.141  0.273 149
0066  0.196  0.317  0.442  0.126  0.247 147
0067  0.231  0.377  0.497  0.151  0.304 157
0068  0.208  0.342  0.469  0.133  0.270 147
0069  0.196  0.325  0.445  0.126  0.256 146
0070  0.194  0.326  0.470  0.122  0.250 134
0071  0.200  0.339  0.492  0.126  0.258 132
0072  0.227  0.383  0.552  0.143  0.294 134
0073  0.200  0.339  0.489  0.126  0.259 133
0074  0.189  0.316  0.449  0.120  0.244 138
0075  0.211  0.357  0.504  0.133  0.276 137
0076  0.224  0.372  0.514  0.143  0.292 144
0077  0.226  0.374  0.487  0.147  0.304 156
0078  0.187  0.318  0.455  0.118  0.244 134
0079  0.182  0.307  0.426  0.116  0.240 141
0080  0.196  0.332  0.471  0.124  0.256 136
0081  0.186  0.313  0.436  0.118  0.244 140
0082  0.193  0.326  0.463  0.122  0.252 136
0083  0.204  0.344  0.479  0.130  0.268 140
0084  0.179  0.304  0.439  0.112  0.232 132
0085  0.176  0.295  0.432  0.110  0.224 132
0086  0.187  0.316  0.449  0.118  0.244 136
0087  0.172  0.289  0.393  0.110  0.228 145
0088  0.167  0.282  0.393  0.106  0.220 140
0089  0.169  0.282  0.381  0.108  0.224 147
0090  0.180  0.305  0.431  0.114  0.236 137
0091  0.152  0.260  0.386  0.095  0.196 127
0092  0.183  0.310  0.438  0.116  0.240 137
0093  0.160  0.272  0.394  0.101  0.208 132
0094  0.144  0.240  0.371  0.089  0.177 124
0095  0.147  0.251  0.379  0.091  0.188 124
0096  0.122  0.212  0.315  0.075  0.160 124
0097  0.126  0.216  0.311  0.079  0.165 132
0098  0.146  0.255  0.373  0.091  0.193 126
0099  0.129  0.227  0.347  0.079  0.169 118
0100  0.129  0.227  0.345  0.079  0.169 119
0101  0.109  0.190  0.282  0.068  0.143 124
0102  0.094  0.165  0.246  0.058  0.124 122
0103  0.104  0.180  0.277  0.064  0.134 119
0104  0.136  0.238  0.368  0.083  0.175 117
0105  0.130  0.223  0.321  0.081  0.171 131
0106  0.080  0.140  0.225  0.048  0.101 111
0107  0.095  0.168  0.259  0.058  0.124 116
0108  0.088  0.157  0.241  0.054  0.116 116
0109  0.085  0.154  0.229  0.052  0.116 118
0110  0.080  0.142  0.231  0.048  0.103 108
0111  0.085  0.154  0.231  0.052  0.116 117
0112  0.082  0.149  0.222  0.050  0.112 117
0113  0.096  0.172  0.278  0.058  0.125 108
0114  0.077  0.137  0.226  0.046  0.098 106
0115  0.089  0.161  0.243  0.054  0.121 115
0116  0.084  0.150  0.248  0.050  0.107 105
0117  0.073  0.136  0.200  0.044  0.103 115
