# File: various/lighting Algorithm = FH-BRIEF  skip 1 tolerance = 5.0
# (time tick) ( F ) ( F all inside) (precision) (recall) (recall all inside) (tracks)
0001  0.912  0.912  0.991  0.845  0.845 444
0002  0.916  0.916  0.995  0.848  0.848 444
0003  0.895  0.895  0.984  0.821  0.821 435
0004  0.884  0.884  0.990  0.798  0.798 420
0005  0.891  0.891  0.993  0.808  0.808 424
0006  0.886  0.886  0.988  0.802  0.802 423
0007  0.891  0.891  0.991  0.810  0.810 426
0008  0.888  0.888  0.991  0.804  0.804 423
0009  0.879  0.879  0.990  0.791  0.791 416
0010  0.874  0.874  0.993  0.781  0.781 410
0011  0.875  0.875  0.983  0.789  0.789 418
0012  0.869  0.869  0.990  0.774  0.774 407
0013  0.885  0.885  0.993  0.798  0.798 419
0014  0.887  0.887  0.988  0.804  0.804 424
0015  0.871  0.871  0.978  0.785  0.785 418
0016  0.878  0.878  0.988  0.791  0.791 417
0017  0.877  0.877  0.983  0.791  0.791 419
0018  0.878  0.878  0.988  0.791  0.791 417
0019  0.875  0.875  0.990  0.783  0.783 412
0020  0.866  0.866  0.993  0.768  0.768 403
0021  0.874  0.874  0.988  0.783  0.783 413
0022  0.867  0.867  0.976  0.779  0.779 416
0023  0.886  0.886  0.995  0.798  0.798 418
0024  0.879  0.879  0.990  0.791  0.791 416
0025  0.874  0.874  0.983  0.787  0.787 417
0026  0.890  0.890  0.995  0.804  0.804 421
0027  0.865  0.865  0.983  0.772  0.772 409
0028  0.874  0.874  0.983  0.787  0.787 417
0029  0.878  0.878  0.983  0.793  0.793 420
0030  0.885  0.885  0.986  0.802  0.802 424
0031  0.875  0.875  0.990  0.783  0.783 412
0032  0.868  0.868  0.981  0.779  0.779 414
0033  0.881  0.881  0.988  0.795  0.795 419
0034  0.870  0.870  0.981  0.781  0.781 415
0035  0.884  0.884  0.990  0.798  0.798 420
0036  0.883  0.883  0.993  0.795  0.795 417
0037  0.888  0.888  0.984  0.810  0.810 429
0038  0.879  0.879  0.983  0.795  0.795 421
0039  0.867  0.867  0.983  0.775  0.775 411
0040  0.876  0.876  0.988  0.787  0.787 415
0041  0.881  0.881  0.986  0.797  0.797 421
0042  0.862  0.862  0.990  0.764  0.764 402
0043  0.874  0.874  0.979  0.789  0.789 420
0044  0.874  0.874  0.988  0.783  0.783 413
0045  0.871  0.871  0.990  0.777  0.777 409
0046  0.876  0.876  0.993  0.783  0.783 411
0047  0.884  0.884  0.990  0.798  0.798 420
0048  0.879  0.879  0.993  0.789  0.789 414
0049  0.879  0.879  0.990  0.791  0.791 416
0050  0.864  0.864  0.988  0.768  0.768 405
0051  0.858  0.858  0.976  0.766  0.766 409
0052  0.860  0.860  0.983  0.764  0.764 405
0053  0.859  0.859  0.990  0.758  0.758 399
0054  0.864  0.864  0.988  0.768  0.768 405
0055  0.862  0.862  0.980  0.770  0.770 409
0056  0.890  0.890  0.993  0.806  0.806 423
0057  0.876  0.876  0.993  0.783  0.783 411
0058  0.851  0.851  0.973  0.756  0.756 405
0059  0.865  0.865  0.988  0.770  0.770 406
0060  0.872  0.872  0.988  0.781  0.781 412
0061  0.866  0.866  0.988  0.772  0.772 407
0062  0.872  0.872  0.988  0.781  0.781 412
0063  0.837  0.837  0.974  0.733  0.733 392
0064  0.847  0.847  0.980  0.747  0.747 397
0065  0.889  0.889  0.991  0.806  0.806 424
0066  0.865  0.865  0.983  0.772  0.772 409
0067  0.874  0.874  0.993  0.781  0.781 410
0068  0.869  0.869  0.988  0.775  0.775 409
0069  0.872  0.872  0.981  0.785  0.785 417
0070  0.859  0.859  0.978  0.766  0.766 408
0071  0.855  0.855  0.990  0.752  0.752 396
0072  0.844  0.844  0.980  0.741  0.741 394
0073  0.854  0.854  0.990  0.750  0.750 395
0074  0.851  0.851  0.990  0.747  0.747 393
0075  0.863  0.863  0.983  0.770  0.770 408
0076  0.865  0.865  0.983  0.772  0.772 409
0077  0.877  0.877  0.990  0.787  0.787 414
0078  0.858  0.858  0.973  0.768  0.768 411
0079  0.853  0.853  0.987  0.750  0.750 396
0080  0.882  0.882  0.995  0.793  0.793 415
0081  0.859  0.859  0.990  0.758  0.758 399
0082  0.862  0.862  0.980  0.770  0.770 409
0083  0.858  0.858  0.978  0.764  0.764 407
0084  0.866  0.866  0.993  0.768  0.768 403
0085  0.850  0.850  0.982  0.749  0.749 397
0086  0.883  0.883  0.990  0.797  0.797 419
0087  0.869  0.869  0.993  0.774  0.774 406
0088  0.867  0.867  0.985  0.774  0.774 409
0089  0.857  0.857  0.987  0.756  0.756 399
0090  0.875  0.875  0.990  0.783  0.783 412
0091  0.873  0.873  0.981  0.787  0.787 418
0092  0.863  0.863  0.983  0.770  0.770 408
0093  0.864  0.864  0.988  0.768  0.768 405
0094  0.865  0.865  0.985  0.772  0.772 408
0095  0.870  0.870  0.988  0.777  0.777 410
0096  0.865  0.865  0.983  0.772  0.772 409
0097  0.849  0.849  0.985  0.747  0.747 395
0098  0.868  0.868  0.981  0.779  0.779 414
0099  0.848  0.848  0.987  0.743  0.743 392
0100  0.871  0.871  0.981  0.783  0.783 416
0101  0.867  0.867  0.983  0.775  0.775 411
0102  0.861  0.861  0.992  0.760  0.760 399
0103  0.874  0.874  0.988  0.783  0.783 413
0104  0.876  0.876  0.981  0.791  0.791 420
0105  0.878  0.878  0.988  0.791  0.791 417
0106  0.849  0.849  0.978  0.750  0.750 400
0107  0.842  0.842  0.975  0.741  0.741 396
0108  0.834  0.834  0.982  0.726  0.726 385
0109  0.850  0.850  0.973  0.754  0.754 404
0110  0.846  0.846  0.990  0.739  0.739 389
0111  0.849  0.849  0.968  0.756  0.756 407
0112  0.840  0.840  0.982  0.733  0.733 389
0113  0.834  0.834  0.979  0.726  0.726 386
0114  0.847  0.847  0.977  0.747  0.747 398
0115  0.848  0.848  0.985  0.745  0.745 394
0116  0.845  0.845  0.980  0.743  0.743 395
0117  0.854  0.854  0.990  0.750  0.750 395
0118  0.840  0.840  0.977  0.737  0.737 393
0119  0.841  0.841  0.970  0.743  0.743 399
0120  0.831  0.831  0.972  0.726  0.726 389
0121  0.832  0.832  0.969  0.729  0.729 392
0122  0.829  0.829  0.982  0.718  0.718 381
0123  0.830  0.830  0.974  0.724  0.724 387
0124  0.821  0.821  0.974  0.710  0.710 380
0125  0.827  0.827  0.982  0.714  0.714 379
0126  0.818  0.818  0.979  0.702  0.702 374
0127  0.828  0.828  0.974  0.720  0.720 385
0128  0.826  0.826  0.976  0.716  0.716 382
0129  0.833  0.833  0.989  0.720  0.720 379
0130  0.829  0.829  0.984  0.716  0.716 379
0131  0.800  0.800  0.960  0.685  0.685 372
0132  0.805  0.805  0.978  0.683  0.683 364
0133  0.813  0.813  0.981  0.695  0.695 369
0134  0.807  0.807  0.986  0.683  0.683 361
0135  0.794  0.794  0.954  0.679  0.679 371
0136  0.806  0.806  0.975  0.687  0.687 367
0137  0.786  0.786  0.966  0.662  0.662 357
0138  0.789  0.789  0.983  0.658  0.658 349
0139  0.790  0.790  0.983  0.660  0.660 350
0140  0.805  0.805  0.981  0.683  0.683 363
0141  0.791  0.791  0.954  0.676  0.676 369
0142  0.804  0.804  0.960  0.691  0.691 375
0143  0.789  0.789  0.967  0.666  0.666 359
0144  0.800  0.800  0.975  0.678  0.678 362
0145  0.788  0.788  0.991  0.655  0.655 344
0146  0.788  0.788  0.969  0.664  0.664 357
0147  0.812  0.812  0.981  0.693  0.693 368
0148  0.774  0.774  0.952  0.653  0.653 357
0149  0.789  0.789  0.959  0.670  0.670 364
0150  0.794  0.794  0.962  0.676  0.676 366
0151  0.796  0.796  0.962  0.679  0.679 368
0152  0.799  0.799  0.962  0.683  0.683 370
0153  0.793  0.793  0.980  0.666  0.666 354
0154  0.791  0.791  0.975  0.666  0.666 356
0155  0.811  0.811  0.978  0.693  0.693 369
0156  0.765  0.765  0.957  0.637  0.637 347
0157  0.781  0.781  0.950  0.662  0.662 363
0158  0.792  0.792  0.957  0.676  0.676 368
0159  0.777  0.777  0.968  0.649  0.649 349
0160  0.771  0.771  0.957  0.645  0.645 351
0161  0.785  0.785  0.969  0.660  0.660 355
0162  0.800  0.800  0.960  0.685  0.685 372
0163  0.773  0.773  0.966  0.645  0.645 348
0164  0.777  0.777  0.985  0.641  0.641 339
0165  0.772  0.772  0.963  0.645  0.645 349
0166  0.775  0.775  0.966  0.647  0.647 349
0167  0.754  0.754  0.948  0.626  0.626 344
0168  0.772  0.772  0.971  0.641  0.641 344
0169  0.763  0.763  0.973  0.628  0.628 336
0170  0.775  0.775  0.971  0.645  0.645 346
0171  0.764  0.764  0.962  0.633  0.633 343
0172  0.756  0.756  0.964  0.622  0.622 336
0173  0.750  0.750  0.964  0.614  0.614 332
0174  0.757  0.757  0.945  0.631  0.631 348
0175  0.749  0.749  0.950  0.618  0.618 339
0176  0.771  0.771  0.955  0.647  0.647 353
0177  0.754  0.754  0.959  0.622  0.622 338
0178  0.760  0.760  0.965  0.628  0.628 339
0179  0.775  0.775  0.945  0.656  0.656 362
0180  0.766  0.766  0.960  0.637  0.637 346
0181  0.757  0.757  0.945  0.631  0.631 348
0182  0.765  0.765  0.951  0.639  0.639 350
0183  0.766  0.766  0.946  0.643  0.643 354
0184  0.754  0.754  0.948  0.626  0.626 344
0185  0.753  0.753  0.958  0.620  0.620 337
0186  0.759  0.759  0.956  0.630  0.630 343
0187  0.748  0.748  0.939  0.622  0.622 345
0188  0.744  0.744  0.952  0.610  0.610 334
0189  0.754  0.754  0.959  0.622  0.622 338
0190  0.757  0.757  0.962  0.624  0.624 338
0191  0.731  0.731  0.954  0.593  0.593 324
0192  0.726  0.726  0.945  0.589  0.589 325
0193  0.722  0.722  0.936  0.587  0.587 327
0194  0.742  0.742  0.946  0.610  0.610 336
0195  0.723  0.723  0.962  0.580  0.580 314
0196  0.743  0.743  0.958  0.607  0.607 330
0197  0.725  0.725  0.956  0.583  0.583 318
0198  0.724  0.724  0.944  0.587  0.587 324
0199  0.707  0.707  0.942  0.566  0.566 313
0200  0.732  0.732  0.957  0.593  0.593 323
0201  0.749  0.749  0.958  0.614  0.614 334
0202  0.742  0.742  0.952  0.608  0.608 333
0203  0.725  0.725  0.947  0.587  0.587 323
0204  0.736  0.736  0.946  0.603  0.603 332
0205  0.752  0.752  0.970  0.614  0.614 330
0206  0.746  0.746  0.958  0.610  0.610 332
0207  0.745  0.745  0.961  0.608  0.608 330
0208  0.714  0.714  0.921  0.583  0.583 330
0209  0.704  0.704  0.942  0.562  0.562 311
0210  0.716  0.716  0.952  0.574  0.574 314
0211  0.718  0.718  0.933  0.583  0.583 326
0212  0.707  0.707  0.951  0.562  0.562 308
0213  0.714  0.714  0.946  0.574  0.574 316
0214  0.707  0.707  0.942  0.566  0.566 313
0215  0.713  0.713  0.935  0.576  0.576 321
0216  0.721  0.721  0.953  0.580  0.580 317
0217  0.715  0.715  0.938  0.578  0.578 321
0218  0.693  0.693  0.950  0.545  0.545 299
0219  0.701  0.701  0.925  0.564  0.564 318
0220  0.689  0.689  0.926  0.549  0.549 309
0221  0.697  0.697  0.938  0.555  0.555 308
0222  0.678  0.678  0.930  0.534  0.534 299
0223  0.660  0.660  0.915  0.516  0.516 294
0224  0.716  0.716  0.952  0.574  0.574 314
0225  0.701  0.701  0.930  0.562  0.562 315
0226  0.720  0.720  0.936  0.585  0.585 326
0227  0.700  0.700  0.939  0.559  0.559 310
0228  0.656  0.656  0.911  0.512  0.512 293
0229  0.681  0.681  0.930  0.537  0.537 301
0230  0.685  0.685  0.922  0.545  0.545 308
0231  0.681  0.681  0.913  0.543  0.543 310
0232  0.670  0.670  0.923  0.526  0.526 297
0233  0.695  0.695  0.929  0.555  0.555 311
0234  0.689  0.689  0.937  0.545  0.545 303
0235  0.704  0.704  0.957  0.557  0.557 303
0236  0.658  0.658  0.924  0.511  0.511 288
0237  0.671  0.671  0.932  0.524  0.524 293
0238  0.669  0.669  0.932  0.522  0.522 292
0239  0.696  0.696  0.935  0.555  0.555 309
0240  0.672  0.672  0.920  0.530  0.530 300
