# File: various/urban Algorithm = FH-BRIEF  skip 8 tolerance = 5.0
# (time tick) ( F ) ( F all inside) (precision) (recall) (recall all inside) (tracks)
0008  0.773  0.773  0.936  0.658  0.658 344
0016  0.764  0.777  0.943  0.642  0.661 333
0024  0.699  0.755  0.923  0.562  0.640 298
0032  0.534  0.623  0.841  0.391  0.495 227
0040  0.453  0.596  0.835  0.311  0.463 182
0048  0.548  0.651  0.850  0.405  0.527 233
0056  0.674  0.745  0.951  0.521  0.613 268
0064  0.799  0.815  0.957  0.685  0.710 350
0072  0.761  0.795  0.951  0.634  0.683 326
0080  0.723  0.725  0.913  0.599  0.601 321
0088  0.576  0.628  0.882  0.427  0.488 237
0096  0.533  0.645  0.870  0.384  0.512 216
0104  0.523  0.688  0.849  0.378  0.578 218
0112  0.550  0.720  0.868  0.403  0.615 227
0120  0.739  0.846  0.955  0.603  0.759 309
0128  0.810  0.825  0.956  0.703  0.726 360
0136  0.701  0.778  0.948  0.556  0.659 287
0144  0.499  0.601  0.811  0.360  0.478 217
0152  0.375  0.533  0.721  0.254  0.423 172
