# File: various/urban Algorithm = FH-BRIEF  skip 4 tolerance = 5.0
# (time tick) ( F ) ( F all inside) (precision) (recall) (recall all inside) (tracks)
0004  0.794  0.794  0.968  0.673  0.673 340
0008  0.773  0.773  0.936  0.658  0.658 344
0012  0.809  0.809  0.948  0.706  0.706 364
0016  0.764  0.777  0.943  0.642  0.661 333
0020  0.734  0.772  0.942  0.601  0.653 312
0024  0.699  0.755  0.923  0.562  0.640 298
0028  0.598  0.670  0.898  0.448  0.534 244
0032  0.534  0.623  0.841  0.391  0.495 227
0036  0.473  0.578  0.793  0.337  0.455 208
0040  0.453  0.596  0.835  0.311  0.463 182
0044  0.482  0.630  0.842  0.337  0.503 196
0048  0.548  0.651  0.850  0.405  0.527 233
0052  0.635  0.721  0.929  0.483  0.588 254
0056  0.674  0.745  0.951  0.521  0.613 268
0060  0.740  0.796  0.943  0.609  0.689 316
0064  0.799  0.815  0.957  0.685  0.710 350
0068  0.789  0.788  0.948  0.675  0.674 348
0072  0.761  0.795  0.951  0.634  0.683 326
0076  0.733  0.784  0.934  0.603  0.676 316
0080  0.723  0.725  0.913  0.599  0.601 321
0084  0.658  0.719  0.929  0.509  0.587 268
0088  0.576  0.628  0.882  0.427  0.488 237
0092  0.507  0.591  0.804  0.370  0.468 225
0096  0.533  0.645  0.870  0.384  0.512 216
0100  0.559  0.702  0.874  0.411  0.586 230
0104  0.523  0.688  0.849  0.378  0.578 218
0108  0.543  0.725  0.881  0.393  0.616 218
0112  0.550  0.720  0.868  0.403  0.615 227
0116  0.634  0.771  0.922  0.483  0.663 256
0120  0.739  0.846  0.955  0.603  0.759 309
0124  0.773  0.825  0.949  0.652  0.730 336
0128  0.810  0.825  0.956  0.703  0.726 360
0132  0.765  0.815  0.954  0.638  0.711 327
0136  0.701  0.778  0.948  0.556  0.659 287
0140  0.630  0.704  0.891  0.487  0.581 267
0144  0.499  0.601  0.811  0.360  0.478 217
0148  0.438  0.601  0.780  0.305  0.489 191
0152  0.375  0.533  0.721  0.254  0.423 172
