# File: various/lighting Algorithm = FH-BRIEF  skip 4 tolerance = 5.0
# (time tick) ( F ) ( F all inside) (precision) (recall) (recall all inside) (tracks)
0004  0.884  0.884  0.990  0.798  0.798 420
0008  0.888  0.888  0.991  0.804  0.804 423
0012  0.869  0.869  0.990  0.774  0.774 407
0016  0.878  0.878  0.988  0.791  0.791 417
0020  0.866  0.866  0.993  0.768  0.768 403
0024  0.879  0.879  0.990  0.791  0.791 416
0028  0.874  0.874  0.983  0.787  0.787 417
0032  0.868  0.868  0.981  0.779  0.779 414
0036  0.883  0.883  0.993  0.795  0.795 417
0040  0.876  0.876  0.988  0.787  0.787 415
0044  0.874  0.874  0.988  0.783  0.783 413
0048  0.879  0.879  0.993  0.789  0.789 414
0052  0.860  0.860  0.983  0.764  0.764 405
0056  0.890  0.890  0.993  0.806  0.806 423
0060  0.872  0.872  0.988  0.781  0.781 412
0064  0.847  0.847  0.980  0.747  0.747 397
0068  0.869  0.869  0.988  0.775  0.775 409
0072  0.844  0.844  0.980  0.741  0.741 394
0076  0.865  0.865  0.983  0.772  0.772 409
0080  0.882  0.882  0.995  0.793  0.793 415
0084  0.866  0.866  0.993  0.768  0.768 403
0088  0.867  0.867  0.985  0.774  0.774 409
0092  0.863  0.863  0.983  0.770  0.770 408
0096  0.865  0.865  0.983  0.772  0.772 409
0100  0.871  0.871  0.981  0.783  0.783 416
0104  0.876  0.876  0.981  0.791  0.791 420
0108  0.834  0.834  0.982  0.726  0.726 385
0112  0.840  0.840  0.982  0.733  0.733 389
0116  0.845  0.845  0.980  0.743  0.743 395
0120  0.831  0.831  0.972  0.726  0.726 389
0124  0.821  0.821  0.974  0.710  0.710 380
0128  0.826  0.826  0.976  0.716  0.716 382
0132  0.805  0.805  0.978  0.683  0.683 364
0136  0.806  0.806  0.975  0.687  0.687 367
0140  0.805  0.805  0.981  0.683  0.683 363
0144  0.800  0.800  0.975  0.678  0.678 362
0148  0.774  0.774  0.952  0.653  0.653 357
0152  0.799  0.799  0.962  0.683  0.683 370
0156  0.765  0.765  0.957  0.637  0.637 347
0160  0.771  0.771  0.957  0.645  0.645 351
0164  0.777  0.777  0.985  0.641  0.641 339
0168  0.772  0.772  0.971  0.641  0.641 344
0172  0.756  0.756  0.964  0.622  0.622 336
0176  0.771  0.771  0.955  0.647  0.647 353
0180  0.766  0.766  0.960  0.637  0.637 346
0184  0.754  0.754  0.948  0.626  0.626 344
0188  0.744  0.744  0.952  0.610  0.610 334
0192  0.726  0.726  0.945  0.589  0.589 325
0196  0.743  0.743  0.958  0.607  0.607 330
0200  0.732  0.732  0.957  0.593  0.593 323
0204  0.736  0.736  0.946  0.603  0.603 332
0208  0.714  0.714  0.921  0.583  0.583 330
0212  0.707  0.707  0.951  0.562  0.562 308
0216  0.721  0.721  0.953  0.580  0.580 317
0220  0.689  0.689  0.926  0.549  0.549 309
0224  0.716  0.716  0.952  0.574  0.574 314
0228  0.656  0.656  0.911  0.512  0.512 293
0232  0.670  0.670  0.923  0.526  0.526 297
0236  0.658  0.658  0.924  0.511  0.511 288
0240  0.672  0.672  0.920  0.530  0.530 300
