# File: various/urban Algorithm = FH-BRIEF  skip 1 tolerance = 5.0
# (time tick) ( F ) ( F all inside) (precision) (recall) (recall all inside) (tracks)
0001  0.856  0.856  0.979  0.761  0.761 380
0002  0.816  0.816  0.961  0.710  0.710 361
0003  0.795  0.795  0.944  0.687  0.687 356
0004  0.794  0.794  0.968  0.673  0.673 340
0005  0.779  0.779  0.937  0.667  0.667 348
0006  0.791  0.791  0.959  0.673  0.673 343
0007  0.800  0.800  0.963  0.685  0.685 348
0008  0.773  0.773  0.936  0.658  0.658 344
0009  0.810  0.810  0.950  0.706  0.706 363
0010  0.814  0.814  0.946  0.714  0.714 369
0011  0.795  0.795  0.960  0.679  0.679 346
0012  0.809  0.809  0.948  0.706  0.706 364
0013  0.794  0.797  0.944  0.685  0.689 355
0014  0.805  0.811  0.963  0.691  0.700 351
0015  0.787  0.798  0.973  0.661  0.676 332
0016  0.764  0.777  0.943  0.642  0.661 333
0017  0.753  0.771  0.936  0.630  0.655 329
0018  0.737  0.759  0.910  0.620  0.652 333
0019  0.735  0.763  0.931  0.607  0.646 319
0020  0.734  0.772  0.942  0.601  0.653 312
0021  0.727  0.767  0.950  0.589  0.643 303
0022  0.711  0.757  0.936  0.573  0.635 299
0023  0.708  0.759  0.955  0.562  0.629 288
0024  0.699  0.755  0.923  0.562  0.640 298
0025  0.658  0.717  0.892  0.521  0.600 286
0026  0.664  0.729  0.940  0.513  0.595 267
0027  0.599  0.664  0.881  0.454  0.532 252
0028  0.598  0.670  0.898  0.448  0.534 244
0029  0.600  0.677  0.902  0.450  0.542 244
0030  0.586  0.668  0.878  0.440  0.539 245
0031  0.549  0.632  0.860  0.403  0.500 229
0032  0.534  0.623  0.841  0.391  0.495 227
0033  0.515  0.607  0.846  0.370  0.474 214
0034  0.485  0.581  0.824  0.344  0.449 204
0035  0.481  0.579  0.790  0.346  0.457 214
0036  0.473  0.578  0.793  0.337  0.455 208
0037  0.470  0.588  0.785  0.335  0.470 209
0038  0.478  0.602  0.775  0.346  0.493 218
0039  0.431  0.558  0.762  0.301  0.440 193
0040  0.453  0.596  0.835  0.311  0.463 182
0041  0.447  0.586  0.796  0.311  0.463 191
0042  0.466  0.608  0.808  0.327  0.488 198
0043  0.447  0.588  0.812  0.309  0.460 186
0044  0.482  0.630  0.842  0.337  0.503 196
0045  0.466  0.600  0.812  0.327  0.476 197
0046  0.522  0.648  0.841  0.378  0.527 220
0047  0.523  0.634  0.849  0.378  0.506 218
0048  0.548  0.651  0.850  0.405  0.527 233
0049  0.570  0.657  0.863  0.425  0.530 241
0050  0.580  0.680  0.887  0.431  0.552 238
0051  0.600  0.687  0.878  0.456  0.564 254
0052  0.635  0.721  0.929  0.483  0.588 254
0053  0.653  0.737  0.925  0.505  0.613 267
0054  0.652  0.726  0.912  0.507  0.604 272
0055  0.668  0.746  0.924  0.524  0.625 277
0056  0.674  0.745  0.951  0.521  0.613 268
0057  0.710  0.774  0.939  0.571  0.659 297
0058  0.703  0.762  0.948  0.558  0.637 288
0059  0.742  0.795  0.958  0.605  0.680 309
0060  0.740  0.796  0.943  0.609  0.689 316
0061  0.755  0.790  0.942  0.630  0.680 327
0062  0.785  0.824  0.959  0.665  0.723 339
0063  0.784  0.811  0.956  0.665  0.704 340
0064  0.799  0.815  0.957  0.685  0.710 350
0065  0.799  0.813  0.949  0.689  0.710 355
0066  0.812  0.808  0.948  0.710  0.704 366
0067  0.783  0.758  0.948  0.667  0.631 344
0068  0.789  0.788  0.948  0.675  0.674 348
0069  0.779  0.780  0.958  0.656  0.658 335
0070  0.792  0.802  0.968  0.671  0.684 339
0071  0.766  0.799  0.957  0.638  0.686 326
0072  0.761  0.795  0.951  0.634  0.683 326
0073  0.728  0.778  0.933  0.597  0.667 313
0074  0.744  0.776  0.941  0.616  0.660 320
0075  0.703  0.736  0.915  0.571  0.615 305
0076  0.733  0.787  0.934  0.603  0.680 316
0077  0.693  0.737  0.919  0.556  0.615 296
0078  0.702  0.742  0.935  0.562  0.615 294
0079  0.729  0.747  0.936  0.597  0.622 312
0080  0.723  0.728  0.913  0.599  0.605 321
0081  0.717  0.746  0.931  0.583  0.622 306
0082  0.674  0.720  0.922  0.532  0.591 282
0083  0.670  0.717  0.912  0.530  0.591 284
0084  0.658  0.723  0.929  0.509  0.591 268
0085  0.622  0.688  0.920  0.470  0.550 250
0086  0.618  0.678  0.892  0.472  0.546 259
0087  0.588  0.654  0.895  0.438  0.515 239
0088  0.576  0.631  0.882  0.427  0.491 237
0089  0.562  0.648  0.844  0.421  0.526 244
0090  0.565  0.632  0.876  0.417  0.495 233
0091  0.527  0.609  0.829  0.387  0.481 228
0092  0.507  0.594  0.804  0.370  0.471 225
0093  0.530  0.633  0.866  0.382  0.498 216
0094  0.535  0.642  0.860  0.389  0.512 221
0095  0.521  0.624  0.827  0.380  0.502 225
0096  0.533  0.647  0.870  0.384  0.515 216
0097  0.531  0.639  0.841  0.389  0.515 226
0098  0.534  0.667  0.852  0.389  0.548 223
0099  0.527  0.652  0.836  0.384  0.534 225
0100  0.559  0.705  0.874  0.411  0.590 230
0101  0.553  0.687  0.883  0.403  0.563 223
0102  0.527  0.682  0.880  0.376  0.556 209
0103  0.509  0.669  0.848  0.364  0.553 210
0104  0.523  0.688  0.849  0.378  0.578 218
0105  0.544  0.711  0.866  0.397  0.604 224
0106  0.537  0.711  0.860  0.391  0.606 222
0107  0.542  0.726  0.884  0.391  0.615 216
0108  0.543  0.725  0.881  0.393  0.616 218
0109  0.532  0.709  0.874  0.382  0.596 214
0110  0.505  0.692  0.858  0.358  0.579 204
0111  0.553  0.748  0.891  0.401  0.644 220
0112  0.550  0.720  0.868  0.403  0.615 227
0113  0.600  0.767  0.884  0.454  0.678 251
0114  0.618  0.786  0.909  0.468  0.693 252
0115  0.644  0.790  0.920  0.495  0.693 263
0116  0.634  0.771  0.922  0.483  0.663 256
0117  0.676  0.820  0.935  0.530  0.730 277
0118  0.697  0.832  0.938  0.554  0.748 289
0119  0.705  0.822  0.924  0.571  0.741 302
0120  0.739  0.846  0.955  0.603  0.759 309
0121  0.760  0.839  0.948  0.634  0.752 327
0122  0.781  0.854  0.964  0.656  0.767 333
0123  0.780  0.844  0.955  0.658  0.756 337
0124  0.773  0.825  0.949  0.652  0.730 336
0125  0.813  0.854  0.964  0.703  0.767 357
0126  0.823  0.844  0.962  0.720  0.752 366
0127  0.823  0.839  0.967  0.716  0.741 362
0128  0.810  0.825  0.956  0.703  0.726 360
0129  0.817  0.846  0.956  0.714  0.759 365
0130  0.774  0.792  0.939  0.658  0.685 343
0131  0.789  0.814  0.946  0.677  0.715 350
0132  0.765  0.815  0.954  0.638  0.711 327
0133  0.742  0.791  0.949  0.609  0.678 314
0134  0.714  0.753  0.937  0.577  0.630 301
0135  0.717  0.777  0.946  0.577  0.659 298
0136  0.701  0.778  0.948  0.556  0.659 287
0137  0.682  0.772  0.933  0.538  0.659 282
0138  0.645  0.721  0.910  0.499  0.596 268
0139  0.619  0.705  0.906  0.470  0.578 254
0140  0.630  0.704  0.891  0.487  0.581 267
0141  0.598  0.686  0.898  0.448  0.556 244
0142  0.598  0.704  0.891  0.450  0.581 247
0143  0.520  0.630  0.830  0.378  0.507 223
0144  0.499  0.601  0.811  0.360  0.478 217
0145  0.481  0.599  0.815  0.342  0.474 205
0146  0.471  0.605  0.814  0.331  0.481 199
0147  0.440  0.599  0.804  0.303  0.478 184
0148  0.438  0.601  0.780  0.305  0.489 191
0149  0.399  0.552  0.784  0.268  0.426 167
0150  0.418  0.572  0.758  0.288  0.459 186
0151  0.388  0.538  0.753  0.262  0.419 170
0152  0.375  0.533  0.721  0.254  0.423 172
0153  0.378  0.529  0.727  0.256  0.415 172
0154  0.369  0.547  0.729  0.247  0.438 166
