# File: various/lighting Algorithm = FH-BRIEF  skip 8 tolerance = 5.0
# (time tick) ( F ) ( F all inside) (precision) (recall) (recall all inside) (tracks)
0008  0.888  0.888  0.991  0.804  0.804 423
0016  0.878  0.878  0.988  0.791  0.791 417
0024  0.879  0.879  0.990  0.791  0.791 416
0032  0.868  0.868  0.981  0.779  0.779 414
0040  0.876  0.876  0.988  0.787  0.787 415
0048  0.879  0.879  0.993  0.789  0.789 414
0056  0.890  0.890  0.993  0.806  0.806 423
0064  0.847  0.847  0.980  0.747  0.747 397
0072  0.844  0.844  0.980  0.741  0.741 394
0080  0.882  0.882  0.995  0.793  0.793 415
0088  0.867  0.867  0.985  0.774  0.774 409
0096  0.865  0.865  0.983  0.772  0.772 409
0104  0.876  0.876  0.981  0.791  0.791 420
0112  0.840  0.840  0.982  0.733  0.733 389
0120  0.831  0.831  0.972  0.726  0.726 389
0128  0.826  0.826  0.976  0.716  0.716 382
0136  0.806  0.806  0.975  0.687  0.687 367
0144  0.800  0.800  0.975  0.678  0.678 362
0152  0.799  0.799  0.962  0.683  0.683 370
0160  0.771  0.771  0.957  0.645  0.645 351
0168  0.772  0.772  0.971  0.641  0.641 344
0176  0.771  0.771  0.955  0.647  0.647 353
0184  0.754  0.754  0.948  0.626  0.626 344
0192  0.726  0.726  0.945  0.589  0.589 325
0200  0.732  0.732  0.957  0.593  0.593 323
0208  0.714  0.714  0.921  0.583  0.583 330
0216  0.721  0.721  0.953  0.580  0.580 317
0224  0.716  0.716  0.952  0.574  0.574 314
0232  0.670  0.670  0.923  0.526  0.526 297
0240  0.672  0.672  0.920  0.530  0.530 300
