# Trifocal Test: Observed pixel locations with 0.5 sigma noise added to each axis.
293.8824831575 245.5516449444 316.3468900756 242.6958506392 325.9800630728 262.1988949748
300.5679005719 259.4967889754 315.9470320647 256.1168079617 318.9844571259 271.0081598352
336.6280514307 252.4571022695 349.7771966817 246.3225462909 352.8766149024 267.2057079830
329.6523677782 251.5657273246 344.9181254232 247.0588786188 349.9228035960 267.3466239451
335.0492797693 278.2910994274 348.6609428303 271.8761206814 349.7380672493 292.8628237821
324.9597049143 218.5132569891 335.6700757093 212.4436359584 339.7328964281 230.4618083862
306.3376383410 251.6817989927 317.7897661455 248.0608520983 315.4237714796 260.0826806485
330.9568760917 257.8952664938 345.1826721438 252.5888915674 348.2191638064 272.2416444655
329.3324748260 295.7660312899 343.4109334732 287.8095209948 342.1584971213 310.6081885200
282.5267283010 232.6380687873 297.3564237312 232.2965816710 299.4107645902 240.9715475865
304.3412003343 252.2502068235 315.1412573996 248.2209087762 314.1643630855 260.1626892994
310.3250648624 293.6980319334 328.3917027556 287.4173072713 329.0069477976 309.0252340381
354.5700882450 243.1270911419 369.7271736245 235.5535235762 370.8696557121 260.8712199771
318.2923325448 246.1285256481 332.1664443046 241.9728504351 335.7169658835 258.8202927968
312.8704273531 236.5376784103 326.0543787376 231.9578170382 329.2125665014 247.6199869790
310.6775476104 244.2830195574 323.7912487750 240.5907791282 325.0988531995 253.1443026388
327.0421588924 280.8111804319 341.2057633308 274.3497744397 340.1401140878 293.7861333887
322.7691402099 259.7437022898 334.7530953542 256.0831923340 334.2422112165 273.1857589860
327.1034435386 236.5919585084 337.5361632323 231.7268419091 337.5308290114 246.5875790821
332.0081512964 230.5973293669 343.4805629171 225.3489453374 347.5785544180 243.8620672705
