# GENERATOR FitPolylineRegression
# Elapsed time in milliseconds

SplitMerge_Global
                              N       Mean      P05      P50      P95      MAX
  border01                      7   6.1315  1.21996   2.3017    13.41  17.6712
  border02                      4  4.49692  3.59222  3.61686  4.84678  5.93181
  concave                       8  3.50692  1.53161  2.56714  3.96887  9.66152
  quadrilaterals01              7  2.75134  1.85867  2.72513  3.51715  3.64481
  set01                         9  .813555  .347669  .467451  1.58307   2.1738
  set02                         9  .723407  .517408  .605015  1.00977   1.0098
  set03                         9  .906558  .734821  .890418   1.0276  1.14875
  set04                        10  .173346    .0977  .161133  .262522   .26548

SplitMerge_Local
                              N       Mean      P05      P50      P95      MAX
  border01                      7  21.4503  3.11944  25.5022  27.2674  30.7315
  border02                      4   15.775   7.0028  14.3074  15.7789   26.011
  concave                       8  9.08846  6.02386  7.96314  10.9718  13.8005
  quadrilaterals01              7  3.02126  2.03657  2.86022   3.7145  3.75345
  set01                         9  5.91107  4.47449  5.28854  7.85575  8.84149
  set02                         9  3.14505  2.24107  2.75552   4.2576  4.48381
  set03                         9  2.21675  1.82526  2.28479  2.34346  2.73087
  set04                        10  .688834  .530968  .649038  .865852  .903284

SplitMergeOld_Global
                              N       Mean      P05      P50      P95      MAX
  border01                      7    17.07  2.39271  5.35753  20.4654   76.158
  border02                      4  5.72786  4.02206  5.23241  5.28923  8.36772
  concave                       8  11.3851  2.12895  6.85144  16.3324  29.4908
  quadrilaterals01              7   8.3623  3.04004  4.91469  8.41286  29.0204
  set01                         9   10.999  1.61148  2.24116  34.8318  37.3526
  set02                         9  7.88082  .594701  2.38599  10.3589  44.4632
  set03                         9  3.77621  .897657  2.32517  5.47979  12.6226
  set04                        10  1.24723   .79668  1.12872   1.7816  1.95337

SplitMergeOld_Local
                              N       Mean      P05      P50      P95      MAX
  border01                      7  114.244  14.3867  126.277  174.328  182.522
  border02                      4  59.8792  46.0354    63.87   63.924  65.6874
  concave                       8  24.1224  16.1369  22.6917  26.3263   35.431
  quadrilaterals01              7  66.0155  5.00887  35.1891  65.3724  298.478
  set01                         9  282.545  49.0646  175.241  506.068  636.567
  set02                         9  33.3721  11.7724    21.71  59.3639  103.586
  set03                         9  43.8663  14.8331   43.088  79.9741  79.9929
  set04                        10  7.28258  2.68364  6.46179  11.0757  11.9781

Summary:
                              N       Mean      P05      P50      P95      MAX
  SplitMerge_Global            63  2.09441  .160783  1.00977  4.84678  17.6712
  SplitMerge_Local             63  6.59449   .59824   3.7145  25.5022  30.7315
  SplitMergeOld_Global         63  8.06975   .79668  3.08032  29.4908   76.158
  SplitMergeOld_Local          63  79.4475   5.8888  30.0148  298.478  636.567
