
Algorithm:  HOG-SB-F32
======================================================================
data/fiducials/image/standard/distance_angle/image00001.png

Total Descriptions = 7154

Light Scaling
  metric    0.617    0.725    0.851    1.000    1.175    1.380    1.621    1.904 
   error  0.00000  0.00000  0.00000  0.00000  0.01930  0.03017  0.06432  0.11857 
Light Offset
  metric    0.000   10.000   20.000   30.000   40.000   50.000   60.000   70.000   80.000   90.000  100.000 
   error  0.00000  0.00658  0.01167  0.01634  0.02003  0.02380  0.02679  0.03008  0.03531  0.04221  0.06746 
Additive Gaussian
  metric    0.251    0.398    0.631    1.000    1.585    2.512    3.981    6.310   10.000   15.849 
   error  0.09765  0.13186  0.17536  0.22846  0.29354  0.37374  0.45534  0.53112  0.59408  0.64578 
Image Translation
  metric    0.158    0.251    0.398    0.631    1.000    1.585    2.512    3.981    6.310   10.000   15.849 
   error  0.11359  0.15756  0.20126  0.22379  0.19383  0.32361  0.40484  0.48624  0.63217  0.71706  0.76251 
Image Scale
  metric    0.896    0.921    0.947    0.973    1.000    1.028    1.056    1.086    1.116    1.147    1.179    1.212    1.246 
   error  0.82909  0.80379  0.74468  0.59761  0.00000  0.60940  0.73963  0.77143  0.77969  0.80290  0.82110  0.83161  0.84192 
======================================================================
data/calib/mono/chessboard/distant/image00000.jpg

Total Descriptions = 7154

Light Scaling
  metric    0.617    0.725    0.851    1.000    1.175    1.380    1.621    1.904 
   error  0.00000  0.00000  0.00000  0.00000  0.00332  0.01500  0.08375  0.25185 
Light Offset
  metric    0.000   10.000   20.000   30.000   40.000   50.000   60.000   70.000   80.000   90.000  100.000 
   error  0.00000  0.00005  0.00087  0.00252  0.00358  0.00534  0.00841  0.01482  0.02882  0.05393  0.09505 
Additive Gaussian
  metric    0.251    0.398    0.631    1.000    1.585    2.512    3.981    6.310   10.000   15.849 
   error  0.02535  0.03924  0.05914  0.08817  0.12858  0.17947  0.24216  0.31303  0.38819  0.45483 
Image Translation
  metric    0.158    0.251    0.398    0.631    1.000    1.585    2.512    3.981    6.310   10.000   15.849 
   error  0.15869  0.22067  0.28029  0.29337  0.19134  0.35215  0.39957  0.41342  0.52272  0.55648  0.57906 
Image Scale
  metric    0.896    0.921    0.947    0.973    1.000    1.028    1.056    1.086    1.116    1.147    1.179    1.212    1.246 
   error  0.66666  0.64105  0.59742  0.52570  0.00000  0.51843  0.56718  0.58458  0.59181  0.60589  0.60489  0.60825  0.60643 

Algorithm:  HOG-MS-F32
======================================================================
data/fiducials/image/standard/distance_angle/image00001.png

Total Descriptions = 7154

Light Scaling
  metric    0.617    0.725    0.851    1.000    1.175    1.380    1.621    1.904 
   error  0.02095  0.02167  0.02161  0.00000  0.03473  0.03947  0.07393  0.13401 
Light Offset
  metric    0.000   10.000   20.000   30.000   40.000   50.000   60.000   70.000   80.000   90.000  100.000 
   error  0.00000  0.00416  0.00761  0.01069  0.01396  0.01749  0.02071  0.02734  0.03433  0.04328  0.06369 
Additive Gaussian
  metric    0.251    0.398    0.631    1.000    1.585    2.512    3.981    6.310   10.000   15.849 
   error  0.09242  0.12296  0.16049  0.20547  0.26451  0.33199  0.40968  0.48230  0.54833  0.59987 
Image Translation
  metric    0.158    0.251    0.398    0.631    1.000    1.585    2.512    3.981    6.310   10.000   15.849 
   error  0.11343  0.15557  0.19668  0.21856  0.18775  0.31661  0.39655  0.47368  0.61672  0.69665  0.74300 
Image Scale
  metric    0.896    0.921    0.947    0.973    1.000    1.028    1.056    1.086    1.116    1.147    1.179    1.212    1.246 
   error  0.81375  0.78680  0.72926  0.58425  0.00000  0.59584  0.72199  0.75102  0.75936  0.78091  0.79694  0.80680  0.81769 
======================================================================
data/calib/mono/chessboard/distant/image00000.jpg

Total Descriptions = 7154

Light Scaling
  metric    0.617    0.725    0.851    1.000    1.175    1.380    1.621    1.904 
   error  0.00664  0.00661  0.00686  0.00000  0.01097  0.03417  0.10686  0.23785 
Light Offset
  metric    0.000   10.000   20.000   30.000   40.000   50.000   60.000   70.000   80.000   90.000  100.000 
   error  0.00000  0.00064  0.00128  0.00252  0.00481  0.00894  0.01772  0.03077  0.04999  0.07755  0.11490 
Additive Gaussian
  metric    0.251    0.398    0.631    1.000    1.585    2.512    3.981    6.310   10.000   15.849 
   error  0.03968  0.05361  0.07252  0.09839  0.13304  0.17975  0.23733  0.30183  0.37718  0.44115 
Image Translation
  metric    0.158    0.251    0.398    0.631    1.000    1.585    2.512    3.981    6.310   10.000   15.849 
   error  0.15257  0.20983  0.26505  0.27916  0.19092  0.34097  0.39236  0.41679  0.53213  0.57018  0.59969 
Image Scale
  metric    0.896    0.921    0.947    0.973    1.000    1.028    1.056    1.086    1.116    1.147    1.179    1.212    1.246 
   error  0.68328  0.65588  0.61002  0.52903  0.00000  0.52228  0.58123  0.60073  0.60857  0.62330  0.62244  0.62473  0.62404 

Algorithm:  SURF-F-F32
======================================================================
data/fiducials/image/standard/distance_angle/image00001.png

Total Descriptions = 4524

Light Scaling
  metric    0.617    0.725    0.851    1.000    1.175    1.380    1.621    1.904 
   error  0.03972  0.03988  0.03902  0.00000  0.05799  0.06917  0.10618  0.14982 
Light Offset
  metric    0.000   10.000   20.000   30.000   40.000   50.000   60.000   70.000   80.000   90.000  100.000 
   error  0.00000  0.02764  0.03947  0.05338  0.06126  0.07187  0.07711  0.08561  0.09210  0.10037  0.12437 
Additive Gaussian
  metric    0.251    0.398    0.631    1.000    1.585    2.512    3.981    6.310   10.000   15.849 
   error  0.05289  0.06525  0.08802  0.12248  0.17496  0.24417  0.32680  0.41179  0.49060  0.55695 
Image Translation
  metric    0.158    0.251    0.398    0.631    1.000    1.585    2.512    3.981    6.310   10.000   15.849 
   error  0.07504  0.10276  0.14656  0.21054  0.29761  0.43700  0.60102  0.75417  0.85209  0.85780  0.88194 
Image Scale
  metric    0.896    0.921    0.947    0.973    1.000    1.028    1.056    1.086    1.116    1.147    1.179    1.212    1.246 
   error  0.93596  0.90893  0.87668  0.79825  0.00000  0.79839  0.87895  0.89735  0.91339  0.92724  0.93157  0.93972  0.95128 
======================================================================
data/calib/mono/chessboard/distant/image00000.jpg

Total Descriptions = 4524

Light Scaling
  metric    0.617    0.725    0.851    1.000    1.175    1.380    1.621    1.904 
   error  0.01344  0.01343  0.01339  0.00000  0.01534  0.02127  0.06390  0.20780 
Light Offset
  metric    0.000   10.000   20.000   30.000   40.000   50.000   60.000   70.000   80.000   90.000  100.000 
   error  0.00000  0.00796  0.00950  0.01400  0.01469  0.01857  0.02068  0.02543  0.03274  0.04777  0.07650 
Additive Gaussian
  metric    0.251    0.398    0.631    1.000    1.585    2.512    3.981    6.310   10.000   15.849 
   error  0.01636  0.01919  0.02457  0.03389  0.04961  0.07564  0.11599  0.17511  0.25326  0.34147 
Image Translation
  metric    0.158    0.251    0.398    0.631    1.000    1.585    2.512    3.981    6.310   10.000   15.849 
   error  0.06754  0.10417  0.15827  0.22393  0.29537  0.43249  0.56823  0.66560  0.73063  0.70757  0.72665 
Image Scale
  metric    0.896    0.921    0.947    0.973    1.000    1.028    1.056    1.086    1.116    1.147    1.179    1.212    1.246 
   error  0.76926  0.76156  0.74432  0.71171  0.00000  0.70940  0.73799  0.74905  0.74975  0.75942  0.75962  0.75778  0.75736 

Algorithm:  SURF-S-F32
======================================================================
data/fiducials/image/standard/distance_angle/image00001.png

Total Descriptions = 4524

Light Scaling
  metric    0.617    0.725    0.851    1.000    1.175    1.380    1.621    1.904 
   error  0.02210  0.02217  0.02154  0.00000  0.03821  0.04856  0.07552  0.12029 
Light Offset
  metric    0.000   10.000   20.000   30.000   40.000   50.000   60.000   70.000   80.000   90.000  100.000 
   error  0.00000  0.01755  0.02657  0.03597  0.04162  0.04854  0.05297  0.05895  0.06409  0.07163  0.08817 
Additive Gaussian
  metric    0.251    0.398    0.631    1.000    1.585    2.512    3.981    6.310   10.000   15.849 
   error  0.02895  0.03654  0.05099  0.07430  0.11276  0.16810  0.23649  0.31104  0.38567  0.45154 
Image Translation
  metric    0.158    0.251    0.398    0.631    1.000    1.585    2.512    3.981    6.310   10.000   15.849 
   error  0.04671  0.06500  0.09174  0.12604  0.17095  0.27068  0.39940  0.55210  0.70075  0.75645  0.78308 
Image Scale
  metric    0.896    0.921    0.947    0.973    1.000    1.028    1.056    1.086    1.116    1.147    1.179    1.212    1.246 
   error  0.84449  0.80852  0.76867  0.64348  0.00000  0.65225  0.77018  0.80097  0.81753  0.83249  0.84564  0.85035  0.86771 
======================================================================
data/calib/mono/chessboard/distant/image00000.jpg

Total Descriptions = 4524

Light Scaling
  metric    0.617    0.725    0.851    1.000    1.175    1.380    1.621    1.904 
   error  0.00833  0.00833  0.00829  0.00000  0.01019  0.01666  0.05824  0.17910 
Light Offset
  metric    0.000   10.000   20.000   30.000   40.000   50.000   60.000   70.000   80.000   90.000  100.000 
   error  0.00000  0.00503  0.00601  0.00906  0.00998  0.01291  0.01498  0.01897  0.02642  0.04100  0.06806 
Additive Gaussian
  metric    0.251    0.398    0.631    1.000    1.585    2.512    3.981    6.310   10.000   15.849 
   error  0.01005  0.01175  0.01508  0.02084  0.03087  0.04782  0.07523  0.11835  0.17676  0.24658 
Image Translation
  metric    0.158    0.251    0.398    0.631    1.000    1.585    2.512    3.981    6.310   10.000   15.849 
   error  0.04752  0.07188  0.10338  0.12650  0.13843  0.23939  0.34109  0.43903  0.54987  0.55585  0.57492 
Image Scale
  metric    0.896    0.921    0.947    0.973    1.000    1.028    1.056    1.086    1.116    1.147    1.179    1.212    1.246 
   error  0.62975  0.61374  0.58772  0.52431  0.00000  0.52342  0.57986  0.59243  0.59524  0.60939  0.60650  0.60814  0.60701 

Algorithm:  SIFT-F32
======================================================================
data/fiducials/image/standard/distance_angle/image00001.png

Total Descriptions = 4524

Light Scaling
  metric    0.617    0.725    0.851    1.000    1.175    1.380    1.621    1.904 
   error  0.00000  0.00000  0.00000  0.00000  0.02125  0.03109  0.07708  0.12353 
Light Offset
  metric    0.000   10.000   20.000   30.000   40.000   50.000   60.000   70.000   80.000   90.000  100.000 
   error  0.00000  0.00854  0.01355  0.01822  0.02201  0.02536  0.02820  0.03102  0.03584  0.04223  0.07902 
Additive Gaussian
  metric    0.251    0.398    0.631    1.000    1.585    2.512    3.981    6.310   10.000   15.849 
   error  0.07555  0.11063  0.15905  0.22168  0.30131  0.39221  0.48445  0.56880  0.63864  0.69427 
Image Translation
  metric    0.158    0.251    0.398    0.631    1.000    1.585    2.512    3.981    6.310   10.000   15.849 
   error  0.08366  0.12516  0.17816  0.23373  0.29367  0.45319  0.61974  0.76696  0.87020  0.88702  0.91903 
Image Scale
  metric    0.896    0.921    0.947    0.973    1.000    1.028    1.056    1.086    1.116    1.147    1.179    1.212    1.246 
   error  0.97871  0.95136  0.92367  0.82959  0.00000  0.82702  0.90866  0.93463  0.95386  0.96657  0.97647  0.98876  0.99946 
======================================================================
data/calib/mono/chessboard/distant/image00000.jpg

Total Descriptions = 4524

Light Scaling
  metric    0.617    0.725    0.851    1.000    1.175    1.380    1.621    1.904 
   error  0.00000  0.00000  0.00000  0.00000  0.00275  0.00987  0.06581  0.23291 
Light Offset
  metric    0.000   10.000   20.000   30.000   40.000   50.000   60.000   70.000   80.000   90.000  100.000 
   error  0.00000  0.00003  0.00064  0.00217  0.00294  0.00407  0.00587  0.00976  0.01924  0.03925  0.07623 
Additive Gaussian
  metric    0.251    0.398    0.631    1.000    1.585    2.512    3.981    6.310   10.000   15.849 
   error  0.01649  0.02599  0.04037  0.06213  0.09531  0.14178  0.20704  0.29001  0.37976  0.46738 
Image Translation
  metric    0.158    0.251    0.398    0.631    1.000    1.585    2.512    3.981    6.310   10.000   15.849 
   error  0.11479  0.17218  0.24001  0.27960  0.26936  0.44748  0.57526  0.65692  0.73638  0.71611  0.73926 
Image Scale
  metric    0.896    0.921    0.947    0.973    1.000    1.028    1.056    1.086    1.116    1.147    1.179    1.212    1.246 
   error  0.80710  0.79227  0.76849  0.72451  0.00000  0.71669  0.74908  0.76203  0.76549  0.77410  0.77427  0.77792  0.77845 
