# File: various/urban Algorithm = FH-BRIEF-KLT  skip 4 tolerance = 5.0
# (time tick) ( F ) ( F all inside) (precision) (recall) (recall all inside) (tracks)
0004  0.954  0.954  0.978  0.930  0.930 462
0008  0.944  0.944  0.970  0.920  0.920 461
0012  0.941  0.941  0.969  0.914  0.914 458
0016  0.928  0.942  0.960  0.897  0.924 454
0020  0.903  0.943  0.948  0.862  0.937 442
0024  0.872  0.932  0.930  0.821  0.934 429
0028  0.839  0.920  0.919  0.772  0.921 408
0032  0.800  0.909  0.925  0.706  0.893 371
0036  0.746  0.877  0.894  0.640  0.861 348
0040  0.715  0.892  0.898  0.595  0.887 322
0044  0.704  0.879  0.890  0.582  0.868 318
0048  0.661  0.785  0.848  0.541  0.730 310
0052  0.650  0.780  0.863  0.521  0.712 293
0056  0.647  0.777  0.866  0.516  0.706 290
0060  0.647  0.778  0.871  0.514  0.702 287
0064  0.813  0.844  0.904  0.739  0.791 397
0068  0.826  0.850  0.915  0.753  0.794 400
0072  0.772  0.823  0.894  0.679  0.763 369
0076  0.764  0.835  0.907  0.660  0.773 354
0080  0.742  0.764  0.884  0.640  0.674 352
0084  0.672  0.743  0.875  0.545  0.646 303
0088  0.640  0.716  0.864  0.508  0.612 286
0092  0.558  0.659  0.809  0.426  0.557 256
0096  0.572  0.693  0.831  0.436  0.595 255
0100  0.539  0.682  0.829  0.399  0.580 234
0104  0.546  0.711  0.819  0.409  0.629 243
0108  0.522  0.702  0.810  0.385  0.620 231
0112  0.575  0.749  0.841  0.436  0.675 252
0116  0.645  0.789  0.894  0.504  0.705 274
0120  0.727  0.829  0.916  0.603  0.757 320
0124  0.778  0.834  0.929  0.669  0.757 350
0128  0.813  0.837  0.936  0.718  0.757 373
0132  0.765  0.821  0.929  0.650  0.735 340
0136  0.714  0.801  0.922  0.582  0.709 307
0140  0.676  0.779  0.913  0.537  0.679 286
0144  0.546  0.670  0.810  0.412  0.571 247
0148  0.479  0.651  0.778  0.346  0.560 216
0152  0.427  0.598  0.724  0.302  0.509 203
