# File: various/compressed Algorithm = FH-BRIEF-KLT  skip 4 tolerance = 5.0
# (time tick) ( F ) ( F all inside) (precision) (recall) (recall all inside) (tracks)
0004  0.859  0.860  0.930  0.798  0.800 442
0008  0.772  0.775  0.877  0.689  0.695 405
0012  0.739  0.747  0.859  0.649  0.661 389
0016  0.641  0.666  0.786  0.542  0.578 355
0020  0.587  0.622  0.755  0.480  0.529 327
0024  0.568  0.623  0.757  0.454  0.529 309
0028  0.503  0.576  0.714  0.388  0.483 280
0032  0.466  0.555  0.693  0.351  0.463 261
0036  0.449  0.548  0.660  0.340  0.468 265
0040  0.397  0.510  0.650  0.285  0.420 226
0044  0.350  0.468  0.581  0.250  0.392 222
0048  0.337  0.469  0.572  0.239  0.398 215
0052  0.323  0.464  0.538  0.231  0.408 221
0056  0.280  0.415  0.516  0.192  0.347 192
0060  0.265  0.401  0.500  0.181  0.335 186
0064  0.236  0.370  0.476  0.157  0.302 170
0068  0.217  0.352  0.443  0.144  0.291 167
0072  0.228  0.376  0.497  0.148  0.303 153
0076  0.217  0.358  0.459  0.142  0.293 159
0080  0.196  0.327  0.439  0.126  0.261 148
0084  0.179  0.300  0.410  0.115  0.237 144
0088  0.174  0.289  0.382  0.113  0.233 152
0092  0.186  0.311  0.413  0.120  0.249 150
0096  0.128  0.220  0.302  0.082  0.173 139
0100  0.142  0.246  0.348  0.089  0.191 132
0104  0.131  0.231  0.336  0.082  0.175 125
0108  0.093  0.163  0.236  0.058  0.125 127
0112  0.093  0.167  0.234  0.058  0.129 128
0116  0.089  0.157  0.243  0.054  0.116 115
