# File: various/urban Algorithm = FH-BRIEF-KLT  skip 1 tolerance = 5.0
# (time tick) ( F ) ( F all inside) (precision) (recall) (recall all inside) (tracks)
0001  1.000  1.000  1.000  1.000  1.000 486
0002  0.991  0.991  0.992  0.990  0.990 485
0003  0.986  0.986  0.988  0.984  0.984 484
0004  0.983  0.983  0.988  0.979  0.979 482
0005  0.980  0.980  0.985  0.975  0.975 481
0006  0.981  0.981  0.988  0.975  0.975 480
0007  0.975  0.975  0.981  0.969  0.969 480
0008  0.972  0.972  0.979  0.965  0.965 479
0009  0.968  0.968  0.975  0.961  0.961 479
0010  0.964  0.964  0.971  0.957  0.957 479
0011  0.967  0.967  0.975  0.959  0.959 478
0012  0.965  0.965  0.975  0.955  0.955 476
0013  0.950  0.953  0.964  0.936  0.942 472
0014  0.951  0.957  0.966  0.936  0.948 471
0015  0.953  0.964  0.972  0.934  0.956 467
0016  0.953  0.967  0.976  0.930  0.958 463
0017  0.945  0.964  0.972  0.920  0.957 460
0018  0.924  0.948  0.954  0.895  0.942 456
0019  0.922  0.952  0.958  0.889  0.945 451
0020  0.915  0.955  0.957  0.877  0.953 445
0021  0.903  0.945  0.948  0.862  0.942 442
0022  0.896  0.944  0.939  0.856  0.950 443
0023  0.888  0.941  0.940  0.842  0.942 435
0024  0.882  0.943  0.938  0.833  0.948 432
0025  0.877  0.943  0.939  0.823  0.948 426
0026  0.877  0.947  0.947  0.817  0.947 419
0027  0.859  0.933  0.935  0.794  0.932 413
0028  0.849  0.932  0.936  0.778  0.929 404
0029  0.843  0.930  0.935  0.767  0.926 399
0030  0.840  0.936  0.937  0.761  0.934 395
0031  0.835  0.937  0.943  0.749  0.931 386
0032  0.819  0.928  0.932  0.730  0.924 381
0033  0.821  0.936  0.944  0.726  0.929 374
0034  0.808  0.932  0.938  0.710  0.927 368
0035  0.787  0.912  0.906  0.695  0.918 373
0036  0.766  0.899  0.900  0.667  0.898 360
0037  0.757  0.907  0.901  0.652  0.914 352
0038  0.738  0.895  0.892  0.630  0.897 343
0039  0.728  0.893  0.878  0.621  0.910 344
0040  0.720  0.892  0.871  0.613  0.914 342
0041  0.717  0.889  0.871  0.609  0.908 340
0042  0.718  0.890  0.873  0.609  0.908 339
0043  0.720  0.892  0.876  0.611  0.908 339
0044  0.722  0.895  0.879  0.613  0.911 339
0045  0.712  0.883  0.874  0.601  0.893 334
0046  0.717  0.890  0.885  0.603  0.896 331
0047  0.713  0.885  0.884  0.597  0.887 328
0048  0.716  0.890  0.890  0.599  0.890 327
0049  0.716  0.890  0.890  0.599  0.890 327
0050  0.711  0.885  0.884  0.595  0.887 327
0051  0.711  0.885  0.884  0.595  0.887 327
0052  0.711  0.885  0.884  0.595  0.887 327
0053  0.713  0.887  0.887  0.597  0.887 327
0054  0.716  0.891  0.895  0.597  0.887 324
0055  0.714  0.889  0.895  0.595  0.883 323
0056  0.714  0.889  0.895  0.595  0.883 323
0057  0.719  0.895  0.903  0.597  0.887 321
0058  0.718  0.895  0.906  0.595  0.883 319
0059  0.721  0.899  0.912  0.597  0.887 318
0060  0.714  0.890  0.903  0.591  0.877 318
0061  0.711  0.887  0.899  0.588  0.874 318
0062  0.712  0.888  0.902  0.588  0.874 317
0063  0.712  0.888  0.902  0.588  0.874 317
0064  0.712  0.888  0.902  0.588  0.874 317
0065  0.710  0.885  0.899  0.586  0.871 317
0066  0.710  0.885  0.899  0.586  0.871 317
0067  0.715  0.891  0.905  0.591  0.877 317
0068  0.856  0.893  0.918  0.802  0.869 425
0069  0.846  0.891  0.916  0.786  0.868 417
0070  0.841  0.898  0.915  0.778  0.881 413
0071  0.834  0.901  0.914  0.767  0.888 408
0072  0.837  0.908  0.923  0.765  0.893 403
0073  0.836  0.909  0.923  0.763  0.896 402
0074  0.833  0.906  0.923  0.759  0.889 400
0075  0.837  0.912  0.928  0.763  0.896 400
0076  0.836  0.911  0.927  0.761  0.896 399
0077  0.830  0.904  0.922  0.755  0.886 398
0078  0.837  0.913  0.930  0.761  0.896 398
0079  0.837  0.914  0.930  0.761  0.900 398
0080  0.837  0.914  0.932  0.759  0.896 396
0081  0.833  0.915  0.931  0.753  0.900 393
0082  0.826  0.912  0.928  0.745  0.896 390
0083  0.816  0.904  0.920  0.733  0.889 387
0084  0.799  0.918  0.927  0.702  0.910 368
0085  0.794  0.914  0.921  0.698  0.907 368
0086  0.792  0.917  0.923  0.693  0.910 365
0087  0.786  0.912  0.918  0.687  0.907 364
0088  0.786  0.910  0.918  0.687  0.903 364
0089  0.779  0.909  0.914  0.679  0.903 361
0090  0.763  0.895  0.895  0.665  0.896 361
0091  0.759  0.896  0.896  0.658  0.896 357
0092  0.762  0.902  0.904  0.658  0.900 354
0093  0.758  0.901  0.906  0.652  0.896 350
0094  0.754  0.904  0.905  0.646  0.903 347
0095  0.747  0.899  0.901  0.638  0.896 344
0096  0.744  0.903  0.906  0.632  0.900 339
0097  0.734  0.893  0.896  0.621  0.889 337
0098  0.734  0.894  0.896  0.621  0.892 337
0099  0.713  0.888  0.887  0.597  0.889 327
0100  0.714  0.892  0.890  0.597  0.895 326
0101  0.712  0.890  0.892  0.593  0.888 323
0102  0.709  0.891  0.891  0.588  0.891 321
0103  0.701  0.892  0.884  0.580  0.900 319
0104  0.695  0.885  0.880  0.574  0.889 317
0105  0.687  0.880  0.878  0.564  0.881 312
0106  0.686  0.881  0.881  0.562  0.881 310
0107  0.680  0.877  0.877  0.556  0.877 308
0108  0.672  0.871  0.869  0.547  0.872 306
0109  0.665  0.866  0.868  0.539  0.864 302
0110  0.666  0.874  0.870  0.539  0.877 301
0111  0.662  0.871  0.870  0.535  0.873 299
0112  0.668  0.866  0.848  0.551  0.884 316
0113  0.662  0.855  0.841  0.545  0.869 315
0114  0.667  0.862  0.848  0.549  0.877 315
0115  0.669  0.866  0.856  0.549  0.877 312
0116  0.674  0.876  0.867  0.551  0.884 309
0117  0.669  0.868  0.866  0.545  0.869 306
0118  0.675  0.876  0.875  0.549  0.877 305
0119  0.673  0.874  0.875  0.547  0.873 304
0120  0.676  0.878  0.878  0.549  0.877 304
0121  0.678  0.881  0.882  0.551  0.881 304
0122  0.678  0.881  0.882  0.551  0.881 304
0123  0.678  0.881  0.882  0.551  0.881 304
0124  0.681  0.885  0.885  0.553  0.884 304
0125  0.681  0.885  0.885  0.553  0.884 304
0126  0.683  0.888  0.891  0.553  0.884 302
0127  0.680  0.884  0.887  0.551  0.881 302
0128  0.675  0.877  0.881  0.547  0.873 302
0129  0.675  0.877  0.881  0.547  0.873 302
0130  0.675  0.877  0.881  0.547  0.873 302
0131  0.675  0.877  0.881  0.547  0.873 302
0132  0.678  0.880  0.884  0.549  0.877 302
0133  0.675  0.877  0.881  0.547  0.873 302
0134  0.680  0.884  0.887  0.551  0.881 302
0135  0.688  0.895  0.897  0.558  0.892 302
0136  0.680  0.884  0.887  0.551  0.881 302
0137  0.678  0.880  0.884  0.549  0.877 302
0138  0.675  0.877  0.881  0.547  0.873 302
0139  0.683  0.888  0.891  0.553  0.884 302
0140  0.685  0.891  0.894  0.556  0.888 302
0141  0.685  0.891  0.894  0.556  0.888 302
0142  0.675  0.879  0.881  0.547  0.877 302
0143  0.678  0.880  0.884  0.549  0.877 302
0144  0.673  0.875  0.877  0.545  0.873 302
0145  0.674  0.878  0.883  0.545  0.873 300
0146  0.675  0.882  0.886  0.545  0.877 299
0147  0.671  0.887  0.894  0.537  0.881 292
0148  0.646  0.863  0.847  0.523  0.881 300
0149  0.649  0.870  0.855  0.523  0.884 297
0150  0.633  0.853  0.837  0.508  0.869 295
0151  0.640  0.865  0.853  0.512  0.877 292
0152  0.625  0.850  0.840  0.498  0.860 288
0153  0.610  0.844  0.833  0.481  0.857 281
0154  0.603  0.850  0.830  0.473  0.871 277
