# File: various/lighting Algorithm = FH-BRIEF-KLT  skip 8 tolerance = 5.0
# (time tick) ( F ) ( F all inside) (precision) (recall) (recall all inside) (tracks)
0008  0.982  0.982  0.983  0.981  0.981 517
0016  0.968  0.968  0.973  0.963  0.963 513
0024  0.935  0.935  0.941  0.929  0.929 511
0032  0.888  0.888  0.894  0.882  0.882 511
0040  0.877  0.877  0.884  0.871  0.871 510
0048  0.850  0.850  0.860  0.840  0.840 506
0056  0.832  0.832  0.842  0.822  0.822 506
0064  0.828  0.828  0.838  0.819  0.819 506
0072  0.818  0.818  0.828  0.809  0.809 506
0080  0.813  0.813  0.824  0.803  0.803 505
0088  0.802  0.802  0.812  0.792  0.792 505
0096  0.800  0.800  0.810  0.790  0.790 505
0104  0.804  0.804  0.814  0.793  0.793 505
0112  0.774  0.774  0.788  0.761  0.761 500
0120  0.745  0.745  0.767  0.724  0.724 489
0128  0.687  0.687  0.717  0.660  0.660 477
0136  0.660  0.660  0.691  0.631  0.631 473
0144  0.650  0.650  0.684  0.620  0.620 469
0152  0.643  0.643  0.677  0.612  0.612 468
0160  0.633  0.633  0.667  0.602  0.602 468
0168  0.592  0.592  0.624  0.564  0.564 468
0176  0.575  0.575  0.606  0.546  0.546 467
0184  0.559  0.559  0.590  0.531  0.531 466
0192  0.519  0.519  0.552  0.490  0.490 460
0200  0.513  0.513  0.546  0.485  0.485 460
0208  0.491  0.491  0.522  0.463  0.463 460
0216  0.469  0.469  0.499  0.442  0.442 459
0224  0.445  0.445  0.474  0.419  0.419 458
0232  0.458  0.458  0.489  0.431  0.431 456
0240  0.441  0.441  0.472  0.413  0.413 453
