# File: various/urban Algorithm = FH-BRIEF-KLT  skip 8 tolerance = 5.0
# (time tick) ( F ) ( F all inside) (precision) (recall) (recall all inside) (tracks)
0008  0.964  0.964  0.991  0.938  0.938 460
0016  0.899  0.913  0.930  0.870  0.896 455
0024  0.805  0.861  0.873  0.747  0.850 416
0032  0.637  0.731  0.817  0.523  0.661 311
0040  0.541  0.690  0.782  0.414  0.617 257
0048  0.565  0.668  0.795  0.438  0.577 268
0056  0.679  0.756  0.901  0.545  0.650 294
0064  0.794  0.815  0.921  0.698  0.730 368
0072  0.747  0.782  0.896  0.640  0.694 347
0080  0.722  0.731  0.886  0.609  0.622 334
0088  0.579  0.633  0.846  0.440  0.505 253
0096  0.530  0.637  0.843  0.387  0.512 223
0104  0.519  0.678  0.825  0.379  0.575 223
0112  0.547  0.714  0.848  0.403  0.616 231
0120  0.730  0.833  0.942  0.597  0.746 308
0128  0.805  0.818  0.947  0.700  0.720 359
0136  0.705  0.784  0.942  0.564  0.672 291
0144  0.508  0.612  0.807  0.370  0.493 223
0152  0.381  0.537  0.716  0.259  0.430 176
