# File: various/compressed Algorithm = FH-BRIEF-KLT  skip 1 tolerance = 5.0
# (time tick) ( F ) ( F all inside) (precision) (recall) (recall all inside) (tracks)
0001  0.910  0.910  0.965  0.860  0.860 459
0002  0.852  0.852  0.925  0.790  0.790 440
0003  0.755  0.756  0.850  0.680  0.681 412
0004  0.733  0.734  0.840  0.650  0.652 399
0005  0.697  0.700  0.821  0.606  0.611 380
0006  0.703  0.706  0.841  0.604  0.609 370
0007  0.642  0.645  0.784  0.544  0.548 357
0008  0.597  0.600  0.766  0.489  0.493 329
0009  0.641  0.644  0.790  0.540  0.544 352
0010  0.624  0.628  0.771  0.524  0.529 350
0011  0.565  0.570  0.738  0.458  0.465 320
0012  0.585  0.592  0.751  0.480  0.489 329
0013  0.585  0.595  0.769  0.472  0.485 316
0014  0.518  0.535  0.692  0.414  0.436 308
0015  0.506  0.527  0.689  0.400  0.427 299
0016  0.476  0.496  0.652  0.375  0.400 296
0017  0.489  0.511  0.679  0.383  0.410 290
0018  0.470  0.496  0.693  0.355  0.386 264
0019  0.449  0.477  0.660  0.340  0.373 265
0020  0.459  0.489  0.675  0.348  0.383 265
0021  0.433  0.466  0.668  0.320  0.358 247
0022  0.443  0.479  0.659  0.334  0.376 261
0023  0.446  0.487  0.714  0.324  0.369 234
0024  0.444  0.491  0.684  0.328  0.382 247
0025  0.420  0.476  0.677  0.305  0.368 232
0026  0.421  0.478  0.672  0.307  0.371 235
0027  0.386  0.445  0.633  0.278  0.343 226
0028  0.417  0.481  0.667  0.303  0.376 234
0029  0.408  0.476  0.661  0.295  0.373 230
0030  0.392  0.460  0.635  0.283  0.361 230
0031  0.379  0.448  0.628  0.272  0.348 223
0032  0.389  0.468  0.640  0.280  0.368 225
0033  0.381  0.461  0.650  0.270  0.357 214
0034  0.374  0.456  0.628  0.266  0.358 218
0035  0.356  0.441  0.624  0.249  0.340 205
0036  0.365  0.450  0.591  0.264  0.364 230
0037  0.356  0.449  0.614  0.250  0.353 210
0038  0.327  0.417  0.595  0.225  0.321 195
0039  0.350  0.451  0.628  0.243  0.352 199
0040  0.343  0.447  0.634  0.235  0.346 191
0041  0.393  0.515  0.698  0.274  0.408 202
0042  0.352  0.469  0.638  0.243  0.371 196
0043  0.307  0.416  0.591  0.208  0.321 181
0044  0.294  0.402  0.573  0.198  0.310 178
0045  0.310  0.431  0.611  0.208  0.332 175
0046  0.305  0.425  0.575  0.208  0.338 186
0047  0.307  0.436  0.618  0.204  0.337 170
0048  0.287  0.408  0.552  0.194  0.324 181
0049  0.311  0.445  0.586  0.212  0.359 186
0050  0.307  0.441  0.574  0.210  0.358 188
0051  0.289  0.426  0.586  0.192  0.334 169
0052  0.307  0.449  0.571  0.210  0.370 189
0053  0.264  0.391  0.523  0.177  0.313 174
0054  0.301  0.455  0.652  0.196  0.349 155
0055  0.314  0.472  0.628  0.210  0.378 172
0056  0.252  0.383  0.535  0.165  0.298 159
0057  0.266  0.409  0.582  0.173  0.316 153
0058  0.276  0.429  0.609  0.179  0.331 151
0059  0.266  0.415  0.603  0.171  0.317 146
0060  0.257  0.396  0.540  0.169  0.313 161
0061  0.266  0.408  0.542  0.177  0.327 168
0062  0.239  0.374  0.545  0.153  0.284 145
0063  0.246  0.381  0.516  0.161  0.302 161
0064  0.227  0.363  0.517  0.146  0.280 145
0065  0.223  0.357  0.493  0.144  0.279 150
0066  0.196  0.318  0.439  0.126  0.249 148
0067  0.229  0.374  0.490  0.150  0.302 157
0068  0.211  0.348  0.473  0.136  0.276 148
0069  0.199  0.331  0.449  0.128  0.262 147
0070  0.197  0.332  0.474  0.124  0.256 135
0071  0.201  0.339  0.489  0.126  0.260 133
0072  0.231  0.391  0.560  0.146  0.300 134
0073  0.201  0.340  0.489  0.126  0.261 133
0074  0.190  0.318  0.449  0.120  0.246 138
0075  0.212  0.358  0.504  0.134  0.278 137
0076  0.225  0.374  0.514  0.144  0.294 144
0077  0.227  0.377  0.490  0.148  0.306 155
0078  0.188  0.319  0.455  0.118  0.246 134
0079  0.183  0.308  0.426  0.117  0.242 141
0080  0.197  0.333  0.471  0.124  0.258 136
0081  0.186  0.314  0.436  0.118  0.246 140
0082  0.194  0.328  0.463  0.122  0.254 136
0083  0.205  0.345  0.479  0.130  0.270 140
0084  0.180  0.306  0.443  0.113  0.234 131
0085  0.176  0.297  0.432  0.111  0.226 132
0086  0.187  0.318  0.449  0.118  0.246 136
0087  0.173  0.290  0.393  0.111  0.230 145
0088  0.168  0.284  0.393  0.107  0.222 140
0089  0.169  0.284  0.381  0.109  0.226 147
0090  0.181  0.306  0.431  0.115  0.238 137
0091  0.153  0.261  0.386  0.095  0.198 127
0092  0.184  0.312  0.438  0.117  0.242 137
0093  0.161  0.274  0.394  0.101  0.210 132
0094  0.144  0.241  0.371  0.089  0.179 124
0095  0.147  0.252  0.379  0.091  0.189 124
0096  0.122  0.213  0.315  0.076  0.161 124
0097  0.124  0.212  0.305  0.078  0.163 131
0098  0.147  0.256  0.373  0.091  0.195 126
0099  0.127  0.223  0.342  0.078  0.166 117
0100  0.129  0.228  0.345  0.080  0.170 119
0101  0.110  0.191  0.282  0.068  0.145 124
0102  0.094  0.166  0.246  0.058  0.125 122
0103  0.104  0.181  0.277  0.064  0.134 119
0104  0.136  0.238  0.368  0.083  0.176 117
0105  0.130  0.224  0.321  0.082  0.172 131
0106  0.080  0.140  0.225  0.049  0.102 111
0107  0.095  0.168  0.259  0.058  0.124 116
0108  0.089  0.158  0.243  0.054  0.117 115
0109  0.085  0.154  0.227  0.052  0.117 119
0110  0.080  0.143  0.231  0.049  0.103 108
0111  0.085  0.155  0.231  0.052  0.117 117
0112  0.082  0.149  0.222  0.050  0.112 117
0113  0.096  0.173  0.278  0.058  0.126 108
0114  0.077  0.137  0.224  0.047  0.099 107
0115  0.089  0.162  0.243  0.054  0.121 115
0116  0.084  0.150  0.248  0.050  0.108 105
0117  0.073  0.136  0.200  0.045  0.103 115
