# File: various/compressed Algorithm = FH-BRIEF-KLT  skip 8 tolerance = 5.0
# (time tick) ( F ) ( F all inside) (precision) (recall) (recall all inside) (tracks)
0008  0.838  0.842  0.935  0.759  0.765 418
0016  0.731  0.758  0.856  0.637  0.679 383
0024  0.622  0.680  0.790  0.513  0.596 334
0032  0.475  0.566  0.718  0.355  0.467 255
0040  0.409  0.525  0.674  0.293  0.430 224
0048  0.347  0.484  0.594  0.245  0.408 212
0056  0.314  0.464  0.575  0.216  0.389 193
0064  0.268  0.415  0.517  0.181  0.347 180
0072  0.270  0.440  0.551  0.179  0.367 167
0080  0.242  0.397  0.503  0.159  0.328 163
0088  0.209  0.342  0.430  0.138  0.284 165
0096  0.150  0.256  0.350  0.095  0.202 140
0104  0.152  0.262  0.374  0.095  0.202 131
0112  0.102  0.183  0.256  0.064  0.143 129
