# GENERATOR CalibrationDetectionRegression
# All times are in milliseconds

ChessBinary
                              N       Mean      P05      P50      P95      MAX
  border                       16  72.1047   12.307  96.3922  139.016  150.547
  caltech_edges                20   23.828  17.9337  21.4315  32.1905  32.6756
  challenge                    85  23.7318  21.7844  23.5458  26.4555  31.2594
  close                        12  12.1017  11.3243   12.012  13.0729  13.9605
  deltille_fisheye             58  29.8027   25.734  30.0194  32.3017   32.956
  distance_angle                6  9.30267  8.69996  9.14921  9.63781  10.1638
  distance_straight             8  9.73291  8.24229  9.51794  10.8998  10.9671
  distant                       7  14.3496  10.7133  15.0269   15.573  17.0806
  focus                        36  9.40718  8.41611  9.44106  10.0464  10.2718
  focus_large                  16  104.261  101.765  102.823  112.587  116.439
  gaus_fisheye                 12  8.49997  7.32065  7.87725  10.8031  13.2748
  gaus_perfect                 12  6.96981  5.20516  7.03653   7.5829  7.63859
  hard                          1  9.43178  9.43178  9.43178  9.43178  9.43178
  large                         6  123.669  104.235  121.281  127.591  150.253
  large_shadow                 23  120.065  91.2922  94.9214  198.304  226.792
  motion_blur                  38  7.64552  5.70842  7.70599  8.91337  10.4544
  ocam_fisheye190               8  12.8148  11.1415  11.9178  15.5641  16.5783
  ocam_kaidan_omni             17  12.8944  11.7131  13.0452   14.099  14.3938
  ocam_ladybug                 13  14.2143  13.0718  13.9246  15.7375  15.8558
  ocam_mini_omni               15  13.8212  12.7076  13.9838  14.6803  14.7978
  ocam_omni                    14  19.7017  17.7485  19.1049   20.056  29.5632
  perfect                       8  4.67364  .609282  .685305  8.65407  8.89589
  ricoh_theta_5                11  22.6222  9.26519  27.7491  32.3896  34.8016
  ricoh_theta_v                46  76.4245  38.5963  82.1009  103.807  113.556
  rotation_flat                12  15.4532  12.9609  15.3289  17.5505  19.8721
  rotation_vertical             7  8.66898  8.00469  8.53464  9.49578  9.63665
  shadow                       15  15.2675  8.84169  14.8075  21.1917  23.8344
  sloppy13x10                  13  34.8855  30.2842  33.8529  38.5854  40.8986
  Sony_DSC-HX5V                13   7.4296  6.59486  6.99966  9.54156  9.89206
  stefano_2012                 30  15.8029  12.6124  15.0027  19.1297  19.8813
  Bumblebee2_Chess             22  7.52193  6.97157  7.48691  8.25651  8.36883

ChessXCorner
                              N       Mean      P05      P50      P95      MAX
  border                       16  246.586  15.7723  165.789  444.281   501.42
  caltech_edges                20    20.19  18.4674  19.5573   23.433  25.7363
  challenge                    85   78.882  68.6025  79.7891  84.8105  86.9868
  close                        12  21.7109  21.3092  21.5368    21.66  24.2124
  deltille_fisheye             58  77.0669  74.6353  76.6559  79.5554  84.8559
  distance_angle                6  20.7954  20.4322  20.8272  20.8574  21.1401
  distance_straight             8  21.0124  18.9005  21.4798  22.4382  23.0095
  distant                       7  28.7282  26.3121  28.6209  29.0809  32.5372
  focus                        36  18.5325  16.1432  16.9488  25.9851  26.1513
  focus_large                  16  423.798  406.752  408.802  469.308  503.513
  gaus_fisheye                 12    15.53  14.7123  15.5502  15.8667  16.5766
  gaus_perfect                 12  4.12301  3.95112  4.07087   4.3008  4.44112
  hard                          1  14.2273  14.2273  14.2273  14.2273  14.2273
  large                         6  445.109  400.445  431.427  462.763  515.279
  large_shadow                 23  534.696  405.182  414.948  857.061  948.182
  motion_blur                  38  12.4156  11.3459  12.1041  13.7407  18.4182
  ocam_fisheye190               8  22.5579  14.5704  24.4702  26.0783  26.5636
  ocam_kaidan_omni             17  15.9083  14.6153  15.7846  16.0855  21.4186
  ocam_ladybug                 13  30.2395  28.2533  30.0978  32.0137   32.424
  ocam_mini_omni               15  20.3971  19.7745  20.2524  20.9192  21.3731
  ocam_omni                    14  56.8932   54.587  56.1983  60.3265  62.0177
  perfect                       8  7.12753  1.50529  1.54254  14.5018  14.6478
  ricoh_theta_5                11  22.5865   18.545  23.6854  25.2722  26.4011
  ricoh_theta_v                46  175.263   151.81  177.311  193.811   199.88
  rotation_flat                12  28.4353   26.744  28.3657   29.505  32.1908
  rotation_vertical             7  22.8978  22.5153   22.709  23.4383  23.5433
  shadow                       15  29.9698  18.9064  31.1392  41.1824  42.9629
  sloppy13x10                  13  87.4569  79.1427  88.2369  94.5565  94.7076
  Sony_DSC-HX5V                13  11.0086  10.6204  10.7653  11.9072  12.0726
  stefano_2012                 30  16.8465  15.4802  16.3265  19.0462  20.3685
  Bumblebee2_Chess             22  11.3551  10.6702  11.1409  12.0001  12.8021

Square
                              N       Mean      P05      P50      P95      MAX
  distant                       7  20.2611  10.9706  16.7935  26.6929  40.5164
  fisheye                      17  16.3251  5.26057  14.9743  30.5324  30.6281
  large                         5  104.432  95.9856  101.824  107.198  117.748
  Sony_DSC-HX5V                14  3.09234  2.53914   2.9898  3.79912  3.85863
  Bumblebee2_Square            26  2.93433  2.65665  2.89414  3.29557  3.57497

CircleHexagonal
                              N       Mean      P05      P50      P95      MAX
  calib_24x28                   7  66.5603  48.1921  61.0272  63.1285  122.055
  calib_5x6                     9  5.69431  5.03779  5.71375  6.40849  6.91741
  fisheye_5x6                  19  18.9625  5.67061  18.9435  29.5992  32.8781
  large_24x28                   4  90.6847   87.718  88.2434  88.4878  98.2895

CircleRegular
                              N       Mean      P05      P50      P95      MAX
  distant                       5  8.95736  6.59549  8.91343  10.0856  10.5773
  fisheye                      10   6.1073  2.49769  3.08638  11.3209  16.3931
  large                         7  283.416  67.1556    85.87  451.029  809.239

Summary:
                              N       Mean      P05      P50      P95      MAX
  ChessBinary                 600  30.3458  6.99966  19.0004  102.823  226.792
  ChessXCorner                600  87.8622  10.8934   28.872  411.509  948.182
  Square                       69  15.3782  2.63263  3.44952  95.9856  117.748
  CircleHexagonal              39  31.7999  5.06953  20.2542  88.4878  122.055
  CircleRegular                22  94.9898  2.53663  8.91343   411.64  809.239
