# GENERATOR ObjectTrackingRegression
# F TP TN FP FN Overlap
cliffbar 0.390 0016 0000 0000 0050 0.639
coke11 0.066 0002 0000 0000 0057 0.893
david 0.735 0054 0000 0003 0036 0.551
dollar 1.000 0066 0000 0000 0000 0.831
faceocc 0.817 0123 0000 0000 0055 0.802
faceocc2 0.624 0074 0000 0000 0089 0.763
girl 0.164 0009 0000 0000 0092 0.819
surfer 0.026 0001 0000 0000 0075 1.000
sylv 0.769 0168 0000 0000 0101 0.652
tiger1 0.156 0006 0000 0000 0065 0.735
tiger2 0.198 0008 0000 0000 0065 0.745
twinings 0.676 0048 0000 0018 0028 0.490
