# GENERATOR ObjectTrackingRegression
# F TP TN FP FN Overlap
cliffbar 0.881 0052 0000 0014 0000 0.484
coke11 0.097 0003 0000 0056 0000 0.363
david 0.776 0059 0000 0034 0000 0.538
dollar 1.000 0066 0000 0000 0000 0.496
faceocc 0.696 0095 0000 0082 0001 0.339
faceocc2 0.636 0076 0000 0087 0000 0.443
girl 0.705 0055 0000 0046 0000 0.440
surfer 0.813 0052 0000 0024 0000 0.477
sylv 0.774 0170 0000 0099 0000 0.342
tiger1 0.608 0031 0000 0040 0000 0.323
tiger2 0.463 0022 0000 0051 0000 0.294
twinings 0.938 0083 0000 0011 0000 0.665
