# GENERATOR ObjectTrackingRegression
# F TP TN FP FN Overlap
01_david 0.307 0138 0000 0224 0399 0.298
02_jumping 0.109 0018 0000 0295 0000 0.161
03_pedestrian1 0.744 0083 0000 0057 0000 0.337
04_pedestrian2 0.183 0034 0000 0304 0000 0.583
05_pedestrian3 0.434 0051 0000 0133 0000 0.802
06_car 0.696 0504 0000 0441 0000 0.425
07_motocross 0.014 0010 1253 0006 1396 0.392
08_volkswagen 0.002 0007 0000 8569 0000 0.103
09_carchase 0.155 0756 0948 1255 6969 0.304
10_panda 0.306 0542 0000 2458 0000 0.477
