# GENERATOR ObjectTrackingRegression
# F TP TN FP FN Overlap
01_david 0.003 0001 0000 0001 0759 0.928
02_jumping 0.086 0014 0000 0001 0298 0.806
03_pedestrian1 0.462 0042 0000 0001 0097 0.381
04_pedestrian2 0.072 0010 0072 0001 0255 0.771
05_pedestrian3 0.486 0051 0025 0004 0104 0.652
06_car 0.374 0198 0085 0001 0661 0.844
07_motocross 0.017 0012 1253 0001 1399 0.678
08_volkswagen   NaN 0000 3435 0001 5140   NaN
09_carchase 0.001 0004 1268 0001 8655 0.779
10_panda 0.037 0051 0270 0001 2678 0.571
