# GENERATOR ObjectTrackingRegression
# F TP TN FP FN Overlap
01_david 0.881 0599 0000 0162 0000 0.419
02_jumping 0.086 0014 0000 0299 0000 0.454
03_pedestrian1 0.146 0011 0000 0129 0000 0.271
04_pedestrian2 0.226 0043 0000 0295 0000 0.271
05_pedestrian3 0.451 0051 0009 0020 0104 0.916
06_car 0.952 0859 0000 0086 0000 0.622
07_motocross 0.013 0009 1240 0062 1354 0.704
08_volkswagen 0.002 0006 3426 0384 4760 0.587
09_carchase 0.078 0351 1222 0049 8306 0.584
10_panda 0.087 0136 0000 2605 0259 0.413
