# GENERATOR ObjectTrackingRegression
# F TP TN FP FN Overlap
cliffbar 0.872 0051 0000 0012 0003 0.547
coke11 0.405 0015 0000 0044 0000 0.330
david 0.972 0088 0000 0005 0000 0.515
dollar 1.000 0066 0000 0000 0000 0.879
faceocc 0.997 0177 0000 0000 0001 0.828
faceocc2 0.984 0158 0000 0005 0000 0.675
girl 0.722 0057 0000 0028 0016 0.453
surfer 0.987 0074 0000 0002 0000 0.595
sylv 1.000 0269 0000 0000 0000 0.688
tiger1 0.660 0035 0000 0018 0018 0.454
tiger2 0.525 0026 0000 0042 0005 0.352
twinings 0.874 0073 0000 0021 0000 0.435
