# GENERATOR ObjectTrackingRegression
# F TP TN FP FN Overlap
cliffbar 1.000 0066 0000 0000 0000 0.810
coke11 0.946 0053 0000 0006 0000 0.538
david 1.000 0093 0000 0000 0000 0.714
dollar 1.000 0066 0000 0000 0000 0.772
faceocc 0.997 0177 0000 0001 0000 0.870
faceocc2 1.000 0163 0000 0000 0000 0.819
girl 0.959 0093 0000 0008 0000 0.661
surfer 0.966 0071 0000 0005 0000 0.549
sylv 0.915 0227 0000 0042 0000 0.554
tiger1 0.916 0060 0000 0011 0000 0.513
tiger2 0.708 0040 0000 0033 0000 0.439
twinings 1.000 0094 0000 0000 0000 0.741
