# GENERATOR QrCodeRegression
# Elapsed time in milliseconds

default
                              N       Mean      P05      P50      P95      MAX
  blurred                      45  49.0926  2.34122  13.1174  148.871  192.112
  bright_spots                 32  106.702  1.42819  138.212  163.974   167.56
  brightness                   28  95.3713  3.47034  109.465  151.838  166.065
  close                        40  74.0425  .946658  89.4685   137.49  143.461
  curved                        5  3.33259  2.64358  3.52181  3.53619  3.54854
  damaged                      37  20.6444  4.62322  14.0344  64.8508  97.2948
  glare                        50  31.8253   2.6731  11.7377  101.796  125.344
  high_version                 33  27.9928  3.23159  27.0659  56.3937  65.0241
  lots                          7  229.345  216.863  223.199  241.949  253.279
  monitor                      17  76.1884  25.3315   84.813  101.924  120.564
  nominal                      65  21.6406  2.64812  8.02117   80.238  118.233
  noncompliant                 16  12.7828  2.41645  7.49396  29.5962   44.841
  pathological                 23  1.08559  .864025  1.06786  1.38686  1.48627
  perspective                  35  5.72456  5.29738  5.67659  6.04798  6.25881
  rotations                    44  26.0978  22.1594  25.3622  30.7141  33.4964
  shadows                      14  40.8115   5.5263  27.2183  111.615   113.99

Summary:
                              N       Mean      P05      P50      P95      MAX
  default                     491  42.7862  1.38836  21.4116  145.834  253.279
