# GENERATOR FiducialRegression
# Elapsed time in milliseconds

BinaryRobust
                              N       Mean      P05      P50      P95      MAX
  distance_angle               10   31.485  15.1559  19.0696  36.0497  109.057
  distance_straight            10   13.715  11.2118  13.6903  14.5124  16.6141
  motion_blur                   9  16.0141  10.5517  15.1108  19.0914  22.6315
  rotation                     12  17.2488  14.2748  16.6956   20.644  21.0954
  static_front_close          101  5.42715  5.23542  5.39237  5.68482  6.41507
  static_front_far            100  3.99951  3.71041   3.9351  4.33161  6.05331
  static_scene                101  7.10445  6.74134  7.04016  7.53776  9.50455
  set01                       373  4.43364  3.70252  4.36199  5.43469  6.33418

BinaryFast
                              N       Mean      P05      P50      P95      MAX
  distance_angle               10  3.47925  2.18652  2.78134  4.68546  7.71541
  distance_straight            10  2.66773  1.86706  2.60368  3.41315   3.4207
  motion_blur                   9  5.79084  4.18689  5.61573  7.47388   8.4288
  rotation                     12  1.96304  1.24701  1.94722  2.53784  2.85779
  static_front_close          101  .722753  .705368  .716417   .76137  .841994
  static_front_far            100  .809592  .763261  .808163    .8437  1.03112
  static_scene                101  3.86459  3.67952  3.82747  4.23786  4.46884
  set01                       373  1.69751  1.06653  1.66503  2.41097   3.1774

ImageRobust
                              N       Mean      P05      P50      P95      MAX
  distance_angle                9  13.9121  11.5975  13.0712  16.1245  17.2637
  distance_straight             9  11.9416  9.49221  11.1706  14.9873  16.4859
  hard                         11  25.3144  17.2904  20.7872  34.4391  36.5211
  motion_blur                   8  9.34424  5.31493  9.72402  11.0481  12.2723
  rotation                     13  15.1872  9.73563  15.3182  17.6105  18.0717
  static_front_close          193  4.90745  4.78614  4.90388  5.02098  5.12065
  static_front_far            100  5.27668  4.76477  5.23952  5.93358  6.14283
  static_scene                308  9.24765  8.71438  9.25302   9.7226  10.6865
  set01                       411   5.1704  4.07614  5.19177  6.39423  8.10873

ImageFast
                              N       Mean      P05      P50      P95      MAX
  distance_angle                9  2.75553  2.08571  2.63519  3.13217  3.48049
  distance_straight             9  1.93272  1.33268  1.60598  2.48194  3.49004
  hard                         11   8.5479  5.74252  7.13212  11.9173  12.3608
  motion_blur                   8  4.19629  3.78711  4.03397  4.72961  4.94359
  rotation                     13   1.5373  1.25304  1.51505  1.72004  2.02614
  static_front_close          193  .739808  .717648  .738509  .759413  .915269
  static_front_far            100  1.31825  1.14247  1.33295  1.48943  2.11595
  static_scene                308  5.01654  4.67068  5.02863  5.34525  5.58427
  set01                       411  2.06935   1.4508  2.08397  2.84103  3.29045

ChessboardBinary
                              N       Mean      P05      P50      P95      MAX
  distance_angle                6  35.7731  26.9029  28.1995  31.1773  70.2117
  distance_straight             8  12.1368  9.61188  10.6608  11.9741  20.9726
  distant                       7  28.8267   18.188  28.2627  37.4443  44.3314
  motion_blur                  13  8.55414  5.78156  8.47009  11.1112  12.2174
  rotation_flat                12  23.1272  17.8001  21.5142  29.1514  33.5252
  rotation_vertical             7  9.79626  8.45713  9.08131  10.5282  13.4237
  shadow                       15  24.5542  10.7468  23.2448  42.6351  43.0787
  front_close                 201  8.69192  8.08623  8.66926  9.45572  10.2323
  front_far                   201  8.87946  8.17261  8.73709  9.79124  14.3267
  set01                       959  7.34562  6.22155  7.46996  8.36219   9.0061

ChessboardXCorner
                              N       Mean      P05      P50      P95      MAX
  distance_angle                6  52.8724  39.2762  41.5461  44.3929  108.693
  distance_straight             8  29.1607  23.6399  27.9272  33.0621  35.2134
  distant                       7  40.5234  30.5628  37.4123  51.2101  54.6689
  motion_blur                  13   13.329  12.8789  13.2292  14.1503   14.225
  rotation_flat                12  32.2586  29.9321  31.8207  34.1156  36.1111
  rotation_vertical             7  24.2491  23.2871  23.4545  24.1146  28.5115
  shadow                       15  31.6441  20.0106  31.7525  43.5888  44.7098
  front_close                 201  15.7765  15.3503  15.6929  16.1737  21.5721
  front_far                   201  16.8158  16.3952  16.7628  17.2158  21.6826
  set01                       959  14.9848  14.2063  14.7781  16.1275  21.9688

SquareGrid
                              N       Mean      P05      P50      P95      MAX
  distance_angle                6  8.98093   5.7328  6.27088  9.84551   16.832
  distance_straight             7  5.35938  4.26777  5.06784  5.90395  7.20981
  distant                       7  11.8598  7.03875   12.096  13.9034   15.931
  motion_blur                   8  2.86883  2.72845  2.80564  2.97087  3.10098
  rotation                      7  4.80103  4.60081  4.69417  4.85064  5.36691
  front_close                 200  4.66381  4.26501  4.62299  5.17506  5.67127
  front_far                   200  6.44903  5.44476  6.47141  7.46952  8.40559
  set0                        368  2.67313  2.36658  2.65949  3.04102  3.34773

CircleHexagonal
                              N       Mean      P05      P50      P95      MAX
  distance_angle               11  20.7657  16.9138  19.2515  20.8388  38.6051
  distance_straight            12   15.786  12.5131  16.3017  17.7851  17.9318
  motion_blur                  13  6.73813  3.96812  7.08821  7.59151  9.29996
  rotation                      9   13.523  10.6247  13.8539  14.8692  15.4626
  angled_5x6                   52  11.3918  9.36021  10.3414  15.7508  16.7977
  front_close_24x28            45  47.8508  46.5388  47.3686  51.2021  52.3787
  front_close_5x6              47  5.44869  4.93167  5.24017  6.52811  8.41566
  front_far_5x6                55  8.98661  8.26037  8.95126  9.72248  10.0988
  24x28_hard                   14  32.3981  9.67215  32.2332  40.0298  48.2864
  24x28_set0                   59  40.4337  37.7723   38.968   53.646  57.8796
  5x6_hard                      2   5.0325   4.5836   4.5836   4.5836   5.4814
  5x6_set0                     68  8.02369  5.59778  7.22421  12.3308  13.0856

CircleRegular
                              N       Mean      P05      P50      P95      MAX
  distance_angle               12  7.48041  5.72067  7.43933  8.51545  8.60498
  distance_straight            14  6.96554  5.38552  7.01729  7.91479  7.98766
  motion_blur                  12  3.34439   2.3718  3.38905  3.83095  3.91241
  rotation                      9  10.1607  7.28793  10.5541  12.6104  12.6486
  angled                      100  9.28009  8.43111  9.47524   10.137  10.3203
  front_close                 100  6.04648  5.68551  6.01536  6.39973  6.74091
  front_far                   100  7.48761  6.70717  7.49423  8.27585  8.38028
  set01                       141  7.73775  4.75842  7.94689  9.17147  9.59744
  set02                        16  13.9743  8.62019  11.1473  24.6745  25.2567

Uchiya
                              N       Mean      P05      P50      P95      MAX
  distance                     24  57.3876   19.388  47.4122  108.417  124.091
  highres_lots                  8  778.961  654.172  726.874   915.69   976.38
  highres_rotate_z             19  1143.87  649.738  1126.52  1562.69  1596.38
  motion_blur                  15  26.1616   5.5023   26.889   42.078  64.6784
  rotate_x                     16  45.5686  24.3024  44.0721  50.8156  96.7985
  rotate_z                     19  54.6331  48.3443  51.6893  72.4393  88.0911
  shadow_overlapping           11  48.9862  40.5521  47.9485  54.7407  54.9554
  static01                    106  39.8293  35.8278  38.9257  45.2059  79.2623
  static02                    107   45.247  41.9104  45.0608  48.0676  74.7573
  visible01                   211  50.7421  45.0505   50.403  57.7419  98.9567

Summary:
                              N       Mean      P05      P50      P95      MAX
  BinaryRobust                716  5.75768  3.73395  4.59833  13.4074  109.057
  BinaryFast                  716  1.83603  .714433  1.60895  3.92613   8.4288
  ImageRobust                1062  6.80927  4.34374  5.43688  9.75067  36.5211
  ImageFast                  1062  2.69301  .732098  2.11445  5.22011  12.3608
  ChessboardBinary           1429   8.3383  6.28072  7.87848  9.63354  70.2117
  ChessboardXCorner          1429  16.0675  14.2204  15.3984  17.3243  108.693
  SquareGrid                  803  4.28052  2.41021  4.36019   7.0283   16.832
  CircleHexagonal             387  19.4264  5.16665  10.1169  47.6273  57.8796
  CircleRegular               504  7.76764  5.58095   7.7704  9.97588  25.2567
  Uchiya                      536  96.6621  36.0332  46.7454  124.091  1596.38
