# GENERATOR FitPolylineRegression
# Elapsed time in milliseconds

SplitMerge_Global
                              N       Mean      P05      P50      P95      MAX
  border01                      7  4.37135  1.08129  1.44844  8.28829  14.8391
  border02                      4  2.90524  2.23385  2.43474   3.1473  3.80508
  concave                       8   3.5142  1.70008   2.6557  3.79678  10.0201
  quadrilaterals01              7  2.45959  1.68587  2.39688  3.20794  3.22984
  set01                         9  .716554   .32954  .431111  1.37206  1.85922
  set02                         9   .65687  .452824  .594104   .88428  .920459
  set03                         9  .868386  .705058  .892385   .95544    1.125
  set04                        10  .142014  .088887  .140356  .172083  .196068

SplitMerge_Local
                              N       Mean      P05      P50      P95      MAX
  border01                      7  19.4804  2.89453  22.9913  24.9926  27.5858
  border02                      4  14.8516  6.72755  13.7328  14.7529  24.1933
  concave                       8  8.75043   5.7713  7.85047   10.419  13.0615
  quadrilaterals01              7  2.67599  1.75864  2.65074  3.30517  3.32374
  set01                         9  5.00307   3.8958  4.29041  6.70042    7.598
  set02                         9  2.70495  1.97495   2.4194  3.46293  3.68934
  set03                         9  1.99412  1.62621  1.97209  2.22182  2.45317
  set04                        10  .579272  .418332  .535865  .734775  .770779

SplitMergeOld_Global
                              N       Mean      P05      P50      P95      MAX
  border01                      7  14.2278  1.87204   4.3075   18.718  62.2018
  border02                      4  4.74891  3.32179  4.35255  4.45358   6.8677
  concave                       8  9.47904  1.79424  5.69793   13.664  24.5439
  quadrilaterals01              7  6.85479  2.50824  4.00042  6.63303  24.1029
  set01                         9  9.13811  1.35143  1.88859  29.2382  30.3794
  set02                         9   6.5972  .532893  2.00051  8.74426   36.999
  set03                         9  3.09817  .755887  1.86727  4.54765  10.4813
  set04                        10  1.02523  .673313  .842091  1.50054  1.55286

SplitMergeOld_Local
                              N       Mean      P05      P50      P95      MAX
  border01                      7  93.7998  11.7767  104.194  143.362  149.903
  border02                      4  49.4885  38.2447  52.6475  52.7369   54.325
  concave                       8  19.9643  13.4158  18.7992  21.7057  29.3497
  quadrilaterals01              7  54.0046  4.02233  28.1171  53.9131  244.582
  set01                         9  231.716   39.989  144.003  414.386  521.844
  set02                         9  27.3803  9.70408  17.2063  48.7494  86.0223
  set03                         9  35.7806  12.1033  34.9239  65.2312  65.2971
  set04                        10  5.94492  2.15611  5.25783  8.85508  9.76849

Summary:
                              N       Mean      P05      P50      P95      MAX
  SplitMerge_Global            63   1.7325  .131882  .903876  3.79678  14.8391
  SplitMerge_Local             63  5.99392  .506629  3.30517  22.9913  27.5858
  SplitMergeOld_Global         63  6.70094  .673313  2.54601  24.5439  62.2018
  SplitMergeOld_Local          63  65.1688  4.97277  24.3212  244.582  521.844
