# GENERATOR DescribeImageDenseRegression

Algorithm:  HOG-SB-F32
======================================================================
data/fiducials/square_border_image/standard/distance_angle/image00001.png

Total Descriptions = 7154, zeros (bad) = 0

Light Scaling
  metric    0.617    0.725    0.851    1.000    1.175    1.380    1.621    1.904 
   error  0.00000  0.00000  0.00000  0.00000  0.01781  0.02850  0.06328  0.11200 
Light Offset
  metric    0.000   10.000   20.000   30.000   40.000   50.000   60.000   70.000   80.000   90.000  100.000 
   error  0.00000  0.00603  0.01055  0.01502  0.01850  0.02230  0.02534  0.02843  0.03322  0.03997  0.06622 
Additive Gaussian
  metric    0.251    0.398    0.631    1.000    1.585    2.512    3.981    6.310   10.000   15.849 
   error  0.07922  0.10665  0.14239  0.18740  0.24531  0.31941  0.39646  0.46655  0.52605  0.57453 
Image Translation
  metric    0.158    0.251    0.398    0.631    1.000    1.585    2.512    3.981    6.310   10.000   15.849 
   error  0.09152  0.12666  0.16003  0.17083  0.11621  0.24025  0.30872  0.37797  0.52187  0.61268  0.67298 
Image Scale
  metric    0.896    0.921    0.947    0.973    1.000    1.028    1.056    1.086    1.116    1.147    1.179    1.212    1.246 
   error  0.75374  0.72272  0.65650  0.49893  0.00000  0.49464  0.63862  0.67948  0.69142  0.71477  0.73508  0.74837  0.75784 
======================================================================
data/calibration_mono/chessboard/distant/image00000.jpg

Total Descriptions = 7154, zeros (bad) = 0

Light Scaling
  metric    0.617    0.725    0.851    1.000    1.175    1.380    1.621    1.904 
   error  0.00000  0.00000  0.00000  0.00000  0.00281  0.01237  0.06872  0.21347 
Light Offset
  metric    0.000   10.000   20.000   30.000   40.000   50.000   60.000   70.000   80.000   90.000  100.000 
   error  0.00000  0.00005  0.00073  0.00216  0.00303  0.00449  0.00706  0.01222  0.02332  0.04380  0.07833 
Additive Gaussian
  metric    0.251    0.398    0.631    1.000    1.585    2.512    3.981    6.310   10.000   15.849 
   error  0.01973  0.03039  0.04575  0.06838  0.09991  0.14124  0.19230  0.25229  0.31761  0.37713 
Image Translation
  metric    0.158    0.251    0.398    0.631    1.000    1.585    2.512    3.981    6.310   10.000   15.849 
   error  0.12416  0.17283  0.21868  0.21991  0.09267  0.25639  0.29428  0.29495  0.40788  0.44960  0.47974 
Image Scale
  metric    0.896    0.921    0.947    0.973    1.000    1.028    1.056    1.086    1.116    1.147    1.179    1.212    1.246 
   error  0.57842  0.54405  0.49438  0.41015  0.00000  0.40077  0.46132  0.48285  0.49065  0.50410  0.50634  0.50962  0.51107 


Algorithm:  HOG-PL-F32
======================================================================
data/fiducials/square_border_image/standard/distance_angle/image00001.png

Total Descriptions = 7154, zeros (bad) = 0

Light Scaling
  metric    0.617    0.725    0.851    1.000    1.175    1.380    1.621    1.904 
   error  0.01608  0.01677  0.01674  0.00000  0.02825  0.03374  0.06322  0.11556 
Light Offset
  metric    0.000   10.000   20.000   30.000   40.000   50.000   60.000   70.000   80.000   90.000  100.000 
   error  0.00000  0.00382  0.00678  0.00950  0.01244  0.01575  0.01865  0.02443  0.03060  0.03864  0.05563 
Additive Gaussian
  metric    0.251    0.398    0.631    1.000    1.585    2.512    3.981    6.310   10.000   15.849 
   error  0.07639  0.10056  0.13048  0.16775  0.21815  0.27955  0.35181  0.42023  0.48232  0.53154 
Image Translation
  metric    0.158    0.251    0.398    0.631    1.000    1.585    2.512    3.981    6.310   10.000   15.849 
   error  0.09193  0.12598  0.15729  0.16781  0.11207  0.23513  0.30222  0.36728  0.50902  0.59465  0.65567 
Image Scale
  metric    0.896    0.921    0.947    0.973    1.000    1.028    1.056    1.086    1.116    1.147    1.179    1.212    1.246 
   error  0.74013  0.70819  0.64360  0.48809  0.00000  0.48293  0.62359  0.66338  0.67424  0.69475  0.71322  0.72610  0.73621 
======================================================================
data/calibration_mono/chessboard/distant/image00000.jpg

Total Descriptions = 7154, zeros (bad) = 0

Light Scaling
  metric    0.617    0.725    0.851    1.000    1.175    1.380    1.621    1.904 
   error  0.00492  0.00498  0.00513  0.00000  0.00866  0.02716  0.08636  0.19814 
Light Offset
  metric    0.000   10.000   20.000   30.000   40.000   50.000   60.000   70.000   80.000   90.000  100.000 
   error  0.00000  0.00051  0.00108  0.00215  0.00408  0.00731  0.01419  0.02454  0.03992  0.06219  0.09322 
Additive Gaussian
  metric    0.251    0.398    0.631    1.000    1.585    2.512    3.981    6.310   10.000   15.849 
   error  0.03056  0.04124  0.05604  0.07627  0.10343  0.14195  0.18863  0.24487  0.30953  0.36703 
Image Translation
  metric    0.158    0.251    0.398    0.631    1.000    1.585    2.512    3.981    6.310   10.000   15.849 
   error  0.11945  0.16465  0.20697  0.20885  0.09321  0.24738  0.28840  0.30048  0.41751  0.46372  0.49864 
Image Scale
  metric    0.896    0.921    0.947    0.973    1.000    1.028    1.056    1.086    1.116    1.147    1.179    1.212    1.246 
   error  0.59619  0.56025  0.50763  0.41476  0.00000  0.40586  0.47614  0.50003  0.50910  0.52296  0.52512  0.52780  0.52901 


Algorithm:  HOG-F-SB-F32
======================================================================
data/fiducials/square_border_image/standard/distance_angle/image00001.png

Total Descriptions = 7154, zeros (bad) = 0

Light Scaling
  metric    0.617    0.725    0.851    1.000    1.175    1.380    1.621    1.904 
   error  0.00000  0.00000  0.00000  0.00000  0.01926  0.03012  0.06388  0.11839 
Light Offset
  metric    0.000   10.000   20.000   30.000   40.000   50.000   60.000   70.000   80.000   90.000  100.000 
   error  0.00000  0.00653  0.01163  0.01631  0.02000  0.02376  0.02675  0.03003  0.03527  0.04217  0.06703 
Additive Gaussian
  metric    0.251    0.398    0.631    1.000    1.585    2.512    3.981    6.310   10.000   15.849 
   error  0.09741  0.13169  0.17523  0.22848  0.29370  0.37429  0.45689  0.53350  0.59710  0.64896 
Image Translation
  metric    0.158    0.251    0.398    0.631    1.000    1.585    2.512    3.981    6.310   10.000   15.849 
   error  0.11357  0.15761  0.20140  0.22397  0.19418  0.32440  0.40596  0.48798  0.63463  0.72060  0.76654 
Image Scale
  metric    0.896    0.921    0.947    0.973    1.000    1.028    1.056    1.086    1.116    1.147    1.179    1.212    1.246 
   error  0.83188  0.80678  0.74734  0.60044  0.00000  0.61172  0.74302  0.77505  0.78348  0.80674  0.82505  0.83537  0.84588 
======================================================================
data/calibration_mono/chessboard/distant/image00000.jpg

Total Descriptions = 7154, zeros (bad) = 0

Light Scaling
  metric    0.617    0.725    0.851    1.000    1.175    1.380    1.621    1.904 
   error  0.00000  0.00000  0.00000  0.00000  0.00333  0.01514  0.08470  0.25410 
Light Offset
  metric    0.000   10.000   20.000   30.000   40.000   50.000   60.000   70.000   80.000   90.000  100.000 
   error  0.00000  0.00005  0.00087  0.00251  0.00359  0.00536  0.00843  0.01496  0.02914  0.05454  0.09610 
Additive Gaussian
  metric    0.251    0.398    0.631    1.000    1.585    2.512    3.981    6.310   10.000   15.849 
   error  0.02536  0.03927  0.05921  0.08833  0.12887  0.18003  0.24324  0.31470  0.39077  0.45836 
Image Translation
  metric    0.158    0.251    0.398    0.631    1.000    1.585    2.512    3.981    6.310   10.000   15.849 
   error  0.15957  0.22202  0.28212  0.29537  0.19265  0.35471  0.40249  0.41669  0.52707  0.56171  0.58464 
Image Scale
  metric    0.896    0.921    0.947    0.973    1.000    1.028    1.056    1.086    1.116    1.147    1.179    1.212    1.246 
   error  0.67127  0.64581  0.60199  0.53069  0.00000  0.52264  0.57222  0.58997  0.59730  0.61137  0.61043  0.61367  0.61201 


Algorithm:  HOG-F-PL-F32
======================================================================
data/fiducials/square_border_image/standard/distance_angle/image00001.png

Total Descriptions = 7154, zeros (bad) = 0

Light Scaling
  metric    0.617    0.725    0.851    1.000    1.175    1.380    1.621    1.904 
   error  0.02097  0.02166  0.02160  0.00000  0.03475  0.03951  0.07395  0.13408 
Light Offset
  metric    0.000   10.000   20.000   30.000   40.000   50.000   60.000   70.000   80.000   90.000  100.000 
   error  0.00000  0.00412  0.00758  0.01068  0.01398  0.01751  0.02073  0.02734  0.03437  0.04329  0.06371 
Additive Gaussian
  metric    0.251    0.398    0.631    1.000    1.585    2.512    3.981    6.310   10.000   15.849 
   error  0.09229  0.12286  0.16050  0.20555  0.26485  0.33267  0.41094  0.48447  0.55129  0.60297 
Image Translation
  metric    0.158    0.251    0.398    0.631    1.000    1.585    2.512    3.981    6.310   10.000   15.849 
   error  0.11349  0.15571  0.19693  0.21888  0.18830  0.31757  0.39792  0.47577  0.61955  0.70043  0.74712 
Image Scale
  metric    0.896    0.921    0.947    0.973    1.000    1.028    1.056    1.086    1.116    1.147    1.179    1.212    1.246 
   error  0.81685  0.78994  0.73225  0.58731  0.00000  0.59837  0.72567  0.75477  0.76334  0.78500  0.80108  0.81081  0.82182 
======================================================================
data/calibration_mono/chessboard/distant/image00000.jpg

Total Descriptions = 7154, zeros (bad) = 0

Light Scaling
  metric    0.617    0.725    0.851    1.000    1.175    1.380    1.621    1.904 
   error  0.00666  0.00664  0.00689  0.00000  0.01100  0.03450  0.10799  0.23987 
Light Offset
  metric    0.000   10.000   20.000   30.000   40.000   50.000   60.000   70.000   80.000   90.000  100.000 
   error  0.00000  0.00063  0.00128  0.00251  0.00482  0.00898  0.01784  0.03109  0.05052  0.07844  0.11613 
Additive Gaussian
  metric    0.251    0.398    0.631    1.000    1.585    2.512    3.981    6.310   10.000   15.849 
   error  0.03971  0.05364  0.07260  0.09846  0.13325  0.18017  0.23810  0.30301  0.37917  0.44403 
Image Translation
  metric    0.158    0.251    0.398    0.631    1.000    1.585    2.512    3.981    6.310   10.000   15.849 
   error  0.15313  0.21070  0.26625  0.28052  0.19198  0.34293  0.39470  0.41969  0.53603  0.57513  0.60510 
Image Scale
  metric    0.896    0.921    0.947    0.973    1.000    1.028    1.056    1.086    1.116    1.147    1.179    1.212    1.246 
   error  0.68766  0.66047  0.61425  0.53349  0.00000  0.52592  0.58603  0.60588  0.61389  0.62864  0.62785  0.62989  0.62952 


Algorithm:  SURF-F-F32
======================================================================
data/fiducials/square_border_image/standard/distance_angle/image00001.png

Total Descriptions = 4524, zeros (bad) = 0

Light Scaling
  metric    0.617    0.725    0.851    1.000    1.175    1.380    1.621    1.904 
   error  0.03972  0.03988  0.03902  0.00000  0.05799  0.06917  0.10618  0.14982 
Light Offset
  metric    0.000   10.000   20.000   30.000   40.000   50.000   60.000   70.000   80.000   90.000  100.000 
   error  0.00000  0.02764  0.03947  0.05338  0.06126  0.07187  0.07711  0.08561  0.09210  0.10037  0.12437 
Additive Gaussian
  metric    0.251    0.398    0.631    1.000    1.585    2.512    3.981    6.310   10.000   15.849 
   error  0.05289  0.06525  0.08802  0.12248  0.17496  0.24417  0.32680  0.41179  0.49060  0.55695 
Image Translation
  metric    0.158    0.251    0.398    0.631    1.000    1.585    2.512    3.981    6.310   10.000   15.849 
   error  0.07504  0.10276  0.14656  0.21054  0.29761  0.43700  0.60102  0.75417  0.85209  0.85780  0.88194 
Image Scale
  metric    0.896    0.921    0.947    0.973    1.000    1.028    1.056    1.086    1.116    1.147    1.179    1.212    1.246 
   error  0.93596  0.90893  0.87668  0.79825  0.00000  0.79839  0.87895  0.89735  0.91339  0.92724  0.93157  0.93972  0.95128 
======================================================================
data/calibration_mono/chessboard/distant/image00000.jpg

Total Descriptions = 4524, zeros (bad) = 0

Light Scaling
  metric    0.617    0.725    0.851    1.000    1.175    1.380    1.621    1.904 
   error  0.01344  0.01343  0.01339  0.00000  0.01534  0.02127  0.06390  0.20780 
Light Offset
  metric    0.000   10.000   20.000   30.000   40.000   50.000   60.000   70.000   80.000   90.000  100.000 
   error  0.00000  0.00796  0.00950  0.01400  0.01469  0.01857  0.02068  0.02543  0.03274  0.04777  0.07650 
Additive Gaussian
  metric    0.251    0.398    0.631    1.000    1.585    2.512    3.981    6.310   10.000   15.849 
   error  0.01636  0.01919  0.02457  0.03389  0.04961  0.07564  0.11599  0.17511  0.25326  0.34147 
Image Translation
  metric    0.158    0.251    0.398    0.631    1.000    1.585    2.512    3.981    6.310   10.000   15.849 
   error  0.06754  0.10417  0.15827  0.22393  0.29537  0.43249  0.56823  0.66560  0.73063  0.70757  0.72665 
Image Scale
  metric    0.896    0.921    0.947    0.973    1.000    1.028    1.056    1.086    1.116    1.147    1.179    1.212    1.246 
   error  0.76926  0.76156  0.74432  0.71171  0.00000  0.70940  0.73799  0.74905  0.74975  0.75942  0.75962  0.75778  0.75736 


Algorithm:  SURF-S-F32
======================================================================
data/fiducials/square_border_image/standard/distance_angle/image00001.png

Total Descriptions = 4524, zeros (bad) = 0

Light Scaling
  metric    0.617    0.725    0.851    1.000    1.175    1.380    1.621    1.904 
   error  0.02210  0.02217  0.02154  0.00000  0.03821  0.04856  0.07552  0.12029 
Light Offset
  metric    0.000   10.000   20.000   30.000   40.000   50.000   60.000   70.000   80.000   90.000  100.000 
   error  0.00000  0.01755  0.02657  0.03597  0.04162  0.04854  0.05297  0.05895  0.06409  0.07163  0.08817 
Additive Gaussian
  metric    0.251    0.398    0.631    1.000    1.585    2.512    3.981    6.310   10.000   15.849 
   error  0.02895  0.03654  0.05099  0.07430  0.11276  0.16810  0.23649  0.31104  0.38567  0.45154 
Image Translation
  metric    0.158    0.251    0.398    0.631    1.000    1.585    2.512    3.981    6.310   10.000   15.849 
   error  0.04671  0.06500  0.09174  0.12604  0.17095  0.27068  0.39940  0.55210  0.70075  0.75645  0.78308 
Image Scale
  metric    0.896    0.921    0.947    0.973    1.000    1.028    1.056    1.086    1.116    1.147    1.179    1.212    1.246 
   error  0.84449  0.80852  0.76867  0.64348  0.00000  0.65225  0.77018  0.80097  0.81753  0.83249  0.84564  0.85035  0.86771 
======================================================================
data/calibration_mono/chessboard/distant/image00000.jpg

Total Descriptions = 4524, zeros (bad) = 0

Light Scaling
  metric    0.617    0.725    0.851    1.000    1.175    1.380    1.621    1.904 
   error  0.00833  0.00833  0.00829  0.00000  0.01019  0.01666  0.05824  0.17910 
Light Offset
  metric    0.000   10.000   20.000   30.000   40.000   50.000   60.000   70.000   80.000   90.000  100.000 
   error  0.00000  0.00503  0.00601  0.00906  0.00998  0.01291  0.01498  0.01897  0.02642  0.04100  0.06806 
Additive Gaussian
  metric    0.251    0.398    0.631    1.000    1.585    2.512    3.981    6.310   10.000   15.849 
   error  0.01005  0.01175  0.01508  0.02084  0.03087  0.04782  0.07523  0.11835  0.17676  0.24658 
Image Translation
  metric    0.158    0.251    0.398    0.631    1.000    1.585    2.512    3.981    6.310   10.000   15.849 
   error  0.04752  0.07188  0.10338  0.12650  0.13843  0.23939  0.34109  0.43903  0.54987  0.55585  0.57492 
Image Scale
  metric    0.896    0.921    0.947    0.973    1.000    1.028    1.056    1.086    1.116    1.147    1.179    1.212    1.246 
   error  0.62975  0.61374  0.58772  0.52431  0.00000  0.52342  0.57986  0.59243  0.59524  0.60939  0.60650  0.60814  0.60701 


Algorithm:  SIFT-F32
======================================================================
data/fiducials/square_border_image/standard/distance_angle/image00001.png

Total Descriptions = 4524, zeros (bad) = 0

Light Scaling
  metric    0.617    0.725    0.851    1.000    1.175    1.380    1.621    1.904 
   error  0.00000  0.00000  0.00000  0.00000  0.02125  0.03109  0.07708  0.12353 
Light Offset
  metric    0.000   10.000   20.000   30.000   40.000   50.000   60.000   70.000   80.000   90.000  100.000 
   error  0.00000  0.00854  0.01355  0.01822  0.02201  0.02536  0.02820  0.03102  0.03584  0.04223  0.07902 
Additive Gaussian
  metric    0.251    0.398    0.631    1.000    1.585    2.512    3.981    6.310   10.000   15.849 
   error  0.07555  0.11063  0.15905  0.22168  0.30131  0.39221  0.48445  0.56880  0.63864  0.69427 
Image Translation
  metric    0.158    0.251    0.398    0.631    1.000    1.585    2.512    3.981    6.310   10.000   15.849 
   error  0.08366  0.12516  0.17816  0.23373  0.29367  0.45319  0.61974  0.76696  0.87020  0.88702  0.91903 
Image Scale
  metric    0.896    0.921    0.947    0.973    1.000    1.028    1.056    1.086    1.116    1.147    1.179    1.212    1.246 
   error  0.97871  0.95136  0.92367  0.82959  0.00000  0.82702  0.90866  0.93463  0.95386  0.96657  0.97647  0.98876  0.99946 
======================================================================
data/calibration_mono/chessboard/distant/image00000.jpg

Total Descriptions = 4524, zeros (bad) = 0

Light Scaling
  metric    0.617    0.725    0.851    1.000    1.175    1.380    1.621    1.904 
   error  0.00000  0.00000  0.00000  0.00000  0.00275  0.00987  0.06581  0.23291 
Light Offset
  metric    0.000   10.000   20.000   30.000   40.000   50.000   60.000   70.000   80.000   90.000  100.000 
   error  0.00000  0.00003  0.00064  0.00217  0.00294  0.00407  0.00587  0.00976  0.01924  0.03925  0.07623 
Additive Gaussian
  metric    0.251    0.398    0.631    1.000    1.585    2.512    3.981    6.310   10.000   15.849 
   error  0.01649  0.02599  0.04037  0.06213  0.09531  0.14178  0.20704  0.29001  0.37976  0.46738 
Image Translation
  metric    0.158    0.251    0.398    0.631    1.000    1.585    2.512    3.981    6.310   10.000   15.849 
   error  0.11479  0.17218  0.24001  0.27960  0.26936  0.44748  0.57526  0.65692  0.73638  0.71611  0.73926 
Image Scale
  metric    0.896    0.921    0.947    0.973    1.000    1.028    1.056    1.086    1.116    1.147    1.179    1.212    1.246 
   error  0.80710  0.79227  0.76849  0.72451  0.00000  0.71669  0.74908  0.76203  0.76549  0.77410  0.77427  0.77792  0.77845 

