# list of hand selected 2D points
122.29729729729729000000 204.32432432432432000000
159.72972972972970000000 200.94594594594594000000
150.81081081081080000000 245.40540540540540000000
112.70270270270270000000 247.70270270270268000000
200.13513513513513000000 197.43243243243242000000
243.10810810810810000000 193.91891891891890000000
235.94594594594594000000 241.35135135135133000000
191.48648648648648000000 243.51351351351352000000
289.86486486486484000000 190.00000000000000000000
339.05405405405406000000 186.35135135135135000000
333.91891891891890000000 236.89189189189187000000
283.37837837837840000000 239.45945945945945000000
276.62162162162160000000 291.35135135135135000000
328.37837837837840000000 290.54054054054050000000
322.97297297297297000000 347.02702702702703000000
270.00000000000000000000 345.81081081081080000000
183.78378378378378000000 292.43243243243240000000
227.70270270270268000000 292.43243243243240000000
220.81081081081080000000 344.45945945945940000000
175.00000000000000000000 342.83783783783780000000
103.78378378378378000000 292.97297297297297000000
141.75675675675674000000 292.83783783783780000000
133.64864864864865000000 341.21621621621620000000
94.18918918918918000000 339.45945945945940000000
