# list of hand selected 2D points
248.19672131147540000000 131.63934426229508000000
290.16393442622950000000 129.34426229508196000000
297.04918032786884000000 180.81967213114750000000
255.08196721311472000000 180.98360655737704000000
335.90163934426226000000 127.04918032786884000000
385.40983606557376000000 124.59016393442622000000
391.31147540983600000000 180.49180327868850000000
342.29508196721310000000 180.32786885245900000000
439.34426229508193000000 121.96721311475409000000
496.72131147540980000000 120.65573770491802000000
500.81967213114750000000 180.49180327868850000000
444.26229508196720000000 180.65573770491800000000
448.52459016393436000000 236.88524590163934000000
503.93442622950820000000 239.67213114754097000000
506.22950819672127000000 294.75409836065570000000
451.96721311475403000000 290.65573770491800000000
348.36065573770486000000 232.78688524590163000000
396.39344262295080000000 234.59016393442622000000
401.14754098360650000000 286.55737704918030000000
354.26229508196720000000 282.45901639344260000000
261.96721311475410000000 229.50819672131146000000
303.44262295081967000000 230.65573770491800000000
309.67213114754094000000 278.68852459016390000000
268.52459016393440000000 275.73770491803276000000
