# list of hand selected 2D points
107.29729729729729000000 119.05405405405405000000
142.16216216216216000000 115.27027027027026000000
131.89189189189187000000 155.94594594594594000000
95.94594594594594000000 159.18918918918920000000
179.86486486486487000000 110.13513513513513000000
220.27027027027026000000 105.81081081081080000000
210.94594594594594000000 149.72972972972970000000
169.59459459459458000000 152.97297297297297000000
264.05405405405406000000 100.81081081081080000000
310.13513513513510000000 96.48648648648648000000
303.24324324324320000000 142.43243243243242000000
255.40540540540540000000 145.54054054054055000000
246.89189189189187000000 194.59459459459458000000
295.27027027027026000000 192.56756756756755000000
287.97297297297297000000 244.86486486486484000000
238.10810810810810000000 244.86486486486484000000
159.86486486486487000000 197.97297297297297000000
201.62162162162160000000 195.94594594594594000000
191.89189189189187000000 245.13513513513513000000
149.72972972972970000000 245.27027027027026000000
85.67567567567568000000 201.35135135135135000000
121.21621621621621000000 199.86486486486484000000
111.08108108108108000000 245.00000000000000000000
74.32432432432432000000 244.86486486486484000000
