# list of hand selected 2D points
192.08955223880596000000 177.76119402985074000000
245.97014925373134000000 175.37313432835820000000
238.50746268656715000000 218.65671641791045000000
181.19402985074626000000 220.74626865671640000000
301.79104477611940000000 172.68656716417910000000
296.26865671641790000000 216.56716417910448000000
358.80597014925370000000 170.89552238805970000000
357.01492537313430000000 215.37313432835820000000
417.91044776119400000000 168.95522388059700000000
476.56716417910445000000 167.61194029850745000000
481.04477611940297000000 212.83582089552237000000
418.50746268656720000000 214.32835820895522000000
419.55223880597015000000 264.62686567164180000000
484.92537313432837000000 263.88059701492534000000
488.95522388059700000000 320.00000000000000000000
419.55223880597015000000 320.44776119402985000000
290.74626865671644000000 266.41791044776120000000
354.02985074626866000000 265.67164179104475000000
351.04477611940297000000 320.89552238805970000000
284.17910447761193000000 321.04477611940297000000
169.99999999999997000000 268.68852459016390000000
228.68852459016392000000 267.86885245901635000000
219.67213114754097000000 320.81967213114750000000
158.03278688524588000000 320.65573770491800000000
