# list of hand selected 2D points
221.63636363636363000000 107.09090909090910000000
278.36363636363640000000 105.63636363636364000000
220.90909090909090000000 163.63636363636363000000
278.18181818181820000000 162.72727272727272000000
337.09090909090907000000 104.00000000000000000000
395.45454545454544000000 103.45454545454545000000
396.36363636363640000000 161.45454545454547000000
336.90909090909093000000 162.18181818181820000000
455.27272727272725000000 103.27272727272727000000
513.45454545454550000000 103.81818181818181000000
514.90454545454600000000 161.43636363636358000000
456.00000000000000000000 161.45454545454547000000
456.72727272727275000000 220.90909090909090000000
515.63636363636360000000 221.45454545454547000000
516.00000000000000000000 280.18181818181820000000
456.54545454545456000000 280.36363636363640000000
337.63636363636360000000 221.09090909090910000000
396.36363636363640000000 221.45454545454547000000
396.90909090909093000000 280.36363636363640000000
336.90909090909093000000 280.36363636363640000000
220.72727272727272000000 221.45454545454547000000
278.18181818181820000000 221.45454545454547000000
278.34545454545450000000 279.45454545454544000000
220.60909090909084000000 279.15454545454537000000
