# list of hand selected 2D points
245.24590163934425000000 163.11475409836063000000
282.95081967213110000000 160.65573770491800000000
282.13114754098360000000 210.49180327868850000000
242.95081967213113000000 211.14754098360655000000
325.40983606557376000000 157.54098360655738000000
370.49180327868850000000 154.75409836065572000000
369.50819672131144000000 209.01639344262293000000
324.09836065573770000000 209.83606557377047000000
420.65573770491800000000 151.47540983606555000000
473.27868852459010000000 148.68852459016392000000
472.45901639344260000000 207.70491803278688000000
418.68852459016390000000 208.52459016393442000000
418.03278688524586000000 266.39344262295080000000
471.14754098360650000000 267.86885245901635000000
469.67213114754094000000 327.37704918032784000000
415.73770491803276000000 322.95081967213110000000
322.45901639344260000000 262.62295081967210000000
367.86885245901635000000 264.26229508196720000000
366.55737704918030000000 319.50819672131144000000
320.65573770491800000000 315.40983606557376000000
241.63934426229505000000 259.83606557377050000000
279.83606557377044000000 261.31147540983600000000
278.52459016393440000000 311.47540983606550000000
240.32786885245900000000 307.86885245901635000000
