# list of hand selected 2D points
100.00000000000000000000 110.66666666666667000000
156.44444444444446000000 108.88888888888889000000
155.33333333333334000000 168.00000000000000000000
98.22222222222223000000 169.33333333333334000000
215.55555555555554000000 107.33333333333333000000
276.22222222222223000000 106.44444444444444000000
275.55555555555554000000 166.88888888888889000000
214.22222222222223000000 167.33333333333334000000
337.33333333333330000000 105.55555555555556000000
399.77777777777777000000 105.55555555555556000000
400.22222222222223000000 166.66666666666666000000
337.55555555555554000000 166.44444444444446000000
337.55555555555554000000 228.88888888888889000000
400.22222222222223000000 228.66666666666666000000
400.00000000000000000000 291.55555555555554000000
336.88888888888890000000 291.11111111111110000000
213.77777777777777000000 228.88888888888889000000
274.88888888888890000000 228.66666666666666000000
274.88888888888890000000 290.88888888888890000000
213.33333333333334000000 290.00000000000000000000
97.27272727272727000000 228.90909090909090000000
154.54545454545453000000 228.72727272727272000000
154.36363636363637000000 289.45454545454544000000
96.94090909090910000000 288.27727272727265000000
