# list of hand selected 2D points
82.23880597014926000000 165.07462686567163000000
118.50746268656717000000 162.38805970149252000000
91.34328358208955000000 213.13432835820896000000
127.26119402985077000000 212.63432835820885000000
157.11343283582084000000 159.49925373134315000000
200.44776119402985000000 158.35820895522390000000
166.26865671641790000000 212.98507462686567000000
209.70149253731340000000 212.53731343283582000000
248.20746268656708000000 154.97388059701487000000
300.24925373134330000000 153.28283582089549000000
308.05970149253733000000 212.08955223880596000000
256.41791044776120000000 212.68656716417910000000
265.22388059701490000000 267.91044776119400000000
315.82089552238807000000 270.29850746268660000000
322.83582089552240000000 324.47761194029850000000
272.83582089552240000000 320.14925373134326000000
175.97014925373134000000 263.88059701492534000000
218.20895522388060000000 266.11940298507460000000
227.31343283582090000000 316.11940298507460000000
184.92537313432834000000 311.64179104477610000000
101.49253731343283000000 259.85074626865674000000
137.31343283582090000000 261.79104477611940000000
146.41791044776120000000 307.61194029850750000000
110.59701492537313000000 304.32835820895520000000
