# list of hand selected 2D points
383.03797468354430000000 266.51898734177210000000
402.78481012658230000000 272.21518987341770000000
395.82278481012656000000 282.97468354430380000000
376.01265822784810000000 276.01265822784810000000
426.70886075949363000000 279.55696202531647000000
446.32911392405060000000 286.13924050632910000000
441.13924050632910000000 309.05063291139237000000
403.67088607594934000000 290.75949367088606000000
385.75949367088606000000 292.91139240506330000000
400.12658227848100000000 312.97468354430380000000
363.48101265822780000000 301.83544303797464000000
399.55696202531647000000 319.93670886075950000000
425.18987341772150000000 329.05063291139237000000
412.15189873417720000000 357.78481012658230000000
379.11392405063290000000 343.60759493670884000000
377.84810126582280000000 326.96202531645570000000
