# list of hand selected 2D points
328.20224719101120000000 365.16853932584270000000
359.77528089887640000000 364.15730337078650000000
361.91011235955057000000 400.00000000000000000000
329.66292134831457000000 400.89887640449440000000
315.05617977528090000000 419.55056179775280000000
364.26966292134830000000 444.04494382022470000000
365.39325842696627000000 482.80898876404490000000
302.35955056179773000000 497.19101123595505000000
258.31460674157300000000 374.49438202247190000000
297.64044943820220000000 398.31460674157300000000
261.12359550561797000000 439.77528089887636000000
211.79775280898875000000 420.44943820224717000000
243.59550561797752000000 444.83146067415730000000
242.24719101123594000000 492.02247191011236000000
164.26966292134830000000 500.78651685393254000000
174.04494382022472000000 440.11235955056180000000
