# list of hand selected 2D points
287.04918032786884000000 229.01639344262293000000
344.42622950819670000000 229.83606557377047000000
344.75409836065570000000 252.62295081967210000000
285.07377049180315000000 250.94180327868860000000
412.19512195121945000000 232.19512195121948000000
467.80487804878044000000 235.36585365853657000000
494.39024390243895000000 279.51219512195120000000
374.19024390243890000000 264.54634146341470000000
337.02317073170724000000 276.91707317073156000000
405.95365853658535000000 308.68658536585366000000
292.91463414634130000000 307.27317073170730000000
414.59016393442620000000 323.77049180327870000000
492.78688524590160000000 325.90163934426226000000
520.74626865671640000000 393.73134328358210000000
408.05970149253733000000 385.82089552238807000000
372.23880597014926000000 350.29850746268653000000
