# list of hand selected 2D points
227.16216216216216000000 230.27027027027026000000
265.54054054054050000000 205.94594594594594000000
296.08108108108110000000 224.32432432432432000000
257.97297297297297000000 249.32432432432432000000
308.24324324324320000000 180.27027027027026000000
342.70270270270270000000 161.35135135135135000000
410.40540540540536000000 186.21621621621620000000
329.32432432432430000000 222.16216216216216000000
323.58024691358025000000 247.28395061728395000000
399.13580246913580000000 242.22222222222223000000
338.27160493827160000000 288.88888888888890000000
421.23456790123460000000 249.62962962962965000000
462.09876543209880000000 220.74074074074076000000
546.66666666666670000000 256.79012345679010000000
489.87654320987656000000 294.19753086419750000000
431.48148148148150000000 285.18518518518520000000
