# list of hand selected 2D points
474.38775510204080000000 184.38775510204080000000
490.71428571428567000000 211.12244897959180000000
460.20408163265300000000 218.57142857142856000000
444.79591836734690000000 191.12244897959180000000
452.85714285714283000000 236.02040816326530000000
510.10204081632650000000 245.81632653061223000000
526.02040816326530000000 276.12244897959180000000
469.99999999999994000000 301.22448979591840000000
379.99999999999994000000 211.31147540983605000000
426.88524590163930000000 222.29508196721310000000
407.37704918032784000000 262.29508196721310000000
350.16393442622950000000 256.72131147540983000000
391.47540983606550000000 270.00000000000000000000
408.36065573770486000000 308.19672131147536000000
332.62295081967210000000 331.31147540983600000000
319.83606557377044000000 279.83606557377044000000
