# list of hand selected 2D points
473.02295081967220000000 472.49508196721314000000
410.16393442622945000000 471.63934426229500000000
410.98360655737700000000 420.32786885245900000000
472.62295081967210000000 421.47540983606550000000
336.21621621621620000000 470.27027027027026000000
273.78378378378375000000 466.75675675675670000000
260.54054054054050000000 369.45945945945940000000
382.17058823529425000000 395.44411764705880000000
419.45945945945940000000 370.81081081081080000000
355.67567567567570000000 314.05405405405406000000
461.48648648648646000000 313.78378378378375000000
277.55555555555554000000 284.22222222222223000000
273.57777777777770000000 178.71666666666667000000
364.00000000000000000000 193.11111111111111000000
391.55555555555554000000 245.11111111111111000000
350.66666666666670000000 289.33333333333330000000
