# list of hand selected 2D points
519.07407407407400000000 82.48518518518519000000
555.81296296296260000000 89.01666666666667000000
550.18518518518510000000 114.16666666666666000000
513.33333333333330000000 106.57407407407406000000
599.72972972972970000000 98.37837837837837000000
635.94594594594590000000 105.94594594594594000000
638.24324324324320000000 156.21621621621620000000
566.08108108108100000000 129.18918918918920000000
539.72972972972970000000 138.78378378378378000000
574.45945945945950000000 175.67567567567568000000
507.02702702702700000000 164.32432432432432000000
576.62162162162160000000 190.54054054054052000000
622.02702702702700000000 200.81081081081080000000
618.10810810810810000000 264.32432432432430000000
557.56756756756750000000 245.67567567567568000000
544.72972972972970000000 211.48648648648648000000
