#  rotated ellipses. x y a b phi
361.68539325842690000000 292.35955056179773000000 15.01629800944107800000 9.89402245516910700000 -1.34481425839751300000
433.93258426966290000000 275.84269662921350000000 16.91524428454724000000 12.33552312086192700000 -1.23458910636367850000
524.15730337078650000000 254.15730337078650000000 19.33106801582614400000 16.07095113143295000000 -1.04264257125876900000
643.25842696629210000000 226.74157303370785000000 24.04100566300687800000 20.11204569461970000000 -0.67793364601901440000
396.30252100840335000000 331.93277310924367000000 16.18710771080612400000 11.75059177375346300000 -1.35057312291445400000
479.07563025210084000000 318.73949579831930000000 18.29579862810450700000 15.01476334891228000000 -1.28720624426601040000
584.36974789915960000000 301.68067226890753000000 21.46479061325542400000 19.74056720675775300000 -0.82152701391022710000
726.74157303370780000000 278.87640449438203000000 27.52200242774840800000 23.43015764293904400000 -0.23989298358138264000
362.74809160305340000000 384.50381679389307000000 15.85031374016535600000 10.70908301151945200000 -1.50503727538190430000
436.42857142857140000000 377.85714285714283000000 17.50059498006833500000 13.66861397192012900000 -1.48285822920200670000
532.08955223880590000000 369.70149253731340000000 20.05228185454384600000 17.96323068085619000000 -1.42912880440470280000
657.83783783783780000000 359.05405405405406000000 24.22370329480673000000 23.58717879807378300000 0.19070823002296655000
398.82352941176470000000 432.77310924369750000000 17.17500898252721300000 12.56752118757812100000 1.54719875191398850000
483.94957983193274000000 432.14285714285710000000 19.66229434216940700000 15.68195343645303000000 1.45158257434260250000
595.67164179104470000000 431.64179104477610000000 23.32277604358341300000 20.87205505243383600000 1.17097587033717750000
748.80597014925380000000 430.89552238805970000000 30.35726968417380800000 25.84126967728555300000 0.39992661560231924000
363.58024691358025000000 483.45679012345680000000 16.91892431568861000000 11.26382630192401100000 1.51179680491917030000
440.98765432098764000000 489.19753086419760000000 19.14147665774318000000 14.29981939147721300000 1.41430610604878230000
540.86419753086420000000 497.03703703703707000000 22.81580351660260000000 18.04750796701687300000 1.20896955674430150000
674.69135802469130000000 507.40740740740745000000 28.56424371306822300000 23.83355636029057600000 0.76230365108052090000
