#  rotated ellipses. x y a b phi
295.95505617977530000000 478.20224719101120000000 16.48089301921300600000 10.95520556291028700000 0.85670838368575440000
289.55223880597015000000 388.35820895522386000000 17.91122510750899400000 12.34505212113214900000 0.87557744365449710000
280.29850746268660000000 285.97014925373134000000 19.16748588200226800000 14.69315620910506800000 1.08997594785282300000
272.22222222222223000000 168.02469135802470000000 21.77359216236727000000 15.68574927916430500000 1.36134010921841740000
337.04081632653060000000 448.26530612244890000000 18.34501193032768600000 12.52943223852971500000 0.87166271061419080000
332.75510204081630000000 349.18367346938770000000 19.22548905501274800000 14.81675169458009100000 0.92284978549385870000
326.66666666666663000000 235.27777777777777000000 20.96603825106522000000 16.81734868328693400000 1.23741210113169100000
321.23595505617976000000 102.35955056179775000000 23.68202436438241400000 18.52570149704405000000 1.47266128184142400000
386.17283950617286000000 507.90123456790127000000 18.50781583726170600000 12.71024790289730800000 0.76694469180376370000
384.50617283950620000000 413.58024691358025000000 19.51486366793405500000 14.62546171811050600000 0.80137044798208230000
383.33333333333337000000 303.64197530864200000000 21.08772439367613300000 17.44556277159380300000 0.95047395217758720000
381.85185185185185000000 175.55555555555554000000 23.67925694076734200000 20.11436589324418400000 1.36573974559738320000
437.95918367346934000000 477.75510204081627000000 19.71527863304267200000 14.90843914312622000000 0.69046108557224440000
440.20408163265300000000 372.95918367346934000000 21.41356374364737300000 17.48779844760166600000 0.68848018749950070000
443.41836734693874000000 249.48979591836732000000 23.02852341037756000000 20.91992278935807500000 0.93637379283783270000
447.56756756756755000000 103.24324324324324000000 26.02360281704389400000 23.40141030755970400000 -1.33159298177946140000
491.73469387755097000000 543.06122448979590000000 20.51121938800833200000 14.08200236131059300000 0.62909752735122070000
498.87755102040813000000 442.24489795918360000000 21.55942795571337800000 17.21778148214848500000 0.62536150611637440000
506.73469387755097000000 324.48979591836735000000 23.41742250550500500000 20.91637621185616800000 0.55286318879786140000
516.11940298507470000000 184.62686567164178000000 25.52413365768312300000 24.77611940298510300000 -1.55930453156203690000
