#  rotated ellipses. x y a b phi
293.03370786516854000000 425.28089887640450000000 14.29220549766998800000 7.49784297559680200000 0.28847747366463544000
280.33707865168540000000 367.07865168539325000000 16.12281249322149500000 9.02940251814127700000 0.28831240469207653000
263.53932584269660000000 295.39325842696627000000 18.44622520572601600000 12.49327555524290500000 0.43321018528821625000
242.47191011235955000000 200.00000000000000000000 21.94386625008838400000 15.92575248530518200000 0.57658780026471920000
331.66666666666670000000 401.87500000000000000000 15.07520371256415900000 8.80877526134806000000 0.25429836641069764000
322.98611111111110000000 337.43055555555554000000 17.16236939426806000000 11.02440124630383700000 0.30661943789435403000
311.17647058823530000000 255.64705882352942000000 19.87243052094255000000 14.44378196215390300000 0.38462971139425350000
296.11764705882354000000 144.47058823529412000000 23.65642190987160700000 19.30917633296250000000 0.60671633191306830000
379.21348314606740000000 433.03370786516854000000 14.30147740718696700000 8.06527153753174000000 0.18147441953684840000
375.73033707865164000000 376.17977528089887000000 15.78161785715006700000 10.24938375908423200000 0.21188421587670380000
372.24719101123594000000 302.92134831460675000000 18.32012049076403700000 13.00752892020712900000 0.27293107202056590000
367.30337078651684000000 207.97752808988764000000 21.46074769091468000000 17.72086800877630000000 0.36109611121405210000
424.32835820895520000000 410.14925373134326000000 15.47711537941778400000 9.31252387451132600000 0.11229135836262640000
426.26865671641790000000 346.56716417910445000000 17.64605852873282300000 11.52737499382065600000 0.10005195859713845000
429.70149253731340000000 263.88059701492534000000 20.06685751002051000000 15.96823115835240000000 0.14614672718081073000
434.17910447761193000000 151.94029850746267000000 23.71361865072771000000 21.37574506693057700000 0.23479151032535855000
468.05970149253733000000 441.34328358208955000000 15.03245171583782600000 8.40604647183801600000 0.10180960412070666000
475.52238805970150000000 383.88059701492534000000 16.65249638940389700000 10.45015963941201400000 0.03747148113460610500
485.22388059701490000000 311.49253731343280000000 19.15702312111666200000 13.44029643564501300000 0.01894235596056194300
497.61194029850750000000 216.41791044776120000000 22.62068202039766600000 18.58014135924113000000 -0.07851028619759900000
