#  rotated ellipses. x y a b phi
219.01234567901236000000 401.23456790123460000000 13.39036727205553700000 10.80458533063841700000 -0.08932447935929395000
221.04938271604940000000 329.87654320987656000000 14.16219435040973800000 12.14418910696353400000 -0.08130306968248671000
222.96296296296300000000 251.17283950617286000000 15.06185488714341000000 13.76598570552612500000 0.01145504850050688000
225.18518518518520000000 162.46913580246914000000 15.78799491440132700000 15.22327852712628300000 1.16838035959245780000
261.06481481481480000000 364.67592592592590000000 13.23021467123317600000 11.28509614765104100000 -0.24268372736548538000
264.90740740740740000000 291.94444444444440000000 13.96905874405241300000 12.50737094062395700000 -0.08656288158291842000
269.49074074074070000000 210.69444444444443000000 14.67658311415572700000 14.12408876359536200000 -0.02282586006993546700
274.81481481481480000000 119.44444444444444000000 15.61338731703217600000 15.18546747705090000000 0.40135385656566320000
297.17557251908390000000 395.80152671755720000000 12.59356914462607300000 10.03577308674489000000 -0.21846672015741594000
302.97709923664120000000 328.47328244274803000000 12.91684484827663000000 10.94142404863773900000 -0.14022128066270007000
309.42748091603050000000 253.09160305343508000000 13.35474312001707600000 12.83407942857058800000 -0.07495888296758431000
316.60305343511450000000 170.26717557251908000000 14.39543676766877300000 14.39543676766877300000 -0.02916944301378628800
337.10084033613447000000 361.17647058823525000000 12.19971567852380000000 10.50697442396214700000 -0.26539240139999410000
345.03816793893130000000 292.21374045801525000000 12.43712700269294000000 11.47198978969489900000 -0.34673792762239675000
354.04580152671750000000 215.30534351145036000000 13.24625455428060600000 13.24625455428060600000 -0.07787686319575833000
363.66412213740455000000 129.50381679389312000000 14.46585026748540200000 13.66417544447784300000 1.56566712327351240000
368.39694656488547000000 390.91603053435110000000 11.68362942541045700000 9.03024719978631800000 -0.32171576741341130000
376.98473282442740000000 326.33587786259540000000 12.04783552714866000000 10.39072630060177700000 -0.39687351870321874000
387.32824427480910000000 255.57251908396944000000 12.97962481036861600000 11.14876284095527800000 -1.13468833819581570000
398.47328244274810000000 176.98473282442745000000 13.81431591798167200000 12.47367719670215000000 -1.49191349944305120000
