#  rotated ellipses. x y a b phi
247.53086419753090000000 520.74074074074080000000 20.76424300407766300000 13.85854023072513000000 -0.46390783228772430000
254.69135802469134000000 421.79012345679020000000 22.03876605590430000000 16.45695683095617000000 -0.44715957708301807000
264.07407407407410000000 305.30864197530866000000 23.38553178973826000000 21.01088039457268400000 -0.35390405825809085000
274.69135802469140000000 163.70370370370372000000 26.02098973370413400000 25.41711172937066400000 1.49356148383597720000
309.89795918367344000000 463.67346938775506000000 19.91495872473535300000 14.58041511033453300000 -0.53344537110092450000
322.44897959183670000000 360.81632653061223000000 21.54318232542198800000 16.99799091442955400000 -0.52890002357081570000
338.46938775510200000000 239.59183673469386000000 23.08762260103372200000 20.71428571428570800000 -0.75542816512673260000
356.72131147540980000000 92.78688524590163000000 27.08442810237820000000 23.98714158813989000000 -1.46535882609515380000
356.40449438202245000000 498.08988764044943000000 18.35497378075243800000 12.10149394861683800000 -0.54118568032472230000
371.79775280898880000000 408.08988764044943000000 19.51436659808038000000 14.27275910849473400000 -0.60503366419101910000
390.00000000000000000000 301.23595505617976000000 21.29635901295537400000 17.40122629097571000000 -0.76776594595122380000
411.68539325842690000000 174.94382022471910000000 23.62224274340297000000 19.65039729558948000000 -1.08944218083171960000
412.95918367346934000000 446.42857142857140000000 18.09606923568183500000 12.27080592507318700000 -0.69355404592615010000
433.26530612244900000000 352.75510204081630000000 19.20930224642917000000 13.78212237379270600000 -0.76051408178353260000
456.93877551020404000000 242.44897959183672000000 21.24630942791097000000 16.52029471416086000000 -0.94464539820599810000
484.08163265306120000000 111.73469387755101000000 24.03164129691464300000 18.68573256300312500000 -1.31253282317556970000
448.39506172839510000000 479.62962962962970000000 16.66072139045664400000 10.62374193489679200000 -0.69455751780125530000
468.79629629629625000000 395.00000000000000000000 17.70141779756344000000 11.78584047343655600000 -0.78383950708579860000
493.46938775510200000000 298.06122448979590000000 19.38077210442348500000 13.24566835280322300000 -0.90477181519777040000
522.14285714285710000000 184.38775510204080000000 21.67737003217572700000 15.78964174194672600000 -1.12452417849737030000
