#  rotated ellipses. x y a b phi
347.91044776119406000000 509.92537313432830000000 18.25553743154883800000 10.43202439566535100000 -0.49598832636451406000
298.65671641791045000000 455.52238805970150000000 21.05549107979367600000 12.41590110034950300000 -0.48249799452617590000
233.43283582089552000000 385.37313432835820000000 25.15545341893010800000 18.04551064514929600000 -0.33125542098048044000
141.11940298507463000000 283.28358208955220000000 31.72203637680420500000 25.07740300907693500000 -0.00764071128536253700
373.51351351351350000000 453.10810810810807000000 19.09665546155624000000 11.37784405166363300000 -0.54698923495439640000
325.80000000000000000000 387.20000000000000000000 21.93855054464627200000 15.54155719353758300000 -0.51328149583311160000
260.80000000000000000000 298.60000000000000000000 26.52168923730162200000 21.73476477903548700000 -0.46602770685088446000
166.10000000000000000000 167.70000000000000000000 34.22426040106637400000 30.34633421024686200000 0.27052124280557030000
438.03278688524586000000 449.50819672131144000000 17.07965587873658500000 9.87015949081334100000 -0.64055820010804510000
403.28358208955220000000 389.85074626865670000000 20.15229385578254600000 12.71813456284932000000 -0.61901700027355820000
357.16417910447760000000 308.80597014925370000000 23.68436164246835000000 17.76135080828838400000 -0.61081170970250590000
292.68656716417910000000 196.11940298507463000000 28.45672205426184200000 25.27328906415417700000 -0.71701394817291610000
468.53932584269660000000 390.89887640449440000000 18.47622902570292400000 10.74958565332716800000 -0.71030030610982220000
436.85393258426967000000 318.20224719101120000000 21.57515497529632500000 13.88459022537400000000 -0.73108545193518300000
393.93258426966290000000 219.10112359550560000000 25.75369382953484000000 20.25995681810382700000 -0.77924718582426320000
330.67567567567570000000 75.67567567567568000000 32.36394796421679000000 29.41704422387209700000 -1.36748413251053380000
525.06172839506180000000 392.28395061728395000000 16.99191107304707400000 9.64643200142819000000 -0.75485195511354690000
503.02469135802470000000 324.69135802469134000000 19.94782479540007700000 12.43991809707160500000 -0.78462581633256670000
475.18518518518520000000 236.41975308641977000000 23.87029933551989000000 16.20296882519345000000 -0.87538174581413720000
435.67901234567904000000 114.07407407407408000000 28.92223990256560700000 23.07849603243326800000 -1.10795702101053600000
