# list of hand selected 2D points
SETS
169.45945945945945000000 171.08108108108107000000 210.81081081081080000000 164.18918918918920000000 216.58243243243223000000 203.24324324324323000000 175.94594594594594000000 211.08108108108107000000
225.54054054054052000000 196.21621621621620000000 233.78378378378378000000 162.02702702702703000000 259.86486486486484000000 156.89189189189187000000 277.43243243243240000000 186.75675675675674000000
284.59459459459460000000 182.02702702702703000000 294.72972972972974000000 148.78378378378378000000 305.27027027027026000000 147.02702702702703000000 327.70270270270270000000 171.62162162162160000000
325.54054054054050000000 155.54054054054052000000 330.00000000000000000000 143.78378378378378000000 347.56756756756755000000 140.67567567567568000000 359.59459459459460000000 149.18918918918920000000
341.89189189189190000000 197.97297297297297000000 351.35135135135135000000 156.21621621621620000000 360.00000000000000000000 168.10810810810810000000 355.40540540540536000000 189.72972972972970000000
307.56756756756755000000 184.32432432432432000000 340.81081081081080000000 205.13513513513513000000 328.10810810810807000000 210.94594594594594000000 310.94594594594594000000 200.54054054054052000000
288.37837837837840000000 205.00000000000000000000 294.45945945945940000000 188.10810810810810000000 311.48648648648646000000 226.48648648648648000000 297.70270270270270000000 223.91891891891890000000
269.18918918918916000000 225.27027027027026000000 268.78378378378375000000 203.31756756756772000000 280.00000000000000000000 190.67567567567568000000 280.54054054054050000000 234.32432432432432000000
179.86486486486487000000 234.86486486486484000000 185.67567567567568000000 218.78378378378378000000 206.62162162162160000000 215.81081081081080000000 219.45945945945945000000 227.16216216216216000000
234.59459459459458000000 221.75675675675674000000 246.75675675675674000000 203.10810810810810000000 262.43243243243240000000 200.97162162162147000000 238.23378378378365000000 237.29729729729730000000
323.78378378378375000000 229.45945945945945000000 355.40540540540536000000 204.86486486486484000000 354.59459459459460000000 219.86486486486484000000 338.78378378378375000000 232.83783783783784000000
178.64864864864865000000 273.24324324324320000000 200.72972972972994000000 269.18918918918916000000 203.62432432432416000000 292.37702702702710000000 182.02702702702703000000 296.75675675675670000000
216.67702702702692000000 292.56756756756755000000 208.10810810810810000000 271.48648648648646000000 227.42702702702710000000 261.08648648648636000000 235.94594594594594000000 282.43243243243240000000
238.37837837837836000000 271.75675675675680000000 253.10810810810810000000 255.00000000000000000000 267.56756756756755000000 271.21621621621620000000 252.56756756756755000000 287.56756756756755000000
285.94594594594594000000 280.54054054054050000000 273.64864864864865000000 262.16216216216213000000 291.08108108108110000000 249.45945945945945000000 302.70270270270270000000 266.75675675675680000000
306.75675675675670000000 266.89189189189190000000 314.32432432432430000000 245.67567567567568000000 332.97297297297297000000 252.29729729729730000000 325.81081081081080000000 273.37837837837840000000
339.32432432432430000000 261.21621621621620000000 344.18918918918916000000 239.32432432432432000000 363.10810810810807000000 244.59459459459458000000 358.10810810810807000000 266.21621621621620000000
183.78378378378378000000 308.24324324324320000000 196.35135135135135000000 305.27027027027026000000 198.24324324324323000000 319.59459459459460000000 184.59459459459458000000 322.43243243243240000000
200.67567567567568000000 307.70270270270270000000 212.43243243243242000000 300.94594594594594000000 218.10810810810810000000 312.83783783783780000000 206.48648648648648000000 319.18918918918916000000
218.91891891891890000000 307.02702702702703000000 227.83783783783784000000 297.16216216216213000000 236.62162162162160000000 305.94594594594594000000 227.97297297297297000000 316.21621621621620000000
240.94594594594594000000 301.62162162162160000000 251.08108108108107000000 292.97297297297297000000 257.83783783783780000000 303.64864864864865000000 248.10810810810810000000 311.48648648648646000000
261.35135135135135000000 303.51351351351350000000 265.13513513513510000000 290.67567567567570000000 276.08108108108110000000 294.59459459459460000000 271.62162162162160000000 307.70270270270270000000
280.67567567567570000000 299.45945945945940000000 283.64864864864865000000 287.02702702702703000000 295.00000000000000000000 289.32432432432430000000 292.16216216216213000000 302.16216216216213000000
189.59459459459458000000 351.62162162162160000000 193.51351351351352000000 340.54054054054050000000 207.02702702702700000000 338.24324324324320000000 215.40540540540540000000 345.27027027027026000000
226.62162162162160000000 341.08108108108104000000 235.27027027027026000000 327.97297297297297000000 247.02702702702700000000 326.21621621621620000000 230.27027027027026000000 351.35135135135135000000
252.02702702702700000000 342.70270270270270000000 251.08108108108107000000 327.29729729729730000000 259.45945945945940000000 318.51351351351350000000 259.32432432432430000000 347.83783783783780000000
264.72972972972974000000 327.70270270270270000000 268.78378378378375000000 316.08108108108104000000 281.35135135135135000000 342.02702702702703000000 271.75675675675680000000 340.67567567567570000000
278.37837837837840000000 313.10810810810807000000 302.16216216216213000000 325.94594594594594000000 293.24324324324320000000 331.21621621621620000000 281.48648648648646000000 325.13513513513510000000
303.51351351351350000000 321.08108108108104000000 309.32432432432430000000 291.89189189189190000000 315.27027027027026000000 298.91891891891890000000 312.83783783783780000000 314.86486486486484000000
332.20270270270260000000 319.99459459459470000000 328.24324324324320000000 287.29729729729730000000 330.54054054054050000000 274.32432432432430000000 334.61486486486480000000 297.95405405405380000000
338.51351351351350000000 286.48648648648646000000 339.72972972972974000000 271.21621621621620000000 346.75675675675670000000 294.86486486486484000000 346.08108108108104000000 315.13513513513510000000
350.40540540540536000000 284.05405405405406000000 348.78378378378375000000 270.94594594594594000000 360.94594594594594000000 294.45945945945940000000 363.99864864864870000000 312.87162162162190000000
352.70270270270270000000 318.64864864864865000000 365.94594594594594000000 334.86486486486484000000 370.00000000000000000000 356.62162162162160000000 354.72972972972974000000 342.02702702702703000000
320.27027027027026000000 336.48648648648646000000 330.00000000000000000000 332.83783783783780000000 344.18918918918916000000 333.37837837837840000000 329.59459459459460000000 338.10810810810807000000
321.75675675675670000000 343.10810810810807000000 331.08108108108104000000 341.75675675675670000000 345.81081081081080000000 345.94594594594594000000 328.64864864864865000000 346.35135135135135000000
323.51351351351350000000 351.62162162162160000000 333.10810810810807000000 352.97297297297297000000 344.86486486486484000000 360.27027027027026000000 329.45945945945940000000 357.43243243243240000000
289.86486486486484000000 343.91891891891890000000 312.70270270270270000000 325.40540540540540000000 312.70270270270270000000 335.67567567567570000000 302.02702702702703000000 345.13513513513510000000
193.78378378378378000000 369.86486486486484000000 201.21621621621620000000 368.37837837837840000000 202.29729729729730000000 377.02702702702703000000 195.40540540540540000000 377.97297297297297000000
204.86486486486484000000 369.32432432432430000000 211.62162162162160000000 365.54054054054050000000 214.32432432432432000000 372.29729729729730000000 207.97297297297297000000 376.08108108108104000000
215.13513513513513000000 368.91891891891890000000 220.81081081081080000000 363.37837837837840000000 226.35135135135135000000 367.70270270270270000000 221.35135135135135000000 373.51351351351350000000
228.78378378378378000000 365.40540540540536000000 234.72972972972970000000 359.86486486486484000000 239.32432432432432000000 365.81081081081080000000 233.37837837837836000000 370.81081081081080000000
241.21621621621620000000 366.48648648648646000000 243.37837837837836000000 358.25270270270283000000 250.40540540540540000000 360.54054054054050000000 248.16891891891873000000 368.51351351351350000000
253.35443037974682000000 363.60759493670884000000 255.44303797468353000000 355.69620253164555000000 262.40506329113924000000 357.53164556962025000000 260.50632911392404000000 365.37974683544303000000
267.02531645569620000000 376.96202531645565000000 270.63291139240505000000 358.54430379746833000000 274.74683544303800000000 362.65822784810126000000 273.60759493670884000000 371.77215189873414000000
282.91139240506330000000 371.77215189873414000000 284.49367088607596000000 356.13924050632910000000 288.29113924050630000000 371.58227848101260000000 285.44303797468353000000 382.91139240506330000000
292.46835443037975000000 381.89873417721515000000 291.83544303797470000000 368.48101265822780000000 295.82278481012656000000 354.49367088607596000000 296.51898734177210000000 372.78481012658230000000
300.18987341772150000000 378.16455696202530000000 300.50632911392404000000 366.83544303797464000000 307.46835443037975000000 351.77215189873414000000 306.26582278481010000000 369.74683544303800000000
252.91139240506328000000 378.10126582278480000000 252.21518987341770000000 371.77215189873414000000 266.77215189873414000000 379.36708860759490000000 261.01265822784810000000 382.53164556962025000000
258.98734177215186000000 390.63291139240505000000 272.59493670886076000000 379.17721518987340000000 272.97468354430380000000 385.00000000000000000000 266.07594936708860000000 391.07594936708860000000
243.73417721518987000000 381.26582278481010000000 246.51898734177215000000 374.36708860759490000000 253.86075949367088000000 389.05063291139237000000 248.35443037974682000000 388.48101265822780000000
235.12658227848100000000 389.62025316455697000000 235.18987341772151000000 380.50632911392404000000 240.12658227848100000000 375.69620253164555000000 240.50632911392404000000 393.41772151898730000000
222.31139240506315000000 394.84303797468340000000 220.25316455696202000000 390.06329113924050000000 225.75949367088606000000 381.13924050632910000000 232.21518987341770000000 380.18987341772150000000
197.40506329113924000000 396.01265822784810000000 199.74683544303795000000 389.55696202531647000000 208.48101265822783000000 387.78481012658230000000 213.54430379746833000000 391.96202531645565000000
200.42553191489360000000 423.29787234042550000000 287.76595744680850000000 391.59574468085106000000 290.21276595744680000000 395.95744680851060000000 202.34042553191490000000 428.51063829787233000000
308.40425531914894000000 395.53191489361700000000 313.19148936170210000000 360.10638297872340000000 332.44680851063830000000 377.87234042553190000000 325.85106382978720000000 413.40425531914894000000
339.04255319148933000000 385.00000000000000000000 369.78723404255317000000 368.19148936170210000000 389.36170212765956000000 394.68085106382980000000 347.87234042553190000000 400.21276595744680000000
203.08510638297872000000 431.91489361702130000000 294.04255319148933000000 404.68085106382980000000 301.91489361702130000000 418.08510638297870000000 208.40425531914892000000 443.51063829787233000000
