# list of hand selected 2D points
SETS
125.08196721311474000000 119.83606557377048000000 209.18032786885243000000 120.16393442622950000000 208.19672131147540000000 195.40983606557376000000 124.58442622950815000000 194.59016393442622000000
228.85245901639342000000 185.24590163934425000000 254.59016393442622000000 124.75409836065573000000 310.32786885245900000000 123.77049180327867000000 337.04918032786884000000 186.22950819672130000000
353.77049180327870000000 178.52459016393442000000 384.75409836065570000000 119.99999999999999000000 408.85245901639340000000 120.65573770491802000000 448.52459016393436000000 175.90163934426230000000
448.85245901639340000000 144.42622950819670000000 463.11475409836060000000 123.27868852459015000000 500.81967213114750000000 123.77049180327867000000 527.04918032786880000000 144.75409836065572000000
471.96721311475403000000 233.11475409836063000000 505.57377049180326000000 153.60655737704917000000 520.32786885245900000000 181.31147540983605000000 504.75409836065570000000 220.16393442622950000000
404.42622950819670000000 225.57377049180326000000 401.63934426229500000000 192.13114754098360000000 468.36065573770486000000 245.57377049180326000000 438.36065573770486000000 252.13114754098360000000
355.73770491803276000000 224.91803278688522000000 372.45901639344260000000 195.90163934426226000000 398.03278688524586000000 276.39344262295080000000 368.85245901639340000000 265.73770491803276000000
309.01639344262290000000 256.06557377049177000000 313.93442622950820000000 215.90163934426226000000 342.29508196721310000000 194.91803278688522000000 330.16393442622950000000 279.83606557377044000000
237.54098360655735000000 236.39344262295080000000 267.21311475409834000000 206.22950819672130000000 302.45901639344260000000 207.04918032786884000000 240.65573770491800000000 268.03278688524586000000
124.42622950819671000000 241.14754098360655000000 141.63934426229508000000 212.62295081967210000000 184.09836065573768000000 214.75409836065572000000 206.88524590163934000000 240.81967213114750000000
111.80327868852459000000 311.63934426229510000000 155.73770491803276000000 311.80327868852460000000 155.57377049180326000000 356.88524590163934000000 111.14754098360655000000 356.06557377049177000000
169.67213114754097000000 319.50819672131144000000 212.95081967213113000000 307.86885245901635000000 222.95081967213113000000 350.81967213114750000000 180.65573770491800000000 362.78688524590160000000
230.49180327868850000000 331.63934426229500000000 266.39344262295080000000 306.22950819672127000000 291.80327868852460000000 343.44262295081967000000 255.24590163934425000000 368.36065573770486000000
308.19672131147536000000 329.67213114754094000000 348.19672131147536000000 310.00000000000000000000 367.21311475409834000000 350.65573770491800000000 327.04918032786884000000 369.67213114754094000000
376.22950819672127000000 352.62295081967210000000 398.19672131147536000000 313.44262295081967000000 437.37704918032784000000 333.60655737704917000000 416.22950819672127000000 373.44262295081960000000
447.54098360655735000000 355.08196721311475000000 464.75409836065570000000 314.59016393442620000000 505.90163934426226000000 331.80327868852460000000 488.97213114754080000000 372.90081967213110000000
110.49180327868852000000 378.85245901639340000000 136.55737704918030000000 378.68852459016390000000 136.22950819672130000000 405.73770491803276000000 110.16393442622950000000 405.24590163934425000000
144.91803278688522000000 384.09836065573770000000 169.83606557377047000000 376.88524590163934000000 176.88524590163934000000 402.29508196721310000000 151.47540983606555000000 408.85245901639340000000
180.98360655737704000000 390.98360655737700000000 201.96721311475410000000 376.22950819672127000000 218.03278688524588000000 397.21311475409834000000 195.90163934426226000000 412.62295081967210000000
226.88524590163934000000 389.83606557377044000000 250.65573770491800000000 377.70491803278685000000 262.13114754098360000000 401.96721311475410000000 238.36065573770490000000 413.44262295081960000000
267.70491803278685000000 402.78688524590160000000 280.32786885245900000000 379.99999999999994000000 302.78688524590160000000 391.63934426229500000000 291.47540983606550000000 415.73770491803276000000
310.32786885245900000000 404.75409836065570000000 320.00000000000000000000 381.31147540983600000000 344.42622950819670000000 391.14754098360650000000 334.26229508196720000000 415.08196721311470000000
351.96721311475410000000 456.88524590163930000000 373.60655737704917000000 402.45901639344260000000 384.75409836065570000000 420.65573770491800000000 374.09836065573770000000 447.86885245901635000000
415.08196721311470000000 400.16393442622945000000 425.73770491803276000000 373.93442622950820000000 425.57377049180326000000 433.60655737704910000000 413.93442622950820000000 469.67213114754094000000
439.67213114754094000000 399.99999999999994000000 446.39344262295080000000 372.29508196721310000000 453.93442622950820000000 428.36065573770486000000 447.74098360655740000000 473.38360655737756000000
465.73770491803276000000 406.39344262295080000000 465.73770491803276000000 377.86885245901635000000 486.22950819672127000000 432.13114754098360000000 488.85245901639340000000 471.31147540983600000000
108.19672131147540000000 463.11475409836060000000 119.83606557377048000000 443.60655737704910000000 149.67213114754097000000 444.59016393442620000000 164.91803278688522000000 462.45901639344260000000
189.67213114754097000000 481.31147540983600000000 187.21311475409834000000 459.67213114754094000000 207.86885245901638000000 438.85245901639340000000 232.13114754098360000000 439.67213114754094000000
237.61065573770472000000 474.09836065573770000000 240.32786885245900000000 444.42622950819670000000 259.67213114754094000000 431.47540983606550000000 251.96721311475410000000 489.18032786885243000000
269.67213114754094000000 451.31147540983600000000 281.47540983606550000000 430.65573770491800000000 299.67213114754094000000 487.70491803278685000000 279.34426229508193000000 479.99999999999994000000
303.93442622950820000000 452.45901639344260000000 302.29508196721310000000 428.52459016393436000000 348.68852459016390000000 465.73770491803276000000 327.86885245901635000000 470.49180327868850000000
318.03278688524586000000 493.77049180327870000000 371.14754098360650000000 469.18032786885243000000 366.72131147540980000000 489.18032786885243000000 339.18032786885243000000 502.78688524590160000000
111.80327868852459000000 498.85245901639340000000 127.86885245901638000000 499.34426229508193000000 127.64705882352940000000 515.37815126050420000000 112.35294117647058000000 515.12605042016810000000
133.19327731092437000000 502.60504201680670000000 147.81512605042016000000 498.40336134453780000000 152.52100840336135000000 513.36134453781510000000 136.89075630252100000000 517.56302521008400000000
155.12605042016807000000 507.05882352941177000000 167.81512605042016000000 497.81512605042013000000 177.64705882352942000000 510.33613445378150000000 164.28571428571428000000 519.66386554621850000000
183.10924369747897000000 506.30252100840335000000 197.31092436974788000000 498.90756302521010000000 204.53781512605042000000 513.02521008403360000000 190.33613445378150000000 519.91596638655460000000
208.06722689075630000000 513.86554621848730000000 215.37815126050418000000 499.74789915966386000000 229.66386554621850000000 507.47899159663865000000 222.10084033613444000000 521.17647058823520000000
233.94957983193277000000 514.87394957983190000000 240.25210084033614000000 500.58823529411760000000 254.95798319327730000000 506.30252100840335000000 248.15126050420167000000 521.09243697478980000000
111.00840336134453000000 550.42016806722690000000 117.39495798319328000000 538.82352941176460000000 135.88235294117646000000 539.57983193277310000000 145.37815126050420000000 550.75630252100840000000
159.41176470588235000000 548.40336134453780000000 170.67226890756302000000 536.21848739495800000000 186.72268907563026000000 536.21848739495800000000 160.42016806722688000000 561.42857142857140000000
189.07563025210084000000 557.39495798319330000000 191.09243697478990000000 539.74789915966380000000 202.35294117647058000000 531.51260504201680000000 198.23529411764704000000 566.80672268907560000000
209.15966386554620000000 543.61344537815130000000 215.88235294117646000000 531.59663865546210000000 226.92689075630244000000 565.46218487394960000000 214.62184873949580000000 560.75630252100840000000
230.08403361344537000000 544.28571428571420000000 229.41176470588235000000 530.50420168067230000000 256.55882352941165000000 552.68487394957940000000 243.78151260504200000000 555.04201680672270000000
258.82352941176470000000 546.55462184873940000000 272.68907563025210000000 512.94117647058820000000 279.15966386554624000000 524.87394957983190000000 272.52100840336135000000 541.51260504201680000000
294.36974789915970000000 544.70588235294120000000 303.02521008403363000000 515.88235294117650000000 303.36134453781510000000 553.61344537815130000000 295.21008403361344000000 569.66386554621850000000
313.19327731092440000000 546.05042016806730000000 325.96638655462186000000 517.89915966386550000000 321.93277310924367000000 554.28571428571420000000 312.26890756302520000000 568.40336134453780000000
333.44537815126050000000 546.72268907563020000000 352.60504201680670000000 519.49579831932770000000 341.93277310924367000000 552.52100840336130000000 328.57142857142856000000 566.63865546218480000000
382.85714285714283000000 493.44537815126050000000 405.46218487394960000000 492.18487394957980000000 437.81512605042013000000 500.67226890756300000000 399.41176470588230000000 501.00840336134450000000
383.78151260504200000000 507.31092436974790000000 404.78991596638656000000 510.84033613445376000000 436.05042016806720000000 525.71428571428570000000 398.90756302521010000000 518.82352941176460000000
384.62184873949576000000 524.95798319327730000000 406.55462184873950000000 534.11764705882350000000 431.34453781512605000000 554.36974789915960000000 396.65252100840340000000 539.39789915966410000000
459.50617283950620000000 472.34567901234570000000 485.55555555555560000000 514.56790123456790000000 487.77777777777777000000 560.12345679012340000000 458.76543209876550000000 523.33333333333340000000
111.72839506172840000000 614.19753086419760000000 110.00000000000000000000 603.82716049382710000000 299.62962962962960000000 587.16049382716050000000 300.98765432098764000000 597.65432098765440000000
111.72839506172840000000 620.98765432098760000000 307.40740740740745000000 617.40740740740740000000 318.76543209876550000000 648.64197530864200000000 117.97160493827162000000 646.22592592592570000000
340.61728395061730000000 605.55555555555550000000 362.09876543209880000000 538.51851851851860000000 397.03703703703707000000 583.45679012345680000000 372.59259259259260000000 650.24691358024700000000
409.25925925925930000000 599.62962962962970000000 485.18518518518520000000 583.33333333333340000000 521.35802469135810000000 648.76543209876550000000 424.93827160493830000000 636.41975308641970000000
