# list of hand selected 2D points
SETS
204.77611940298507000000 179.10447761194030000000 275.82089552238807000000 179.55223880597015000000 277.01492537313430000000 254.62686567164178000000 209.70149253731340000000 260.14925373134326000000
292.08955223880594000000 244.17910447761193000000 309.70149253731340000000 184.17910447761193000000 346.71641791044780000000 182.98507462686567000000 363.28358208955220000000 238.20895522388060000000
372.53731343283580000000 232.38805970149252000000 391.79104477611940000000 179.85074626865670000000 406.41791044776120000000 180.00000000000000000000 424.47761194029850000000 226.71641791044775000000
425.67164179104475000000 200.14925373134326000000 433.13432835820896000000 182.68656716417910000000 451.49253731343280000000 182.68656716417910000000 462.68656716417910000000 199.55223880597015000000
434.32835820895520000000 268.80597014925370000000 452.38805970149250000000 207.76119402985074000000 458.80597014925370000000 227.61194029850745000000 450.14925373134326000000 258.20895522388060000000
211.79104477611940000000 307.01492537313430000000 224.47761194029850000000 277.01492537313430000000 259.25373134328356000000 275.22388059701490000000 277.71268656716420000000 298.51119402985090000000
302.38805970149250000000 318.05970149253733000000 299.70149253731340000000 290.29850746268660000000 319.25373134328356000000 260.44776119402985000000 341.79104477611940000000 260.14925373134326000000
345.52238805970150000000 302.38805970149250000000 348.95522388059703000000 264.92537313432837000000 365.82089552238807000000 246.41791044776120000000 357.76119402985074000000 318.20895522388060000000
373.58208955223880000000 271.04477611940297000000 383.58208955223880000000 245.07462686567163000000 395.37313432835820000000 309.55223880597015000000 379.85074626865670000000 302.98507462686564000000
400.14925373134326000000 269.10447761194030000000 400.00000000000000000000 241.34328358208955000000 431.98880597014920000000 280.35223880597033000000 416.71641791044780000000 287.16417910447760000000
408.05970149253733000000 313.58208955223880000000 446.56716417910445000000 280.59701492537310000000 442.83582089552240000000 301.49253731343280000000 423.88059701492534000000 320.00000000000000000000
207.16417910447760000000 419.70149253731340000000 205.07462686567163000000 378.20895522388060000000 241.34328358208955000000 370.44776119402985000000 242.38805970149252000000 410.29850746268653000000
261.64179104477610000000 410.44776119402985000000 252.08955223880596000000 375.22388059701490000000 282.83582089552240000000 357.76119402985074000000 291.34328358208955000000 393.28358208955220000000
295.82089552238807000000 375.67164179104475000000 318.80597014925370000000 347.91044776119400000000 334.62686567164180000000 375.07462686567163000000 312.08955223880594000000 401.34328358208955000000
344.32835820895520000000 361.04477611940297000000 367.46268656716416000000 341.04477611940297000000 377.61194029850750000000 369.10447761194030000000 354.77611940298505000000 389.55223880597015000000
382.98507462686564000000 369.55223880597015000000 394.32835820895520000000 337.31343283582090000000 414.02985074626866000000 348.65671641791045000000 402.38805970149250000000 378.95522388059703000000
418.80597014925370000000 362.08955223880594000000 427.91044776119400000000 331.04477611940297000000 445.67164179104475000000 338.50746268656720000000 437.16417910447760000000 369.25373134328356000000
207.46268656716418000000 440.14925373134326000000 228.50746268656715000000 434.47761194029850000000 229.40298507462686000000 457.61194029850750000000 209.25373134328360000000 463.88059701492534000000
241.04253731343272000000 456.42014925373144000000 234.92537313432834000000 436.86567164179104000000 254.17611940298494000000 424.92238805970135000000 259.85074626865674000000 445.22388059701490000000
262.83582089552240000000 434.77611940298505000000 277.31343283582090000000 416.86567164179104000000 288.35820895522386000000 432.23880597014926000000 273.58208955223880000000 448.80597014925370000000
294.32835820895520000000 423.58208955223880000000 309.70149253731340000000 410.14925373134326000000 316.86567164179104000000 426.71641791044780000000 301.94029850746267000000 440.29850746268653000000
320.29850746268660000000 425.97014925373134000000 327.16417910447760000000 405.37313432835820000000 341.34328358208955000000 411.04477611940297000000 334.32835820895520000000 431.34328358208955000000
345.07462686567163000000 419.55223880597015000000 351.04477611940297000000 399.40298507462690000000 365.22388059701490000000 402.83582089552240000000 359.85074626865674000000 422.68656716417910000000
368.05970149253733000000 449.40298507462680000000 380.00000000000000000000 406.26865671641790000000 385.97014925373134000000 418.20895522388060000000 380.29850746268653000000 439.85074626865670000000
400.29850746268653000000 446.26865671641790000000 401.64179104477610000000 397.61194029850750000000 407.76119402985074000000 378.50746268656720000000 406.41791044776120000000 420.89552238805970000000
415.02686567164190000000 440.45000000000010000000 413.33432835820900000000 393.57910447761180000000 417.16417910447760000000 378.65671641791045000000 419.40298507462680000000 415.97014925373134000000
424.92537313432837000000 397.01492537313430000000 426.26865671641790000000 375.97014925373134000000 433.58208955223880000000 406.71641791044780000000 433.13432835820896000000 432.08955223880594000000
210.59701492537312000000 513.43283582089550000000 217.76119402985074000000 493.58208955223880000000 240.14925373134326000000 486.71641791044780000000 253.28358208955223000000 497.61194029850750000000
271.49253731343280000000 504.92537313432837000000 268.65671641791045000000 488.95522388059700000000 282.38805970149250000000 467.46268656716416000000 298.50746268656720000000 463.13432835820896000000
302.23880597014926000000 488.05970149253733000000 303.73134328358210000000 464.17910447761193000000 315.97014925373134000000 449.10447761194030000000 311.04626865671645000000 496.02164179104483000000
327.76119402985074000000 482.23880597014926000000 321.34328358208955000000 462.98507462686564000000 327.91044776119400000000 444.62686567164180000000 339.10447761194030000000 482.23880597014926000000
216.11940298507463000000 555.37313432835820000000 216.11940298507463000000 542.08955223880590000000 227.76119402985074000000 537.31343283582090000000 228.35820895522390000000 550.14925373134330000000
234.77611940298507000000 548.80597014925380000000 231.19402985074626000000 538.05970149253730000000 242.23880597014926000000 529.55223880597010000000 245.82089552238804000000 541.19402985074620000000
255.07462686567163000000 541.49253731343290000000 247.31343283582090000000 534.62686567164180000000 255.67164179104478000000 524.17910447761190000000 263.28358208955220000000 531.04477611940300000000
272.38805970149250000000 535.22388059701500000000 267.01492537313430000000 526.71641791044770000000 277.16417910447760000000 517.16417910447760000000 282.53731343283580000000 525.82089552238800000000
284.92537313432837000000 525.67164179104470000000 289.55223880597015000000 513.13432835820890000000 298.20895522388060000000 514.47761194029850000000 294.02985074626866000000 527.16417910447760000000
301.19402985074623000000 519.55223880597010000000 303.87761194029840000000 506.86567164179104000000 313.13283582089540000000 507.01492537313430000000 309.60074626865670000000 519.45149253731370000000
316.11940298507460000000 534.47761194029850000000 323.13432835820896000000 507.01492537313430000000 327.46268656716416000000 514.77611940298500000000 324.02985074626866000000 528.50746268656710000000
336.71641791044780000000 540.44776119402980000000 335.82089552238807000000 523.28358208955220000000 340.29850746268653000000 502.53731343283580000000 341.34328358208955000000 527.91044776119410000000
345.97014925373134000000 536.26865671641790000000 345.67164179104475000000 521.49253731343290000000 353.43283582089550000000 497.91044776119400000000 352.08955223880594000000 523.28358208955220000000
217.01492537313433000000 582.53731343283580000000 221.19402985074626000000 571.04477611940300000000 235.07462686567163000000 566.41791044776120000000 241.94029850746267000000 571.04477611940300000000
253.58208955223880000000 575.37313432835820000000 251.64179104477610000000 565.97014925373130000000 259.40298507462690000000 552.08955223880590000000 270.20298507462707000000 548.25746268656740000000
272.98507462686564000000 563.28358208955220000000 273.58208955223880000000 548.80597014925380000000 281.34328358208955000000 539.55223880597010000000 278.80597014925370000000 566.71641791044770000000
289.25373134328356000000 557.46268656716420000000 285.52238805970150000000 547.46268656716420000000 289.40298507462690000000 535.82089552238800000000 297.61194029850750000000 557.16417910447760000000
298.05970149253733000000 541.19402985074620000000 298.35820895522386000000 531.04477611940300000000 314.77611940298505000000 539.40298507462680000000 307.61194029850750000000 545.67164179104470000000
303.58208955223880000000 556.86567164179100000000 322.08955223880594000000 537.46268656716420000000 321.79104477611940000000 546.71641791044770000000 312.38805970149250000000 556.71641791044770000000
340.89552238805970000000 439.70149253731340000000 366.71641791044780000000 456.86567164179104000000 354.92537313432837000000 464.62686567164180000000 341.34328358208955000000 455.97014925373134000000
349.10447761194030000000 482.93805970149265000000 378.05970149253733000000 455.07462686567163000000 375.82089552238807000000 470.59701492537310000000 361.64179104477610000000 484.32686567164170000000
384.02985074626866000000 469.10447761194030000000 394.32835820895520000000 464.02985074626866000000 408.95522388059703000000 463.58208955223880000000 393.43283582089550000000 471.04477611940297000000
420.00000000000000000000 440.59701492537310000000 430.29850746268653000000 461.49253731343280000000 429.50074626865660000000 489.85223880597020000000 418.35820895522386000000 473.43283582089550000000
354.77611940298505000000 530.59701492537320000000 357.46268656716416000000 515.07462686567160000000 367.16417910447760000000 495.22388059701490000000 362.98507462686564000000 518.05970149253730000000
384.32835820895520000000 478.50746268656710000000 395.67164179104475000000 476.26865671641790000000 408.35820895522386000000 479.40298507462680000000 391.94029850746267000000 482.53731343283580000000
384.92537313432837000000 490.59701492537310000000 394.02985074626866000000 490.00000000000000000000 405.37313432835820000000 497.76119402985074000000 390.44776119402985000000 497.46268656716416000000
360.59701492537310000000 552.68656716417910000000 372.23880597014926000000 504.02985074626866000000 389.55223880597015000000 524.17910447761190000000 375.97014925373134000000 573.34253731343120000000
395.07462686567163000000 532.23880597014920000000 427.61194029850750000000 505.22388059701490000000 441.04477611940297000000 535.22388059701500000000 400.89552238805970000000 550.59701492537320000000
218.20895522388060000000 623.28358208955220000000 338.20895522388060000000 551.19402985074620000000 340.29850746268653000000 557.46268656716420000000 219.70149253731340000000 629.85074626865670000000
221.04477611940297000000 635.67164179104470000000 342.98507462686564000000 568.35820895522390000000 349.10447761194030000000 585.67164179104470000000 227.61194029850745000000 651.79104477611940000000
