# list of hand selected 2D points
SETS
205.40816326530611000000 232.14285714285714000000 256.93877551020404000000 231.12244897959180000000 258.77551020408160000000 278.46938775510205000000 207.85714285714283000000 279.18367346938770000000
271.42857142857140000000 271.63265306122446000000 286.12244897959180000000 233.06122448979590000000 320.40816326530610000000 231.93877551020407000000 337.95918367346934000000 270.51020408163265000000
348.46938775510200000000 265.81632653061223000000 367.04081632653060000000 227.85714285714283000000 382.04081632653060000000 227.55102040816325000000 406.73469387755097000000 262.55102040816325000000
407.55102040816325000000 242.75510204081630000000 415.30612244897960000000 228.67346938775510000000 439.59183673469386000000 227.75510204081630000000 455.30612244897960000000 241.83673469387753000000
442.34693877551020000000 247.85714285714283000000 451.22448979591830000000 264.48979591836735000000 441.83673469387753000000 288.77551020408160000000 421.63265306122446000000 297.24489795918370000000
418.46938775510200000000 306.02040816326530000000 378.36734693877550000000 273.77551020408160000000 379.79591836734690000000 294.69387755102036000000 400.40816326530610000000 310.51020408163265000000
350.00000000000000000000 294.38775510204080000000 359.59183673469386000000 275.81632653061223000000 375.81632653061223000000 325.91836734693874000000 358.87755102040813000000 319.79591836734690000000
335.30612244897960000000 328.06122448979590000000 321.93877551020404000000 314.79591836734690000000 324.59183673469386000000 288.77551020408160000000 341.53061224489795000000 276.83673469387753000000
317.34693877551020000000 284.89795918367344000000 295.81632653061223000000 284.38775510204080000000 278.67346938775506000000 302.85714285714283000000 281.12244897959180000000 322.65306122448976000000
260.00000000000000000000 307.04081632653060000000 244.69387755102040000000 290.91836734693874000000 219.08163265306120000000 290.71428571428567000000 209.79591836734693000000 308.06122448979590000000
204.69387755102040000000 350.81632653061223000000 231.02040816326530000000 350.91836734693874000000 232.34693877551018000000 377.14285714285710000000 205.91836734693877000000 377.75510204081630000000
239.69387755102040000000 355.20408163265300000000 264.89795918367344000000 347.55102040816325000000 272.34693877551020000000 373.46938775510200000000 246.93877551020407000000 380.30612244897960000000
276.02040816326530000000 361.63265306122446000000 297.34693877551020000000 345.71428571428567000000 313.57142857142856000000 367.14285714285710000000 292.14285714285710000000 383.06122448979590000000
334.35185185185185000000 382.68518518518516000000 322.12962962962960000000 359.44444444444440000000 347.03703703703700000000 346.66666666666663000000 357.96296296296293000000 370.46296296296293000000
363.79629629629625000000 371.57407407407410000000 376.57407407407410000000 347.68518518518516000000 400.27777777777777000000 360.55555555555554000000 387.96296296296293000000 383.42592592592590000000
391.85185185185185000000 330.83333333333330000000 438.79629629629625000000 307.87037037037030000000 433.88888888888886000000 326.85185185185185000000 411.48148148148147000000 338.24074074074070000000
417.31481481481480000000 348.05555555555554000000 441.38888888888886000000 358.05555555555554000000 430.64814814814810000000 382.40740740740740000000 406.75925925925924000000 372.40740740740740000000
417.59259259259255000000 385.92592592592590000000 429.16666666666663000000 415.74074074074070000000 430.37037037037030000000 438.70370370370370000000 417.40740740740740000000 403.24074074074070000000
406.11111111111110000000 383.24074074074070000000 410.18518518518516000000 416.01851851851850000000 406.57407407407400000000 439.81481481481480000000 401.75925925925924000000 399.81481481481480000000
393.88888888888886000000 384.25925925925924000000 393.88888888888886000000 418.14814814814810000000 387.59259259259255000000 438.33333333333330000000 386.94444444444440000000 399.35185185185185000000
363.61111111111110000000 401.01851851851850000000 369.90740740740740000000 411.57407407407400000000 364.07407407407410000000 426.94444444444440000000 350.64814814814815000000 432.03703703703700000000
321.01851851851850000000 417.40740740740740000000 348.79629629629625000000 437.40740740740740000000 335.92592592592590000000 440.64814814814810000000 321.75925925925924000000 430.09259259259255000000
325.00000000000000000000 403.05555555555554000000 330.92592592592590000000 388.70370370370370000000 345.83333333333330000000 395.27777777777777000000 339.81481481481480000000 408.70370370370370000000
307.68518518518516000000 389.07407407407410000000 321.38888888888886000000 396.38888888888886000000 313.79629629629625000000 409.35185185185185000000 300.37037037037030000000 402.50000000000000000000
289.81481481481480000000 388.70370370370370000000 296.48148148148147000000 401.75925925925924000000 283.14814814814815000000 409.35185185185185000000 275.55555555555554000000 395.83333333333330000000
270.83333333333330000000 400.37037037037030000000 261.01851851851850000000 387.68518518518516000000 248.24074074074073000000 397.31481481481480000000 258.24074074074070000000 409.53703703703700000000
241.66666666666666000000 388.70370370370370000000 246.38888888888889000000 403.88888888888886000000 231.48148148148147000000 407.87037037037030000000 226.85185185185185000000 393.14814814814810000000
221.75925925925924000000 390.74074074074070000000 222.68518518518516000000 405.83333333333330000000 206.75925925925924000000 406.29629629629625000000 206.20370370370370000000 390.55555555555554000000
207.86259541984730000000 438.62595419847320000000 213.74045801526717000000 428.09160305343505000000 231.67938931297707000000 428.09160305343505000000 241.45038167938930000000 438.70229007633580000000
256.41221374045800000000 448.32061068702285000000 254.58015267175568000000 435.80152671755720000000 266.25954198473280000000 423.81679389312970000000 280.15267175572520000000 423.96946564885490000000
283.74045801526717000000 444.27480916030527000000 284.65648854961830000000 427.09923664122135000000 296.18320610687020000000 418.62595419847320000000 292.90076335877860000000 451.98473282442745000000
308.47328244274810000000 447.02290076335873000000 302.51908396946560000000 430.38167938931290000000 308.62595419847327000000 418.62595419847320000000 320.15267175572520000000 450.83969465648850000000
330.99236641221370000000 454.04580152671750000000 361.98473282442745000000 439.08396946564880000000 359.77099236641220000000 451.06870229007626000000 343.58778625954193000000 459.00763358778620000000
226.94444444444443000000 469.16666666666663000000 224.07407407407405000000 461.38888888888886000000 232.96296296296293000000 458.61111111111110000000 235.64814814814812000000 466.75925925925924000000
237.40740740740740000000 463.24074074074070000000 244.16666666666666000000 458.61111111111110000000 249.99999999999997000000 464.81481481481480000000 243.24074074074073000000 470.18518518518516000000
253.42592592592590000000 462.77777777777777000000 261.75925925925924000000 458.51851851851850000000 265.18518518518516000000 465.92592592592587000000 257.59259259259255000000 470.46296296296293000000
268.51851851851850000000 466.29629629629625000000 271.94444444444440000000 458.79629629629625000000 280.18518518518516000000 463.05555555555554000000 276.20370370370370000000 470.55555555555554000000
282.77777777777777000000 466.66666666666663000000 286.66666666666663000000 458.05555555555554000000 295.00000000000000000000 462.49999999999994000000 291.20370370370370000000 470.09259259259255000000
298.24074074074070000000 483.51851851851850000000 305.27777777777777000000 465.37037037037030000000 309.25925925925924000000 471.75925925925924000000 305.74074074074070000000 481.01851851851850000000
280.18518518518516000000 475.18518518518516000000 296.94444444444440000000 487.03703703703700000000 290.83333333333330000000 489.44444444444440000000 281.11111111111110000000 483.33333333333330000000
286.66666666666663000000 496.57407407407400000000 304.62962962962960000000 488.14814814814810000000 303.98148148148147000000 494.07407407407400000000 295.09259259259255000000 499.44444444444440000000
280.09259259259255000000 494.62962962962960000000 272.59259259259255000000 491.94444444444440000000 269.35185185185185000000 483.05555555555554000000 272.87037037037030000000 476.20370370370370000000
263.88888888888886000000 495.74074074074070000000 258.51851851851850000000 491.48148148148147000000 258.98148148148147000000 480.83333333333330000000 265.37037037037040000000 476.29629629629625000000
241.38888888888889000000 494.44444444444440000000 241.01851851851850000000 485.46296296296293000000 247.12962962962962000000 478.98148148148147000000 255.92592592592590000000 479.07407407407400000000
232.12962962962962000000 486.75925925925924000000 227.22222222222220000000 481.48148148148147000000 216.29629629629628000000 481.48148148148147000000 213.05555555555554000000 487.03703703703700000000
214.65648854961830000000 516.64122137404570000000 215.34351145038167000000 521.67938931297700000000 322.82442748091600000000 511.14503816793890000000 321.83206106870230000000 505.49618320610680000000
326.72268907563020000000 521.17647058823520000000 333.52941176470586000000 537.98319327731090000000 220.92436974789916000000 539.66386554621850000000 216.05042016806723000000 525.79831932773110000000
345.21008403361344000000 515.04201680672270000000 356.97478991596637000000 477.81512605042013000000 377.47899159663865000000 502.26890756302520000000 363.36134453781510000000 538.40336134453780000000
384.78991596638656000000 511.17647058823530000000 428.23529411764710000000 501.42857142857140000000 447.98319327731093000000 535.88235294117650000000 393.69747899159665000000 531.09243697478980000000
413.36134453781510000000 440.42016806722690000000 428.82352941176470000000 463.86554621848740000000 429.41176470588230000000 488.48739495798316000000 413.27731092436970000000 469.32773109243700000000
369.15966386554624000000 452.77310924369750000000 384.28571428571430000000 452.35294117647055000000 400.42016806722690000000 456.47058823529410000000 377.64705882352940000000 457.05882352941177000000
369.32773109243700000000 461.09243697478990000000 382.35294117647055000000 462.18487394957980000000 399.32773109243700000000 470.25210084033614000000 378.15126050420170000000 467.14285714285710000000
370.08403361344534000000 470.58823529411760000000 383.61344537815125000000 475.63025210084030000000 396.97478991596637000000 486.05042016806720000000 378.06722689075630000000 479.15966386554620000000
338.06722689075630000000 493.69747899159660000000 341.09243697478990000000 481.68067226890753000000 351.68067226890753000000 467.47899159663865000000 345.87605042016820000000 485.71428571428570000000
328.99159663865544000000 495.04201680672270000000 328.82352941176470000000 482.68907563025210000000 336.38655462184875000000 466.89075630252097000000 334.53781512605040000000 487.22689075630250000000
319.18367346938770000000 496.22448979591830000000 317.44897959183670000000 483.67346938775506000000 322.85714285714283000000 465.61224489795916000000 323.46938775510200000000 488.16326530612240000000
212.03703703703700000000 459.44444444444440000000 221.11111111111110000000 459.81481481481480000000 221.38888888888889000000 468.05555555555554000000 212.40740740740740000000 468.14814814814810000000
