# list of hand selected 2D points
SETS
110.81081081081080000000 89.59459459459460000000 172.43243243243242000000 90.81081081081080000000 171.89189189189187000000 147.43243243243242000000 109.59459459459458000000 145.67567567567568000000
187.16216216216216000000 141.21621621621620000000 207.43243243243242000000 95.54054054054053000000 247.97297297297297000000 95.54054054054053000000 267.16216216216213000000 142.29729729729730000000
279.72972972972974000000 138.10810810810810000000 302.97297297297297000000 94.18918918918918000000 321.21621621621620000000 94.18918918918918000000 350.27027027027026000000 136.75675675675674000000
350.67567567567570000000 114.05405405405405000000 360.81081081081080000000 97.29729729729729000000 390.13513513513510000000 98.10810810810810000000 408.37837837837840000000 115.00000000000000000000
366.21621621621620000000 180.00000000000000000000 392.56756756756755000000 121.21621621621621000000 402.83783783783780000000 141.48648648648648000000 390.81081081081080000000 170.67567567567568000000
316.35135135135135000000 173.51351351351352000000 314.86486486486484000000 148.24324324324323000000 363.64864864864865000000 189.05405405405403000000 341.21621621621620000000 193.78378378378378000000
289.72972972972974000000 202.43243243243242000000 280.54054054054050000000 172.29729729729730000000 293.64864864864865000000 149.72972972972970000000 310.27027027027026000000 210.54054054054052000000
260.94594594594594000000 212.02702702702700000000 245.40540540540540000000 195.00000000000000000000 249.86486486486484000000 163.51351351351352000000 271.21621621621620000000 149.72972972972970000000
195.27027027027026000000 202.16216216216216000000 193.78378378378378000000 178.37837837837836000000 215.00000000000000000000 157.16216216216216000000 241.89189189189187000000 158.37837837837836000000
110.13513513513513000000 180.59594594594586000000 121.74729729729732000000 159.99054054054040000000 153.97432432432424000000 161.97162162162170000000 170.74594594594590000000 182.09189189189192000000
100.13513513513513000000 232.56756756756755000000 132.16216216216216000000 232.97297297297297000000 132.16216216216216000000 266.08108108108110000000 100.00000000000000000000 265.40540540540540000000
142.70270270270270000000 239.18918918918916000000 173.91891891891890000000 231.62162162162160000000 181.62162162162160000000 263.91891891891890000000 150.13513513513513000000 271.21621621621620000000
186.89189189189187000000 249.72972972972970000000 213.64864864864865000000 230.94594594594594000000 232.02702702702700000000 258.37837837837840000000 204.59459459459458000000 276.35135135135135000000
243.78378378378378000000 247.83783783783784000000 273.92837837837850000000 234.90945945945955000000 287.02702702702703000000 264.45945945945940000000 257.02702702702703000000 277.83783783783780000000
293.51351351351350000000 266.08108108108110000000 309.86486486486484000000 237.56756756756755000000 338.24324324324320000000 253.78378378378378000000 322.16216216216213000000 282.02702702702703000000
345.94594594594594000000 269.45945945945940000000 359.45945945945940000000 239.59459459459458000000 389.18918918918916000000 253.24324324324323000000 375.67567567567570000000 282.56756756756755000000
328.91891891891890000000 218.24324324324323000000 387.16216216216213000000 192.02702702702703000000 380.81081081081080000000 214.59459459459458000000 352.16216216216213000000 227.97297297297297000000
98.78378378378378000000 282.43243243243240000000 117.83783783783784000000 282.70270270270270000000 117.70270270270270000000 302.16216216216213000000 98.91891891891892000000 301.48648648648646000000
123.78378378378378000000 286.35135135135135000000 142.56756756756755000000 281.48648648648646000000 147.02702702702703000000 300.67567567567570000000 127.70270270270270000000 304.18918918918916000000
150.40540540540540000000 292.16216216216213000000 166.15675675675660000000 281.49189189189180000000 176.75675675675674000000 296.89189189189190000000 161.12162162162150000000 308.45810810810815000000
184.32432432432432000000 291.62162162162160000000 201.35135135135135000000 283.91891891891890000000 209.59459459459458000000 301.21621621621620000000 191.62162162162160000000 309.32432432432430000000
214.18918918918920000000 302.16216216216213000000 223.24324324324323000000 285.27027027027026000000 240.13513513513513000000 294.86486486486484000000 230.54054054054052000000 311.21621621621620000000
245.13513513513513000000 304.45945945945940000000 252.97297297297297000000 286.89189189189190000000 270.40540540540540000000 294.18918918918916000000 262.70270270270270000000 311.62162162162160000000
274.32432432432430000000 342.16216216216213000000 291.89189189189190000000 303.51351351351350000000 299.32432432432430000000 316.89189189189190000000 291.08108108108110000000 336.89189189189190000000
320.00000000000000000000 352.16216216216213000000 321.21621621621620000000 302.02702702702703000000 329.72972972972974000000 283.64864864864865000000 329.32432432432430000000 325.27027027027026000000
344.45945945945940000000 355.40540540540536000000 339.59459459459460000000 303.64864864864865000000 344.86486486486484000000 283.78378378378375000000 349.59459459459460000000 324.72972972972974000000
357.97297297297297000000 307.02702702702703000000 359.32432432432430000000 285.54054054054050000000 373.24324324324320000000 326.75675675675670000000 373.91891891891890000000 354.32432432432430000000
96.08108108108108000000 343.39324324324326000000 105.40540540540540000000 329.59459459459460000000 127.02702702702702000000 330.81081081081080000000 137.70270270270270000000 343.78378378378375000000
155.94594594594594000000 357.70270270270270000000 155.13513513513513000000 341.75675675675670000000 170.00000000000000000000 327.29729729729730000000 187.70270270270268000000 328.10810810810807000000
190.94594594594594000000 354.32432432432430000000 192.88243243243252000000 332.46216216216220000000 207.43243243243242000000 321.89189189189190000000 200.97567567567575000000 364.51891891891904000000
214.72972972972970000000 337.56756756756755000000 223.51351351351352000000 322.29729729729730000000 236.21621621621620000000 364.05405405405406000000 220.81081081081080000000 357.83783783783780000000
240.27027027027026000000 339.72972972972974000000 238.78378378378378000000 320.94594594594594000000 271.75675675675680000000 349.45945945945940000000 256.08108108108110000000 352.02702702702703000000
249.32432432432432000000 369.18918918918916000000 288.78378378378375000000 351.75675675675670000000 285.27027027027026000000 366.08108108108104000000 264.59459459459460000000 376.08108108108104000000
352.30270270270260000000 353.78378378378375000000 371.21621621621620000000 386.21621621621620000000 371.75675675675670000000 419.59459459459460000000 351.75675675675670000000 393.64864864864865000000
99.45945945945945000000 370.40540540540536000000 110.81081081081080000000 370.13513513513510000000 110.94594594594594000000 382.16216216216213000000 99.05405405405405000000 381.89189189189190000000
114.59459459459458000000 372.43243243243240000000 125.40540540540540000000 369.45945945945940000000 128.82432432432420000000 380.87027027027040000000 117.43243243243242000000 383.64864864864865000000
131.21621621621620000000 376.21621621621620000000 140.00000000000000000000 370.27027027027026000000 147.02702702702703000000 378.78378378378375000000 138.02837837837828000000 385.60540540540540000000
150.81081081081080000000 376.08108108108104000000 162.02702702702703000000 371.08108108108104000000 166.48648648648648000000 381.35135135135135000000 155.94594594594594000000 385.67567567567570000000
169.32432432432432000000 381.62162162162160000000 175.27027027027026000000 372.02702702702703000000 184.86486486486484000000 377.70270270270270000000 179.59459459459458000000 387.43243243243240000000
187.70270270270268000000 383.51351351351350000000 192.56756756756755000000 373.10810810810807000000 202.97297297297297000000 377.29729729729730000000 198.51351351351352000000 387.97297297297297000000
98.24324324324324000000 407.02702702702703000000 102.97297297297297000000 399.18918918918916000000 115.27027027027026000000 398.91891891891890000000 122.83783783783784000000 407.29729729729730000000
134.45945945945945000000 415.94594594594594000000 133.51351351351352000000 406.08108108108104000000 142.43243243243242000000 397.97297297297297000000 152.70270270270270000000 397.97297297297297000000
156.08108108108107000000 414.18918918918916000000 156.75675675675674000000 400.54054054054050000000 165.54054054054052000000 394.45945945945940000000 161.62162162162160000000 420.54054054054050000000
169.45945945945945000000 403.51351351351350000000 174.59459459459458000000 395.40540540540536000000 182.56756756756755000000 420.00000000000000000000 174.18918918918920000000 416.75675675675670000000
185.00000000000000000000 405.40540540540536000000 184.72972972972970000000 394.05405405405406000000 204.05405405405403000000 410.27027027027026000000 195.54054054054052000000 412.83783783783780000000
206.35135135135135000000 406.35135135135135000000 216.21621621621620000000 382.29729729729730000000 220.39594594594580000000 391.08108108108104000000 215.81081081081080000000 403.37837837837840000000
190.67567567567568000000 422.56756756756755000000 213.78378378378378000000 412.29729729729730000000 212.43243243243242000000 420.94594594594594000000 200.54054054054052000000 426.62162162162160000000
232.02702702702700000000 423.51351351351350000000 231.75675675675674000000 404.32432432432430000000 237.70270270270268000000 385.13513513513510000000 238.24324324324323000000 412.02702702702703000000
244.18918918918916000000 423.37837837837840000000 244.72972972972970000000 408.24324324324320000000 254.45945945945945000000 385.67567567567570000000 252.16216216216216000000 411.89189189189190000000
256.21621621621620000000 422.16216216216213000000 260.54054054054050000000 406.21621621621620000000 275.00000000000000000000 386.75675675675670000000 266.21621621621620000000 412.02702702702703000000
297.29729729729730000000 392.29729729729730000000 312.83783783783780000000 398.64864864864865000000 331.48648648648646000000 414.18918918918916000000 305.94594594594594000000 403.24324324324320000000
297.02702702702703000000 379.72972972972970000000 311.89189189189190000000 382.16216216216213000000 334.72972972972974000000 393.24324324324320000000 309.32432432432430000000 389.05405405405406000000
295.67567567567570000000 369.05405405405406000000 315.13513513513510000000 369.18918918918916000000 336.89189189189190000000 375.40540540540536000000 309.45945945945940000000 375.94594594594594000000
280.13513513513510000000 401.35135135135135000000 305.54054054054050000000 434.18918918918916000000 286.89189189189190000000 482.43243243243240000000 264.45945945945940000000 449.18918918918916000000
314.05405405405406000000 446.21621621621620000000 369.18918918918916000000 435.40540540540536000000 394.72972972972970000000 482.97297297297297000000 325.27027027027026000000 472.97297297297297000000
97.70270270270270000000 445.13513513513510000000 235.00000000000000000000 436.08108108108104000000 236.21621621621620000000 443.37837837837833000000 97.83783783783784000000 452.43243243243240000000
99.31891891891890000000 458.11351351351340000000 240.27027027027026000000 457.56756756756755000000 248.10810810810810000000 480.13513513513510000000 103.10810810810810000000 476.21621621621620000000
