# list of hand selected 2D points
SETS
164.95000000000000000000 578.05000000000000000000 165.00000000000000000000 143.05000000000000000000 655.06493506493510000000 142.85714285714286000000 655.19480519480520000000 578.18181818181810000000
776.40625000000000000000 519.68750000000000000000 927.96875000000000000000 168.12500000000000000000 1247.81250000000000000000 159.84375000000000000000 1408.12500000000000000000 520.15625000000000000000
1504.96428571428620000000 481.17857142857133000000 1683.22580645161300000000 135.48387096774192000000 1822.90322580645150000000 137.41935483870967000000 2057.80000000000000000000 461.40000000000000000000
2058.29268292682900000000 281.70731707317070000000 2135.85365853658500000000 151.46341463414632000000 2355.12195121951200000000 149.99999999999997000000 2511.95121951219470000000 278.53658536585360000000
2386.35135135135120000000 327.16216216216213000000 2472.09876543209900000000 487.40740740740745000000 2381.11111111111130000000 717.90123456790130000000 2191.72839506172840000000 791.60493827160500000000
1783.47826086956500000000 552.17391304347830000000 2176.22950819672130000000 866.88524590163920000000 1998.36065573770470000000 904.91803278688520000000 1801.96721311475400000000 753.60655737704920000000
1613.63636363636370000000 568.36363636363640000000 1766.17283950617300000000 1048.51851851851850000000 1597.03703703703720000000 981.72839506172840000000 1517.28395061728400000000 746.41975308641970000000
1439.99999999999980000000 568.26086956521740000000 1368.90909090909100000000 1065.27272727272730000000 1245.81818181818180000000 932.36363636363640000000 1275.81818181818180000000 685.81818181818190000000
1209.67213114754080000000 646.39344262295070000000 848.03278688524590000000 997.70491803278680000000 831.96721311475400000000 815.90163934426220000000 1006.27377049180260000000 639.96393442622970000000
649.83606557377040000000 845.73770491803270000000 512.47191011235950000000 692.02247191011240000000 265.23560209424085000000 681.15183246073300000000 166.43979057591622000000 845.96858638743450000000
1908.36363636363630000000 1097.81818181818180000000 2363.09090909090900000000 882.00000000000000000000 2320.18181818181800000000 1058.36363636363630000000 2098.18181818181800000000 1169.09090909090900000000
92.00000000000000000000 1514.00000000000000000000 91.81818181818181000000 1253.81818181818180000000 352.00000000000000000000 1253.81818181818180000000 352.18181818181820000000 1514.00000000000000000000
496.72727272727275000000 1548.00000000000000000000 433.27272727272725000000 1295.63636363636370000000 685.45454545454550000000 1232.18181818181820000000 749.09090909090910000000 1484.36363636363630000000
936.36363636363640000000 1582.00000000000000000000 788.00000000000000000000 1368.00000000000000000000 1002.00000000000000000000 1220.36363636363630000000 1150.18181818181820000000 1433.63636363636370000000
1241.00000000000000000000 1349.80000000000000000000 1476.80000000000000000000 1240.40000000000000000000 1587.00000000000000000000 1475.80000000000000000000 1351.20000000000000000000 1586.00000000000000000000
1643.20000000000000000000 1485.60000000000000000000 1764.20000000000000000000 1255.20000000000000000000 1994.60000000000000000000 1376.40000000000000000000 1873.80000000000000000000 1606.80000000000000000000
2055.80000000000000000000 1501.80000000000000000000 2156.00000000000000000000 1262.00000000000000000000 2396.00000000000000000000 1361.80000000000000000000 2296.00000000000000000000 1601.80000000000000000000
83.95061728395062000000 1799.87654320987670000000 83.95061728395062000000 1644.69135802469150000000 239.38271604938274000000 1644.69135802469150000000 239.25925925925927000000 1800.12345679012360000000
326.17283950617286000000 1820.49382716049400000000 288.02469135802470000000 1669.62962962962980000000 438.76543209876550000000 1631.48148148148150000000 476.66666666666670000000 1781.97530864197530000000
500.00000000000000000000 1712.71604938271620000000 627.28395061728400000000 1624.19753086419770000000 716.17283950617290000000 1751.97530864197530000000 588.27160493827160000000 1840.86419753086420000000
770.86419753086420000000 1702.34567901234570000000 911.35802469135810000000 1636.41975308641990000000 977.28395061728400000000 1777.03703703703720000000 836.54320987654330000000 1843.08641975308660000000
1011.11111111111120000000 1782.71604938271620000000 1083.45679012345680000000 1645.55555555555570000000 1220.98765432098780000000 1718.27160493827160000000 1148.39506172839510000000 1855.67901234567900000000
1257.28395061728400000000 1792.83950617283950000000 1317.53086419753100000000 1649.25925925925940000000 1460.86419753086420000000 1709.62962962962980000000 1400.74074074074090000000 1852.59259259259260000000
71.80327868852459000000 2134.75409836065550000000 141.48148148148150000000 2018.51851851851870000000 315.55555555555554000000 2026.29629629629630000000 412.22222222222223000000 2134.93827160493860000000
540.86419753086420000000 2113.20987654321000000000 662.83950617283950000000 1989.62962962962980000000 806.41975308641970000000 1993.70370370370370000000 552.09876543209880000000 2241.60493827160500000000
853.58208955223880000000 2021.94029850746260000000 968.95522388059700000000 1938.35820895522370000000 918.95522388059700000000 2289.10447761194000000000 832.23880597014920000000 2195.67164179104470000000
1023.28358208955220000000 2064.47761194029860000000 1091.49253731343290000000 1939.25373134328360000000 1198.35820895522370000000 2277.16417910447760000000 1078.80597014925370000000 2230.00000000000000000000
1298.80597014925370000000 2312.08955223880600000000 1618.80597014925370000000 2160.00000000000000000000 1588.95522388059700000000 2284.17910447761200000000 1432.38805970149250000000 2362.53731343283560000000
1362.68656716417900000000 2176.41791044776100000000 1224.02985074626870000000 2069.70149253731320000000 1210.74626865671640000000 1927.61194029850730000000 1487.31343283582080000000 2148.65671641791050000000
1498.50746268656710000000 2096.41791044776100000000 1635.67164179104470000000 1769.25373134328360000000 1695.52238805970140000000 1882.53731343283580000000 1631.79104477611940000000 2044.17910447761190000000
1864.47761194029840000000 2189.85074626865660000000 1871.94029850746260000000 1763.13432835820900000000 1935.67164179104470000000 1597.31343283582080000000 1932.08955223880600000000 1952.98507462686550000000
2063.43283582089540000000 2190.14925373134340000000 2012.83582089552240000000 1766.71641791044770000000 2053.13432835820870000000 1593.88059701492530000000 2098.20895522388040000000 1945.37313432835820000000
2303.88059701492500000000 2194.32835820895530000000 2161.94029850746260000000 1794.32835820895530000000 2163.43283582089540000000 1614.02985074626870000000 2284.17910447761200000000 1947.16417910447760000000
99.09090909090910000000 2442.36363636363650000000 98.90909090909090000000 2347.45454545454550000000 193.27272727272728000000 2347.27272727272750000000 193.45454545454547000000 2442.36363636363650000000
222.90909090909090000000 2362.54545454545450000000 314.72727272727275000000 2339.63636363636350000000 337.63636363636360000000 2431.45454545454550000000 246.00000000000000000000 2454.90909090909100000000
352.18181818181820000000 2388.90909090909100000000 429.81818181818180000000 2335.09090909090900000000 483.45454545454544000000 2412.54545454545450000000 405.81818181818180000000 2466.54545454545450000000
516.90909090909090000000 2382.36363636363650000000 602.54545454545450000000 2342.18181818181800000000 642.54545454545450000000 2428.18181818181800000000 556.90909090909090000000 2468.54545454545450000000
663.09090909090910000000 2431.45454545454550000000 707.81818181818190000000 2348.54545454545450000000 790.72727272727270000000 2392.18181818181800000000 746.54545454545450000000 2476.36363636363650000000
813.27272727272730000000 2438.00000000000000000000 850.18181818181810000000 2350.18181818181800000000 937.27272727272730000000 2387.27272727272750000000 900.72727272727270000000 2474.36363636363650000000
1043.45454545454550000000 2423.63636363636350000000 1080.72727272727270000000 2492.54545454545450000000 1041.45454545454550000000 2591.27272727272750000000 960.00000000000000000000 2621.81818181818200000000
90.98360655737704000000 2646.06557377049150000000 133.44262295081967000000 2575.40983606557350000000 240.16393442622947000000 2579.67213114754080000000 298.36065573770490000000 2645.73770491803270000000
383.27868852459010000000 2710.98360655737700000000 376.72131147540980000000 2632.45901639344200000000 450.65573770491800000000 2557.70491803278670000000 538.36065573770490000000 2560.00000000000000000000
554.26229508196720000000 2683.11475409836000000000 566.72131147540980000000 2577.37704918032750000000 637.70491803278680000000 2526.55737704918000000000 607.21311475409830000000 2740.16393442622940000000
704.26229508196720000000 2703.77049180327870000000 670.49180327868850000000 2602.95081967213100000000 712.29508196721300000000 2527.54098360655730000000 777.04918032786880000000 2732.13114754098340000000
792.78688524590150000000 2606.72131147540950000000 784.75409836065570000000 2519.34426229508150000000 953.27868852459000000000 2654.26229508196700000000 877.21311475409820000000 2670.98360655737700000000
1033.11475409836070000000 2661.63934426229500000000 1015.08196721311470000000 2737.54098360655730000000 919.34426229508190000000 2784.42622950819670000000 839.34426229508190000000 2753.77049180327870000000
1172.29508196721300000000 2760.81967213114740000000 1167.86885245901640000000 2622.45901639344200000000 1221.63934426229500000000 2419.01639344262280000000 1222.13114754098340000000 2656.39344262295070000000
1267.37704918032770000000 2758.03278688524550000000 1280.00000000000000000000 2621.47540983606540000000 1358.68852459016380000000 2426.06557377049150000000 1329.83606557377040000000 2660.65573770491800000000
1362.29508196721300000000 2740.65573770491800000000 1401.63934426229500000000 2609.01639344262280000000 1518.85245901639340000000 2433.93442622950800000000 1443.77049180327870000000 2656.22950819672100000000
1440.65573770491800000000 2964.09836065573750000000 1562.45901639344240000000 2563.27868852459000000000 1771.31147540983600000000 2827.04918032786870000000 1627.70491803278670000000 3227.86885245901600000000
1842.79444444444400000000 2926.17222222222200000000 2282.66666666666650000000 2827.11111111111130000000 2496.88888888888870000000 3217.33333333333350000000 1935.77777777777780000000 3145.77777777777800000000
1690.64516129032240000000 2485.80645161290300000000 1817.41935483870950000000 2536.77419354838700000000 1982.58064516129020000000 2669.03225806451600000000 1768.06451612903220000000 2574.51612903225800000000
1683.51351351351350000000 2385.40540540540540000000 1817.56756756756750000000 2407.56756756756750000000 2007.56756756756750000000 2501.08108108108100000000 1775.94594594594580000000 2455.40540540540540000000
1782.97297297297300000000 2353.24324324324330000000 1677.56756756756750000000 2302.97297297297300000000 1814.59459459459460000000 2298.37837837837830000000 2018.64864864864850000000 2350.81081081081100000000
2130.00000000000000000000 2484.05405405405370000000 2130.54054054054040000000 2175.67567567567540000000 2283.24324324324330000000 2430.00000000000000000000 2300.54054054054040000000 2701.89189189189160000000
96.66666666666666000000 3020.47619047619040000000 84.28571428571428000000 2956.66666666666650000000 1200.00000000000000000000 2854.28571428571400000000 1212.38095238095230000000 2913.33333333333300000000
137.74523809523802000000 3212.40714285714100000000 99.52380952380952000000 3058.57142857142840000000 1249.04761904761900000000 3030.95238095238070000000 1313.33333333333330000000 3216.66666666666650000000
