# list of hand selected 2D points
SETS
110.00000000000000000000 95.81818181818181000000 196.54545454545453000000 99.27272727272727000000 194.90909090909090000000 179.09090909090910000000 108.00000000000000000000 175.27272727272728000000
216.90909090909090000000 169.27272727272728000000 244.90909090909090000000 105.27272727272727000000 304.00000000000000000000 105.81818181818181000000 329.63636363636360000000 173.45454545454547000000
346.72727272727275000000 167.63636363636363000000 380.72727272727275000000 103.63636363636364000000 408.00000000000000000000 104.36363636363636000000 447.27272727272725000000 166.36363636363637000000
448.36363636363640000000 133.45454545454547000000 464.18181818181820000000 109.09090909090910000000 504.36363636363640000000 110.72727272727273000000 531.45454545454550000000 134.90909090909090000000
508.36363636363640000000 143.63636363636363000000 522.90909090909090000000 174.00000000000000000000 503.81818181818180000000 214.90909090909090000000 468.72727272727275000000 227.09090909090910000000
465.45454545454544000000 240.90909090909090000000 432.00000000000000000000 246.72727272727272000000 397.81818181818180000000 218.90909090909090000000 397.27272727272725000000 180.54545454545453000000
346.90909090909093000000 215.27272727272728000000 366.18181818181820000000 183.45454545454547000000 390.54545454545456000000 272.00000000000000000000 360.00000000000000000000 257.81818181818180000000
319.63636363636360000000 272.72727272727275000000 297.81818181818180000000 248.00000000000000000000 303.63636363636360000000 202.54545454545453000000 334.54545454545456000000 182.18181818181820000000
226.54545454545453000000 256.90909090909093000000 225.27272727272728000000 223.63636363636363000000 255.81818181818180000000 192.18181818181820000000 294.00000000000000000000 194.18181818181820000000
192.08955223880596000000 227.16417910447760000000 107.76119402985074000000 224.17910447761193000000 125.37313432835820000000 195.37313432835820000000 169.70149253731344000000 198.65671641791045000000
415.36585365853654000000 281.21951219512190000000 498.85522388059695000000 244.92313432835810000000 489.59925373134314000000 277.81119402985075000000 448.50746268656720000000 295.82089552238807000000
458.20895522388060000000 312.83582089552240000000 501.19402985074623000000 332.38805970149250000000 480.44776119402985000000 374.62686567164180000000 438.80597014925370000000 354.92537313432837000000
428.20895522388060000000 332.53731343283580000000 404.92537313432837000000 372.68656716417910000000 364.62686567164180000000 349.10447761194030000000 388.05970149253733000000 308.65671641791045000000
312.38805970149250000000 365.22388059701490000000 293.52985074626855000000 322.38507462686550000000 336.86567164179104000000 304.47761194029850000000 354.02985074626866000000 346.86567164179104000000
213.88059701492537000000 322.23880597014926000000 252.68656716417910000000 297.16417910447760000000 278.20895522388060000000 337.01492537313430000000 238.80597014925374000000 361.04477611940297000000
162.08955223880596000000 352.38805970149250000000 151.64179104477610000000 307.16417910447760000000 197.31343283582090000000 297.16417910447760000000 206.56716417910448000000 343.13432835820896000000
91.79104477611940000000 343.43283582089550000000 92.83582089552239000000 297.01492537313430000000 138.05970149253730000000 298.95522388059703000000 136.86567164179104000000 344.77611940298505000000
89.70149253731343000000 366.86567164179104000000 116.26865671641791000000 368.05970149253733000000 116.11940298507463000000 394.92537313432837000000 90.14925373134328000000 394.17910447761193000000
131.34328358208955000000 399.40298507462690000000 125.22388059701493000000 372.23880597014926000000 151.34328358208955000000 367.01492537313430000000 156.86567164179104000000 393.13432835820896000000
161.79104477611940000000 382.23880597014926000000 184.02985074626866000000 367.31343283582090000000 199.10447761194030000000 390.00000000000000000000 176.86567164179104000000 404.92537313432837000000
219.85074626865670000000 407.31343283582090000000 209.10447761194030000000 382.68656716417910000000 234.02985074626866000000 371.34328358208955000000 244.92537313432834000000 396.26865671641790000000
250.89552238805970000000 397.76119402985074000000 264.62686567164180000000 374.02985074626866000000 288.20895522388060000000 387.31343283582090000000 274.92537313432837000000 411.79104477611940000000
294.02985074626866000000 400.74626865671640000000 305.67164179104475000000 376.56716417910445000000 330.59701492537310000000 388.35820895522386000000 319.10447761194030000000 412.38805970149250000000
335.07462686567163000000 455.82089552238807000000 360.74626865671640000000 400.44776119402985000000 371.34328358208955000000 419.55223880597015000000 358.50746268656720000000 448.20895522388060000000
399.25373134328356000000 473.88059701492534000000 402.93880597014940000000 401.14776119403000000000 415.52238805970150000000 372.68656716417910000000 413.13432835820896000000 433.43283582089550000000
428.50746268656720000000 401.49253731343280000000 436.41791044776120000000 372.23880597014926000000 442.08955223880594000000 435.67164179104475000000 434.47761194029850000000 475.82089552238807000000
454.77611940298505000000 408.65671641791045000000 457.16417910447760000000 378.05970149253733000000 474.62686567164180000000 434.47761194029850000000 475.97014925373134000000 476.11940298507460000000
445.97014925373134000000 475.82089552238807000000 470.59701492537310000000 520.00000000000000000000 471.79104477611940000000 567.76119402985070000000 443.73134328358210000000 529.25373134328360000000
366.26865671641790000000 494.47761194029850000000 391.34328358208955000000 494.92537313432837000000 422.83582089552240000000 504.47761194029850000000 384.02985074626866000000 504.02985074626866000000
365.97014925373134000000 508.95522388059700000000 388.05970149253733000000 513.13432835820890000000 420.14925373134326000000 530.29850746268650000000 381.64179104477610000000 521.79104477611940000000
367.31343283582090000000 527.16417910447760000000 387.91044776119400000000 535.82089552238800000000 415.82089552238807000000 559.55223880597010000000 378.35820895522386000000 542.38805970149260000000
298.65671641791045000000 492.98507462686564000000 355.22388059701490000000 469.10447761194030000000 349.85074626865674000000 489.85074626865670000000 321.64179104477610000000 502.38805970149250000000
285.82089552238807000000 425.82089552238807000000 332.23880597014926000000 465.37313432835820000000 309.85074626865674000000 469.25373134328356000000 286.26865671641790000000 449.70149253731340000000
251.14477611940300000000 447.71194029850750000000 264.22462686567144000000 426.16641791044765000000 280.59701492537310000000 485.07462686567163000000 260.20149253731350000000 476.81343283582080000000
232.53731343283582000000 485.67164179104475000000 217.46268656716418000000 469.85074626865670000000 221.94029850746267000000 439.40298507462680000000 242.23880597014926000000 425.52238805970150000000
168.90149253731326000000 474.62686567164180000000 167.01492537313433000000 452.98507462686564000000 188.80597014925374000000 432.23880597014926000000 213.88059701492537000000 433.28134328358200000000
86.56716417910448000000 452.83582089552240000000 98.95522388059702000000 433.13432835820896000000 128.20895522388060000000 435.37313432835820000000 144.32835820895522000000 454.77611940298505000000
90.00000000000000000000 506.11940298507460000000 90.14925373134328000000 490.00000000000000000000 105.67164179104478000000 490.29850746268653000000 105.97014925373134000000 506.41791044776120000000
115.07462686567163000000 509.55223880597015000000 111.79029850746270000000 493.33059701492520000000 126.91865671641787000000 490.24626865671627000000 130.59701492537314000000 505.52238805970150000000
134.02985074626866000000 498.95522388059700000000 147.16417910447760000000 490.29850746268653000000 155.97014925373134000000 503.73134328358210000000 142.23880597014926000000 512.08955223880590000000
162.08955223880596000000 499.40298507462680000000 176.86567164179104000000 493.28358208955220000000 183.13432835820896000000 507.76119402985074000000 168.50746268656715000000 513.88059701492530000000
187.16417910447760000000 508.80597014925370000000 195.52238805970148000000 494.92537313432837000000 208.80597014925374000000 503.28358208955220000000 200.89552238805970000000 517.01492537313440000000
212.53731343283582000000 510.59701492537310000000 219.85074626865670000000 496.11940298507460000000 234.02985074626866000000 502.98507462686564000000 228.05970149253730000000 517.16417910447760000000
87.91044776119402000000 541.79104477611940000000 95.37313432835820000000 530.29850746268650000000 112.68656716417910000000 531.04477611940300000000 122.39253731343278000000 542.98955223880510000000
137.46268656716418000000 554.92537313432830000000 136.56716417910448000000 541.64179104477610000000 150.00000000000000000000 529.10447761194030000000 165.22388059701493000000 530.29850746268650000000
167.01492537313433000000 551.49253731343290000000 169.40298507462686000000 532.53731343283580000000 181.19402985074626000000 525.97014925373130000000 175.97014925373134000000 562.34402985074520000000
187.31343283582090000000 537.91044776119410000000 194.92537313432834000000 526.71641791044770000000 205.22388059701493000000 561.49253731343290000000 192.68656716417910000000 556.56716417910450000000
208.20895522388060000000 540.59701492537320000000 208.35820895522390000000 525.97014925373130000000 235.67164179104478000000 549.55223880597010000000 222.83582089552237000000 552.23880597014920000000
238.05970149253730000000 543.28358208955220000000 252.38805970149252000000 510.59701492537310000000 259.55223880597015000000 522.08955223880590000000 251.79104477611940000000 539.70149253731350000000
216.41791044776120000000 566.26865671641790000000 249.25373134328356000000 552.08955223880590000000 247.16417910447760000000 564.02985074626860000000 229.70149253731340000000 572.38805970149250000000
274.02985074626866000000 568.35820895522390000000 273.58208955223880000000 544.47761194029850000000 283.88059701492534000000 512.68656716417910000000 283.28358208955220000000 551.49253731343290000000
290.74626865671644000000 569.70149253731350000000 292.98507462686564000000 546.11940298507470000000 307.31343283582090000000 515.52238805970150000000 302.08955223880594000000 552.68656716417910000000
307.61194029850750000000 567.16417910447760000000 314.47761194029850000000 545.67164179104470000000 335.82089552238807000000 516.41791044776120000000 322.08955223880594000000 553.73134328358210000000
342.85714285714283000000 539.48979591836730000000 377.95918367346934000000 586.73469387755100000000 350.30612244897960000000 652.65306122448980000000 319.59183673469386000000 606.93877551020400000000
389.69387755102036000000 603.36734693877540000000 467.44897959183670000000 590.71428571428570000000 501.93877551020404000000 658.16326530612240000000 404.89795918367344000000 641.63265306122450000000
277.97752808988764000000 586.62921348314600000000 279.32584269662920000000 596.06741573033710000000 87.86516853932584000000 605.05617977528080000000 86.06741573033707000000 594.83202247190970000000
87.64044943820224000000 612.47191011235950000000 285.50561797752806000000 616.74157303370780000000 296.17977528089887000000 648.76404494382020000000 94.26966292134831000000 638.53932584269660000000
