# list of hand selected 2D points
108.40000000000000000000 207.00000000000000000000
197.00000000000000000000 33.20000000000000000000
266.60000000000000000000 213.40000000000000000000
304.00000000000000000000 238.00000000000000000000
449.88764044943820000000 113.14606741573033000000
413.25842696629210000000 215.16853932584270000000
352.80898876404495000000 141.46067415730337000000
327.64044943820220000000 65.28089887640449000000
288.76404494382024000000 132.80898876404493000000
396.29629629629630000000 78.27160493827161000000
403.58024691358025000000 116.04938271604940000000
377.40740740740745000000 108.39506172839506000000
419.99999999999994000000 258.26530612244900000000
299.79591836734690000000 432.04081632653060000000
130.30612244897958000000 292.14285714285710000000
173.02521008403360000000 393.94957983193274000000
225.46218487394958000000 443.19327731092440000000
104.20168067226890000000 665.46218487394960000000
143.52941176470588000000 639.32773109243690000000
187.39495798319328000000 569.83193277310920000000
231.26050420168067000000 597.56302521008400000000
274.53781512605040000000 580.67226890756300000000
196.47058823529412000000 523.36134453781510000000
274.11764705882354000000 460.16806722689074000000
281.42857142857140000000 587.95918367346940000000
320.10204081632650000000 516.32653061224480000000
367.55102040816325000000 543.06122448979590000000
385.20408163265300000000 506.63265306122446000000
305.91428571428570000000 483.47346938775500000000
393.57142857142856000000 348.97959183673464000000
