# list of hand selected 2D points
170.09259259259258000000 199.90740740740740000000
210.37037037037035000000 125.27777777777777000000
256.85185185185185000000 203.88888888888889000000
268.05555555555554000000 164.62962962962962000000
289.81481481481480000000 130.37037037037035000000
311.85185185185185000000 166.38888888888889000000
330.88595505617970000000 148.08988764044943000000
343.59550561797750000000 131.34831460674158000000
353.55842696629220000000 150.26179775280892000000
394.26966292134830000000 146.40449438202248000000
370.89887640449440000000 206.40449438202248000000
282.92134831460675000000 216.74157303370785000000
181.01123595505618000000 237.07865168539325000000
381.34831460674155000000 232.69662921348313000000
292.13483146067415000000 324.83146067415730000000
274.15730337078650000000 336.62921348314603000000
225.84269662921346000000 358.65168539325840000000
284.26966292134830000000 411.01123595505620000000
253.37078651685390000000 409.66292134831457000000
223.48314606741573000000 383.70786516853930000000
200.78651685393257000000 411.79775280898880000000
180.22471910112358000000 416.29213483146066000000
205.16853932584270000000 287.86516853932585000000
238.76404494382020000000 319.32584269662920000000
291.57303370786514000000 417.75280898876400000000
317.52808988764040000000 382.35955056179773000000
361.68539325842690000000 412.80898876404495000000
301.91011235955057000000 357.41573033707860000000
366.85393258426967000000 287.52808988764040000000
375.50561797752806000000 392.35955056179773000000
