# list of hand selected 2D points
193.40000000000000000000 94.60000000000000000000
251.00000000000000000000 229.40000000000000000000
157.80000000000000000000 217.00000000000000000000
288.00000000000000000000 90.40000000000000000000
320.20000000000000000000 160.40000000000000000000
261.80000000000000000000 158.20000000000000000000
352.83783783783780000000 120.81081081081080000000
374.59459459459460000000 80.67567567567568000000
395.40540540540536000000 122.83783783783784000000
474.23611111111110000000 106.04166666666666000000
427.19101123595505000000 248.31460674157302000000
281.23595505617976000000 255.73033707865167000000
167.86516853932582000000 274.04494382022470000000
448.20224719101120000000 309.10112359550560000000
301.57303370786514000000 453.25842696629210000000
195.39325842696630000000 357.19101123595505000000
233.25842696629212000000 417.86516853932585000000
187.41573033707866000000 536.51685393258420000000
206.17977528089887000000 540.44943820224720000000
224.71910112359550000000 510.89887640449440000000
260.33707865168540000000 570.11235955056180000000
299.43820224719100000000 595.16853932584260000000
277.07865168539325000000 463.59550561797750000000
223.93258426966293000000 474.49438202247190000000
308.65168539325840000000 612.58426966292130000000
343.48314606741570000000 570.33707865168540000000
416.96629213483146000000 670.00000000000000000000
441.34831460674155000000 643.93258426966290000000
317.52808988764040000000 516.62921348314600000000
420.78651685393254000000 420.44943820224717000000
