# list of hand selected 2D points
168.53932584269663000000 279.66292134831457000000
229.43820224719101000000 166.29213483146066000000
297.19101123595505000000 280.00000000000000000000
334.49438202247190000000 296.62921348314603000000
486.51685393258424000000 191.68539325842696000000
454.71910112359546000000 277.07865168539325000000
400.78651685393260000000 196.51685393258427000000
418.87640449438203000000 171.91011235955057000000
432.24719101123594000000 198.98876404494382000000
185.18518518518520000000 333.33333333333337000000
468.39506172839510000000 311.97530864197535000000
346.66666666666670000000 449.13580246913580000000
320.86419753086420000000 468.14814814814815000000
251.97530864197532000000 506.29629629629630000000
334.93827160493830000000 572.34567901234570000000
290.86419753086420000000 575.06172839506180000000
213.95061728395063000000 587.53086419753100000000
247.40740740740742000000 541.72839506172840000000
183.20987654320987000000 597.90123456790130000000
222.22222222222223000000 405.67901234567904000000
271.35802469135800000000 447.65432098765433000000
343.51851851851850000000 580.83333333333330000000
379.53703703703700000000 526.20370370370370000000
440.37037037037030000000 563.51851851851850000000
458.51851851851850000000 533.14814814814820000000
358.61111111111110000000 494.25925925925924000000
447.49999999999994000000 388.51851851851850000000
312.83950617283950000000 222.22222222222223000000
344.56790123456790000000 171.72839506172840000000
375.43209876543210000000 223.20987654320987000000
