# list of hand selected 2D points
141.32653061224488000000 189.38775510204080000000
233.77551020408163000000 86.42857142857142000000
277.75510204081630000000 231.83673469387753000000
312.14285714285710000000 262.55102040816325000000
527.44897959183670000000 196.73469387755100000000
461.93877551020404000000 284.38775510204080000000
381.12244897959180000000 195.10204081632650000000
310.30612244897960000000 173.26530612244898000000
360.10204081632650000000 126.22448979591836000000
420.40816326530610000000 173.36734693877548000000
449.48979591836730000000 150.20408163265304000000
458.36734693877550000000 187.14285714285714000000
468.14814814814810000000 330.18518518518516000000
286.35135135135135000000 432.29729729729730000000
144.45945945945945000000 250.54054054054052000000
164.93827160493828000000 338.14814814814815000000
205.43209876543210000000 400.00000000000000000000
82.96296296296296000000 518.27160493827160000000
115.55555555555556000000 519.62962962962970000000
159.13580246913580000000 487.65432098765433000000
195.92592592592592000000 539.62962962962970000000
242.96296296296296000000 556.29629629629630000000
253.20987654320990000000 442.22222222222223000000
171.11111111111111000000 452.96296296296300000000
249.62962962962965000000 568.64197530864200000000
303.20987654320990000000 527.77777777777780000000
361.23456790123460000000 595.06172839506180000000
288.32460732984293000000 485.39267015706804000000
420.08403361344534000000 408.06722689075630000000
391.09243697478990000000 571.34453781512600000000
