# list of hand selected 2D points
275.30612244897960000000 107.95918367346938000000
306.02040816326530000000 187.24489795918365000000
252.85714285714283000000 180.51020408163265000000
311.85185185185185000000 145.67901234567900000000
325.43209876543210000000 108.02469135802470000000
341.85185185185185000000 147.03703703703704000000
357.90123456790127000000 125.92592592592594000000
368.39506172839510000000 105.43209876543210000000
378.39506172839510000000 127.28395061728395000000
413.33333333333337000000 120.12345679012346000000
394.69135802469140000000 195.43209876543210000000
321.85185185185185000000 201.72839506172840000000
258.64197530864200000000 216.17283950617283000000
332.46913580246917000000 320.37037037037040000000
404.81481481481484000000 227.65432098765433000000
392.83950617283955000000 293.58024691358025000000
406.04938271604940000000 424.19753086419760000000
341.53148148148153000000 358.88271604938260000000
356.54320987654324000000 391.23456790123460000000
394.81481481481484000000 443.82716049382720000000
337.40740740740745000000 422.46913580246917000000
332.09876543209880000000 411.85185185185185000000
319.38271604938274000000 328.88888888888890000000
289.62962962962960000000 341.48148148148150000000
290.00000000000000000000 365.43209876543210000000
309.62962962962960000000 400.37037037037040000000
278.76543209876540000000 387.90123456790127000000
267.90123456790127000000 385.30864197530866000000
273.20987654320990000000 267.28395061728395000000
294.93827160493830000000 303.58024691358025000000
