# list of hand selected 2D points
172.43697478991595000000 68.40336134453781000000
198.82352941176470000000 112.26890756302521000000
152.01680672268907000000 109.41176470588235000000
204.03361344537814000000 90.00000000000000000000
214.78991596638656000000 71.76470588235294000000
227.05882352941177000000 91.42857142857143000000
237.98319327731090000000 81.42857142857143000000
244.62184873949580000000 71.84873949579831000000
250.75630252100840000000 82.26890756302521000000
272.94117647058823000000 80.67226890756302000000
262.85714285714283000000 115.12605042016807000000
214.28571428571428000000 119.66386554621849000000
159.15966386554620000000 130.67226890756302000000
269.15966386554624000000 130.75630252100840000000
221.93277310924370000000 183.36134453781510000000
212.01680672268907000000 190.67226890756302000000
186.13445378151260000000 202.26890756302520000000
221.00840336134453000000 235.29411764705880000000
185.54621848739495000000 217.31092436974788000000
173.86554621848740000000 233.69747899159663000000
202.68907563025210000000 234.03361344537814000000
163.02521008403360000000 234.70588235294116000000
191.68067226890756000000 179.24369747899158000000
172.77310924369746000000 160.42016806722688000000
239.25531914893617000000 218.93617021276594000000
265.95744680851060000000 239.78723404255320000000
225.63829787234042000000 239.89361702127658000000
273.16176470588230000000 227.05882352941174000000
228.97058823529410000000 203.52941176470586000000
263.75000000000000000000 162.94117647058823000000
