# Hand selected points
SETS
181.38333333333335000000 145.13333333333330000000 256.88888888888890000000 261.33333333333330000000 126.00000000000000000000 258.66666666666670000000
303.33333333333330000000 146.44444444444446000000 340.22222222222223000000 201.55555555555554000000 270.22222222222223000000 200.83888888888887000000
391.18456790123460000000 142.51604938271600000000 409.38271604938274000000 173.08641975308643000000 370.24691358024694000000 171.60493827160494000000
476.79012345679010000000 162.83950617283952000000 439.01234567901236000000 261.23456790123460000000 295.92592592592590000000 279.62962962962960000000
144.32835820895522000000 311.79104477611940000000 458.20895522388060000000 301.19402985074623000000 316.56716417910445000000 440.74626865671640000000
182.98507462686567000000 384.77611940298505000000 234.92537313432834000000 430.89552238805970000000 157.16417910447760000000 566.41791044776120000000
216.71641791044775000000 521.79104477611940000000 262.98507462686564000000 561.54179104477620000000 185.52238805970148000000 560.74626865671640000000
218.05970149253730000000 487.01492537313430000000 289.40298507462690000000 457.46268656716416000000 310.29701492537305000000 565.96940298507480000000
320.44776119402985000000 576.41791044776120000000 359.10447761194030000000 525.52238805970150000000 431.79104477611940000000 575.67164179104470000000
454.02985074626866000000 546.11940298507470000000 434.77611940298505000000 385.67164179104475000000 332.98507462686564000000 489.25373134328356000000
