# GENERATOR FitPolylineRegression
# Elapsed time in milliseconds

SplitMerge_Global
                              N       Mean      P05      P50      P95      MAX
  border01                      7  8.36589  1.53151  2.41742  13.7826  32.4005
  border02                      4  4.95934  3.89022  3.94274  5.26509  6.73929
  concave                       8  5.60541  2.91302  4.44929  6.16726  14.0914
  quadrilaterals01              7  3.52926   2.2014   3.1313  4.13944  5.94594
  set01                         9  .939537  .398947    .6313  1.63304  2.37665
  set02                         9  .819179  .565302  .690742  1.11924  1.12081
  set03                         9  1.08286  .861619  1.12498  1.16627   1.2949
  set04                        10  .273815  .172314   .27284  .339805  .376743

SplitMerge_Local
                              N       Mean      P05      P50      P95      MAX
  border01                      7  28.1898  5.06295  30.1189  38.2121  40.4292
  border02                      4  18.1865  8.01362  16.6896  18.4147  29.6279
  concave                       8  10.2586  6.80098   8.8412  12.4806  15.4774
  quadrilaterals01              7  3.41818  2.30159  3.38952  4.20913  4.28578
  set01                         9  6.74355  5.25986  5.73923  9.07305  10.2322
  set02                         9    3.624  2.62051  3.23577  4.78624   5.0782
  set03                         9  2.56019  2.11986  2.60518  2.80906  3.24883
  set04                        10  .792121  .572601  .741763  .999733  1.04689

SplitMergeOld_Global
                              N       Mean      P05      P50      P95      MAX
  border01                      7  19.2742  2.58736  6.91017  23.7677  84.5492
  border02                      4  6.48997   4.6314  5.96752  6.06593  9.29504
  concave                       8  13.2065  2.50897  7.89318  19.5716  33.8738
  quadrilaterals01              7  10.0369  3.49294  5.53641  9.38167  36.8774
  set01                         9  12.5599  1.91403  2.63516  40.1876   41.964
  set02                         9  9.09754  .700064  2.74443  12.0496  51.0921
  set03                         9  4.31339  1.05961  2.54136  6.33033   14.602
  set04                        10  1.41804  .935046  1.19044  2.10862  2.11591

SplitMergeOld_Local
                              N       Mean      P05      P50      P95      MAX
  border01                      7   131.55  16.5597   146.33  200.713  210.563
  border02                      4  69.2689  53.4118  73.6811  73.9369  76.0457
  concave                       8  27.9847  18.6385   26.291  30.4571  41.2589
  quadrilaterals01              7  75.4021  5.63302   39.505  75.3988  340.828
  set01                         9   325.46  56.1817  201.613  580.563  736.431
  set02                         9  38.5309  13.6777  24.7676   68.217  120.521
  set03                         9  50.1324  17.0899  48.9573  91.3406  91.4213
  set04                        10  8.27958  3.04514  7.36228  12.3657  13.6496

Summary:
                              N       Mean      P05      P50      P95      MAX
  SplitMerge_Global            63  2.79776  .252782  1.12787  6.16726  32.4005
  SplitMerge_Local             63  7.94192   .69596  4.28578  29.6279  40.4292
  SplitMergeOld_Global         63  9.28107  .935046  3.61989  36.8774  84.5492
  SplitMergeOld_Local          63  91.4211  6.79474  34.1792  340.828  736.431
