# F TP TN FP FN Overlap
cliffbar  0.969 0062 0000 0002 0002  0.587
coke11  0.745 0035 0000 0024 0000  0.441
david  0.845 0068 0000 0025 0000  0.401
dollar  1.000 0066 0000 0000 0000  0.888
faceocc  0.997 0177 0000 0000 0001  0.829
faceocc2  1.000 0163 0000 0000 0000  0.685
girl  0.890 0081 0000 0015 0005  0.490
surfer  0.937 0067 0000 0009 0000  0.602
sylv  1.000 0269 0000 0000 0000  0.752
tiger1  0.873 0055 0000 0012 0004  0.589
tiger2  0.719 0041 0000 0029 0003  0.411
twinings  0.771 0059 0000 0035 0000  0.500
