# F TP TN FP FN Overlap
cliffbar  0.370 0015 0000 0001 0050  0.605
coke11  0.212 0007 0000 0000 0052  0.726
david  0.500 0031 0000 0000 0062  0.731
dollar  1.000 0066 0000 0000 0000  0.851
faceocc  0.404 0045 0000 0000 0133  0.835
faceocc2  0.624 0074 0000 0000 0089  0.785
girl  0.039 0002 0000 0000 0099  0.863
surfer  0.212 0009 0000 0000 0067  0.560
sylv  0.561 0105 0000 0000 0164  0.781
tiger1  0.081 0003 0000 0000 0068  0.941
tiger2  0.198 0008 0000 0000 0065  0.730
twinings  0.576 0038 0000 0000 0056  0.683
