# F TP TN FP FN Overlap
cliffbar  0.992 0065 0000 0001 0000  0.786
coke11  0.946 0053 0000 0006 0000  0.532
david  0.995 0092 0000 0001 0000  0.554
dollar  1.000 0066 0000 0000 0000  0.741
faceocc  0.997 0177 0000 0001 0000  0.764
faceocc2  1.000 0163 0000 0000 0000  0.687
girl  0.995 0100 0000 0001 0000  0.642
surfer  0.701 0041 0000 0035 0000  0.420
sylv  0.926 0232 0000 0037 0000  0.626
tiger1  0.940 0063 0000 0008 0000  0.542
tiger2  0.950 0066 0000 0007 0000  0.528
twinings  1.000 0094 0000 0000 0000  0.740
