# F TP TN FP FN Overlap
cliffbar  0.961 0061 0000 0005 0000  0.665
coke11  0.946 0053 0000 0006 0000  0.515
david  1.000 0093 0000 0000 0000  0.606
dollar  1.000 0066 0000 0000 0000  0.825
faceocc  0.997 0177 0000 0001 0000  0.782
faceocc2  1.000 0163 0000 0000 0000  0.699
girl  1.000 0101 0000 0000 0000  0.666
surfer  0.891 0061 0000 0015 0000  0.564
sylv  0.926 0232 0000 0037 0000  0.672
tiger1  0.797 0047 0000 0024 0000  0.514
tiger2  0.877 0057 0000 0016 0000  0.459
twinings  1.000 0094 0000 0000 0000  0.699
