# GENERATOR ObjectTrackingRegression
# F TP TN FP FN Overlap
cliffbar 0.390 0016 0000 0000 0050 0.642
coke11 0.212 0007 0000 0000 0052 0.763
david 0.500 0031 0000 0003 0059 0.638
dollar 1.000 0066 0000 0000 0000 0.828
faceocc 0.174 0017 0000 0000 0161 0.921
faceocc2 0.624 0074 0000 0000 0089 0.840
girl 0.058 0003 0000 0000 0098 0.826
surfer 0.169 0007 0000 0000 0069 0.720
sylv 0.599 0115 0000 0000 0154 0.668
tiger1 0.107 0004 0000 0000 0067 0.766
tiger2 0.175 0007 0000 0000 0066 0.750
twinings 0.730 0054 0000 0010 0030 0.534
