# GENERATOR ObjectTrackingRegression
# F TP TN FP FN Overlap
01_david 0.753 0460 0000 0271 0030 0.556
02_jumping 0.980 0301 0000 0002 0010 0.530
03_pedestrian1 0.777 0089 0000 0001 0050 0.459
04_pedestrian2 0.959 0245 0072 0001 0020 0.605
05_pedestrian3 0.937 0148 0016 0014 0006 0.832
06_car 0.961 0824 0054 0032 0035 0.839
07_motocross 0.822 1251 0872 0458 0084 0.533
08_volkswagen 0.832 4439 2340 1346 0451 0.571
09_carchase 0.596 3991 0522 3286 2129 0.469
10_panda 0.344 0624 0000 2276 0100 0.330
