# GENERATOR ObjectTrackingRegression
# F TP TN FP FN Overlap
01_david 0.003 0001 0000 0001 0759 0.881
02_jumping 0.006 0001 0000 0001 0311 0.881
03_pedestrian1 0.042 0003 0000 0001 0136 0.465
04_pedestrian2 0.037 0005 0072 0001 0260 0.861
05_pedestrian3 0.488 0051 0026 0003 0104 0.639
06_car 0.744 0509 0085 0001 0350 0.577
07_motocross 0.001 0001 1253 0001 1410 0.960
08_volkswagen 0.029 0076 3435 0049 5016 0.337
09_carchase 0.001 0004 1268 0001 8655 0.767
10_panda 0.053 0074 0270 0001 2655 0.673
