# GENERATOR ObjectTrackingRegression
# F TP TN FP FN Overlap
01_david 0.799 0506 0000 0058 0197 0.520
02_jumping 0.086 0014 0000 0299 0000 0.454
03_pedestrian1 0.170 0013 0000 0127 0000 0.341
04_pedestrian2 0.052 0009 0000 0329 0000 0.582
05_pedestrian3 0.457 0051 0012 0020 0101 0.916
06_car 0.700 0509 0000 0436 0000 0.533
07_motocross 0.009 0008 0889 1209 0559 0.209
08_volkswagen 0.002 0006 3426 2175 2969 0.587
09_carchase 0.039 0172 1241 0207 8308 0.503
10_panda 0.411 0777 0000 2223 0000 0.285
