# list of hand selected 2D points
218.16326530612244000000 284.18367346938770000000
193.26530612244898000000 164.38775510204080000000
276.02040816326530000000 166.53061224489795000000
260.91836734693874000000 52.34693877551020000000
474.28571428571430000000 57.24489795918367000000
468.67346938775506000000 121.42857142857142000000
596.93877551020400000000 122.55102040816325000000
560.30612244897950000000 290.30612244897960000000
420.41428571428560000000 286.12244897959180000000
422.34693877551020000000 225.71428571428570000000
351.63265306122446000000 224.38775510204080000000
354.08163265306120000000 286.93877551020404000000
250.40229885057468000000 374.54022988505744000000
310.91954022988500000000 328.62068965517240000000
458.39080459770110000000 371.26436781609190000000
348.33333333333330000000 442.24137931034477000000
335.11494252873560000000 376.03448275862064000000
238.65168539325842000000 422.02247191011236000000
318.76404494382024000000 424.94382022471910000000
321.01123595505620000000 441.34831460674155000000
272.02247191011236000000 437.41573033707860000000
274.94382022471910000000 450.00000000000000000000
299.21348314606740000000 452.80898876404490000000
300.22471910112360000000 470.00000000000000000000
276.85393258426967000000 468.20224719101120000000
281.68539325842690000000 499.32584269662920000000
255.16853932584270000000 496.62921348314603000000
436.55737704918030000000 497.37704918032784000000
497.04918032786880000000 456.88524590163930000000
463.27868852459010000000 411.47540983606550000000
608.36065573770490000000 417.86885245901635000000
538.19672131147540000000 460.65573770491800000000
567.70491803278680000000 505.08196721311470000000
