# list of hand selected 2D points
261.00840336134450000000 255.88235294117646000000
261.17647058823530000000 132.01680672268907000000
327.89915966386553000000 136.05042016806723000000
333.44537815126050000000 39.41176470588235500000
461.34453781512605000000 61.68067226890756400000
455.21008403361344000000 106.89075630252100000000
517.22689075630250000000 113.86554621848740000000
500.16806722689074000000 241.09243697478990000000
417.64705882352940000000 245.21008403361344000000
422.10084033613447000000 190.16806722689074000000
375.88235294117646000000 189.91596638655463000000
372.35294117647055000000 249.91596638655460000000
333.05555555555554000000 299.07407407407410000000
436.94444444444440000000 328.33333333333330000000
345.71428571428570000000 433.02521008403360000000
344.53781512605040000000 352.26890756302520000000
271.00840336134450000000 363.19327731092440000000
243.14814814814812000000 435.37037037037030000000
322.50000000000000000000 417.31481481481480000000
321.20370370370370000000 439.90740740740740000000
274.25925925925924000000 448.33333333333330000000
274.16666666666663000000 465.64814814814810000000
299.35185185185185000000 461.75925925925924000000
298.24074074074070000000 486.20370370370370000000
273.33333333333330000000 491.48148148148147000000
272.31481481481480000000 538.51851851851850000000
242.49999999999997000000 545.74074074074060000000
412.31481481481480000000 481.38888888888886000000
458.27160493827165000000 416.04938271604940000000
436.54320987654324000000 371.23456790123460000000
525.18518518518520000000 355.06172839506170000000
484.32098765432100000000 411.85185185185185000000
503.82716049382720000000 455.18518518518520000000
