# Tensor estimated by TzuYen Wong's matlab code
-5.902998381429621 -0.956245938961660 -0.008979597734774
-6.616110961953874 -2.003638591242519 -0.000297545267507
-0.024154218109247 -0.007156082534685 -0.000002751038945

4.315132929390256 -6.177196518224275 0.004548642043600
9.356309307558718 0.616226011491389 -0.003577258123400
0.008357234425914 -0.008336664455991 0.000005330182983

515.887205618717303 602.496950942724425 -8.208767043984864
586.385194888550814 368.926291100554238 -3.285965531484909
9.005635465408723 3.950573130495497 -0.017643622068543

