# File: carpet/skew Algorithm = FH-BRIEF-KLT  skip 4 tolerance = 5.0
# (time tick) ( F ) ( F all inside) (precision) (recall) (recall all inside) (tracks)
0004  0.998  0.998  0.998  0.998  0.998 657
0008  0.996  0.996  0.998  0.994  0.994 654
0012  0.990  0.994  0.998  0.982  0.989 646
0016  0.984  0.992  0.997  0.971  0.988 640
0020  0.973  0.985  0.994  0.953  0.977 630
0024  0.948  0.975  0.988  0.910  0.961 605
0028  0.910  0.957  0.971  0.857  0.943 580
0032  0.902  0.963  0.969  0.845  0.957 573
0036  0.884  0.964  0.969  0.813  0.959 551
0040  0.853  0.946  0.950  0.775  0.943 536
0044  0.835  0.944  0.944  0.749  0.944 521
0048  0.813  0.939  0.940  0.717  0.938 501
0052  0.796  0.936  0.927  0.697  0.944 494
0056  0.773  0.925  0.913  0.670  0.938 482
0060  0.742  0.908  0.900  0.632  0.916 461
0064  0.682  0.866  0.838  0.575  0.896 451
0068  0.664  0.865  0.834  0.551  0.898 434
0072  0.587  0.820  0.789  0.467  0.853 389
0076  0.537  0.789  0.758  0.416  0.822 360
0080  0.500  0.760  0.711  0.385  0.816 356
0084  0.471  0.732  0.682  0.359  0.789 346
0088  0.444  0.713  0.664  0.333  0.771 330
0092  0.404  0.678  0.626  0.298  0.740 313
0096  0.378  0.648  0.597  0.277  0.708 305
0100  0.334  0.584  0.524  0.245  0.660 307
0104  0.303  0.552  0.493  0.219  0.626 292
0108  0.286  0.529  0.470  0.205  0.605 287
0112  0.263  0.501  0.441  0.187  0.580 279
0116  0.233  0.458  0.397  0.164  0.540 272
0120  0.221  0.459  0.396  0.154  0.546 255
0124  0.198  0.421  0.359  0.137  0.508 251
0128  0.187  0.403  0.340  0.129  0.494 250
0132  0.183  0.396  0.332  0.126  0.491 250
0136  0.184  0.402  0.337  0.126  0.497 246
0140  0.185  0.415  0.349  0.126  0.512 238
0144  0.173  0.399  0.332  0.117  0.500 232
0148  0.166  0.390  0.327  0.111  0.483 223
0152  0.151  0.370  0.317  0.099  0.445 205
0156  0.149  0.369  0.315  0.097  0.444 203
0160  0.143  0.346  0.283  0.096  0.447 223
0164  0.146  0.357  0.290  0.097  0.464 221
0168  0.130  0.323  0.261  0.087  0.422 218
0172  0.129  0.322  0.262  0.085  0.418 214
0176  0.127  0.323  0.263  0.084  0.417 209
0180  0.120  0.308  0.249  0.079  0.403 209
0184  0.120  0.310  0.251  0.079  0.403 207
0188  0.111  0.286  0.232  0.073  0.372 207
0192  0.118  0.304  0.246  0.078  0.395 207
0196  0.118  0.309  0.246  0.078  0.415 207
0200  0.110  0.288  0.224  0.073  0.403 214
0204  0.113  0.296  0.231  0.075  0.412 212
0208  0.110  0.290  0.226  0.073  0.403 212
