# File: carpet/skew Algorithm = FH-BRIEF-KLT  skip 8 tolerance = 5.0
# (time tick) ( F ) ( F all inside) (precision) (recall) (recall all inside) (tracks)
0008  0.997  0.997  1.000  0.994  0.994 653
0016  0.982  0.991  0.997  0.968  0.985 638
0024  0.940  0.967  0.980  0.903  0.953 605
0032  0.893  0.953  0.975  0.823  0.933 555
0040  0.840  0.932  0.948  0.753  0.917 522
0048  0.800  0.924  0.935  0.699  0.914 491
0056  0.775  0.928  0.913  0.673  0.942 484
0064  0.670  0.854  0.841  0.557  0.867 435
0072  0.566  0.798  0.790  0.441  0.806 367
0080  0.496  0.771  0.761  0.368  0.781 318
0088  0.432  0.710  0.696  0.314  0.725 296
0096  0.370  0.638  0.597  0.268  0.685 295
0104  0.310  0.571  0.527  0.219  0.623 273
0112  0.273  0.531  0.483  0.190  0.590 259
0120  0.214  0.444  0.386  0.148  0.522 251
0128  0.187  0.407  0.350  0.128  0.486 240
0136  0.181  0.405  0.356  0.122  0.471 225
0144  0.163  0.378  0.319  0.110  0.465 226
0152  0.132  0.322  0.274  0.087  0.390 208
0160  0.127  0.316  0.266  0.084  0.390 207
0168  0.126  0.322  0.270  0.082  0.400 200
0176  0.107  0.272  0.224  0.070  0.346 205
0184  0.105  0.271  0.223  0.068  0.346 202
0192  0.103  0.267  0.220  0.067  0.341 200
0200  0.096  0.263  0.212  0.062  0.345 193
0208  0.097  0.265  0.216  0.062  0.345 190
