# File: carpet/move_in Algorithm = FH-BRIEF-KLT  skip 1 tolerance = 5.0
# (time tick) ( F ) ( F all inside) (precision) (recall) (recall all inside) (tracks)
0001  0.999  0.999  0.999  0.999  0.999 677
0002  0.999  0.999  0.999  0.999  0.999 677
0003  0.999  0.999  0.999  0.999  0.999 677
0004  0.998  0.998  0.999  0.997  0.997 676
0005  0.998  0.998  0.999  0.997  0.997 676
0006  0.996  0.996  0.997  0.994  0.996 675
0007  0.994  0.995  0.997  0.991  0.993 673
0008  0.994  0.995  0.997  0.991  0.993 673
0009  0.990  0.993  0.997  0.984  0.988 668
0010  0.991  0.994  0.999  0.984  0.990 667
0011  0.987  0.991  0.997  0.978  0.985 664
0012  0.985  0.992  0.997  0.973  0.987 661
0013  0.978  0.986  0.992  0.965  0.979 658
0014  0.980  0.988  0.994  0.966  0.982 658
0015  0.978  0.989  0.992  0.963  0.986 657
0016  0.970  0.984  0.988  0.953  0.980 653
0017  0.966  0.981  0.986  0.947  0.976 650
0018  0.964  0.980  0.988  0.941  0.973 645
0019  0.959  0.979  0.986  0.934  0.972 641
0020  0.957  0.979  0.986  0.929  0.972 638
0021  0.955  0.980  0.987  0.925  0.972 634
0022  0.955  0.981  0.987  0.925  0.975 634
0023  0.953  0.979  0.986  0.922  0.972 633
0024  0.957  0.984  0.991  0.926  0.977 633
0025  0.955  0.982  0.990  0.922  0.973 630
0026  0.949  0.978  0.986  0.914  0.970 628
0027  0.949  0.979  0.987  0.914  0.970 627
0028  0.943  0.972  0.982  0.907  0.962 625
0029  0.940  0.971  0.981  0.903  0.962 623
0030  0.937  0.970  0.982  0.897  0.957 618
0031  0.937  0.970  0.982  0.895  0.959 617
0032  0.932  0.966  0.977  0.891  0.954 617
0033  0.924  0.958  0.966  0.886  0.949 621
0034  0.924  0.957  0.966  0.885  0.948 620
0035  0.920  0.954  0.964  0.880  0.945 618
0036  0.923  0.958  0.968  0.882  0.949 617
0037  0.918  0.956  0.964  0.876  0.947 615
0038  0.918  0.957  0.966  0.874  0.949 613
0039  0.918  0.958  0.966  0.874  0.950 613
0040  0.912  0.951  0.959  0.869  0.944 613
0041  0.913  0.954  0.961  0.870  0.947 613
0042  0.912  0.955  0.961  0.869  0.950 612
0043  0.916  0.959  0.966  0.871  0.953 611
0044  0.911  0.954  0.961  0.867  0.948 611
0045  0.909  0.952  0.959  0.864  0.945 610
0046  0.909  0.952  0.961  0.863  0.943 608
0047  0.900  0.944  0.952  0.854  0.935 607
0048  0.903  0.947  0.955  0.855  0.938 606
0049  0.902  0.947  0.958  0.852  0.935 602
0050  0.889  0.937  0.951  0.835  0.923 594
0051  0.889  0.940  0.954  0.832  0.926 590
0052  0.883  0.938  0.951  0.824  0.925 587
0053  0.880  0.939  0.949  0.820  0.930 585
0054  0.880  0.941  0.952  0.818  0.931 582
0055  0.880  0.942  0.953  0.817  0.931 580
0056  0.875  0.938  0.951  0.809  0.924 576
0057  0.872  0.939  0.956  0.802  0.922 568
0058  0.860  0.928  0.937  0.795  0.919 574
0059  0.855  0.932  0.938  0.786  0.925 567
0060  0.850  0.929  0.935  0.780  0.924 565
0061  0.852  0.933  0.938  0.780  0.928 563
0062  0.852  0.937  0.938  0.780  0.936 563
0063  0.844  0.931  0.935  0.770  0.927 557
0064  0.834  0.923  0.929  0.756  0.917 551
0065  0.830  0.924  0.927  0.752  0.922 549
0066  0.830  0.926  0.930  0.749  0.922 545
0067  0.827  0.926  0.928  0.746  0.925 544
0068  0.824  0.924  0.925  0.743  0.924 544
0069  0.820  0.922  0.923  0.739  0.921 542
0070  0.824  0.928  0.928  0.742  0.928 541
0071  0.815  0.917  0.920  0.731  0.915 538
0072  0.817  0.922  0.924  0.733  0.920 537
0073  0.814  0.918  0.921  0.728  0.914 535
0074  0.808  0.915  0.917  0.722  0.912 533
0075  0.806  0.916  0.915  0.719  0.917 532
0076  0.802  0.912  0.912  0.716  0.913 532
0077  0.795  0.905  0.907  0.708  0.903 528
0078  0.793  0.904  0.908  0.703  0.900 524
0079  0.787  0.900  0.902  0.697  0.897 523
0080  0.774  0.885  0.890  0.684  0.880 520
0081  0.779  0.893  0.899  0.687  0.887 517
0082  0.770  0.885  0.895  0.677  0.876 512
0083  0.765  0.882  0.890  0.671  0.875 510
0084  0.761  0.881  0.888  0.666  0.874 508
0085  0.764  0.885  0.892  0.668  0.879 507
0086  0.760  0.886  0.889  0.663  0.884 505
0087  0.766  0.898  0.897  0.669  0.899 505
0088  0.749  0.880  0.880  0.651  0.880 501
0089  0.746  0.880  0.881  0.647  0.880 497
0090  0.750  0.888  0.887  0.650  0.889 496
0091  0.741  0.880  0.879  0.641  0.882 494
0092  0.732  0.873  0.871  0.631  0.875 490
0093  0.733  0.878  0.875  0.631  0.880 488
0094  0.731  0.877  0.876  0.628  0.878 485
0095  0.723  0.870  0.869  0.619  0.871 482
0096  0.722  0.875  0.874  0.614  0.876 476
0097  0.700  0.851  0.841  0.600  0.862 483
0098  0.691  0.849  0.838  0.588  0.860 475
0099  0.688  0.849  0.835  0.585  0.863 474
0100  0.682  0.844  0.832  0.578  0.856 470
0101  0.677  0.840  0.830  0.572  0.851 466
0102  0.666  0.828  0.822  0.560  0.833 461
0103  0.659  0.820  0.820  0.551  0.820 455
0104  0.654  0.817  0.818  0.545  0.816 451
0105  0.651  0.820  0.819  0.541  0.821 447
0106  0.644  0.813  0.810  0.535  0.817 447
0107  0.642  0.817  0.809  0.532  0.826 445
0108  0.633  0.815  0.803  0.523  0.827 441
0109  0.630  0.811  0.800  0.520  0.822 440
0110  0.608  0.781  0.758  0.508  0.806 454
0111  0.601  0.780  0.756  0.499  0.805 447
0112  0.605  0.787  0.764  0.501  0.813 444
0113  0.590  0.771  0.748  0.487  0.795 441
0114  0.591  0.779  0.752  0.487  0.809 439
0115  0.585  0.772  0.744  0.482  0.801 438
0116  0.567  0.753  0.729  0.464  0.779 431
0117  0.560  0.754  0.725  0.456  0.784 426
0118  0.563  0.761  0.736  0.456  0.788 420
0119  0.543  0.738  0.714  0.439  0.763 416
0120  0.535  0.733  0.710  0.430  0.758 410
0121  0.522  0.723  0.700  0.417  0.748 403
0122  0.518  0.724  0.698  0.412  0.752 400
0123  0.509  0.720  0.691  0.403  0.752 395
0124  0.505  0.717  0.687  0.399  0.750 393
0125  0.498  0.714  0.680  0.393  0.751 391
0126  0.498  0.717  0.683  0.391  0.755 388
0127  0.483  0.699  0.667  0.378  0.736 384
0128  0.480  0.697  0.665  0.375  0.732 382
0129  0.482  0.703  0.671  0.377  0.739 380
0130  0.466  0.682  0.645  0.365  0.724 383
0131  0.451  0.669  0.630  0.352  0.713 378
0132  0.443  0.663  0.623  0.344  0.708 374
0133  0.436  0.654  0.616  0.337  0.697 370
0134  0.438  0.664  0.625  0.337  0.708 365
0135  0.432  0.663  0.618  0.332  0.714 364
0136  0.423  0.652  0.608  0.325  0.703 362
0137  0.419  0.650  0.606  0.321  0.700 358
0138  0.407  0.633  0.590  0.310  0.684 356
0139  0.405  0.633  0.590  0.309  0.683 354
0140  0.396  0.621  0.578  0.301  0.671 353
0141  0.398  0.624  0.581  0.303  0.674 353
0142  0.393  0.617  0.574  0.298  0.667 352
0143  0.401  0.632  0.589  0.304  0.682 350
0144  0.389  0.615  0.577  0.294  0.659 345
0145  0.382  0.605  0.567  0.288  0.648 344
0146  0.381  0.608  0.567  0.287  0.655 342
0147  0.363  0.582  0.546  0.272  0.624 337
0148  0.357  0.578  0.545  0.266  0.614 330
0149  0.350  0.569  0.535  0.260  0.607 329
0150  0.331  0.542  0.511  0.245  0.576 325
0151  0.327  0.541  0.508  0.241  0.578 321
0152  0.322  0.537  0.506  0.236  0.571 316
0153  0.309  0.517  0.483  0.227  0.556 319
0154  0.302  0.508  0.473  0.222  0.547 317
0155  0.300  0.511  0.473  0.220  0.556 315
0156  0.299  0.514  0.474  0.219  0.561 312
0157  0.299  0.519  0.482  0.217  0.563 305
0158  0.289  0.508  0.470  0.208  0.553 300
0159  0.283  0.501  0.463  0.204  0.545 298
0160  0.274  0.489  0.452  0.196  0.532 294
0161  0.276  0.498  0.456  0.198  0.549 294
0162  0.275  0.499  0.457  0.196  0.550 291
0163  0.271  0.497  0.458  0.192  0.544 284
0164  0.267  0.495  0.454  0.189  0.545 282
0165  0.254  0.474  0.433  0.180  0.524 282
0166  0.253  0.472  0.431  0.179  0.522 281
0167  0.254  0.476  0.437  0.179  0.524 277
0168  0.246  0.465  0.427  0.173  0.511 274
0169  0.240  0.457  0.418  0.168  0.504 273
0170  0.229  0.441  0.406  0.160  0.482 266
0171  0.221  0.427  0.392  0.154  0.468 265
0172  0.220  0.428  0.396  0.152  0.466 260
0173  0.206  0.400  0.365  0.143  0.443 266
0174  0.202  0.399  0.360  0.140  0.448 264
0175  0.198  0.394  0.355  0.137  0.443 262
0176  0.192  0.385  0.347  0.133  0.433 259
0177  0.186  0.381  0.340  0.129  0.433 256
0178  0.185  0.383  0.341  0.127  0.437 252
0179  0.173  0.363  0.321  0.118  0.417 249
0180  0.171  0.362  0.320  0.117  0.416 247
0181  0.171  0.363  0.321  0.117  0.418 246
0182  0.167  0.356  0.316  0.114  0.410 244
0183  0.162  0.345  0.299  0.111  0.408 251
0184  0.157  0.337  0.291  0.108  0.401 251
0185  0.158  0.340  0.293  0.108  0.403 249
0186  0.151  0.326  0.281  0.103  0.389 249
0187  0.151  0.329  0.282  0.103  0.393 248
0188  0.141  0.308  0.265  0.096  0.367 245
0189  0.131  0.289  0.250  0.089  0.343 240
0190  0.133  0.297  0.257  0.090  0.351 237
0191  0.127  0.287  0.247  0.086  0.343 235
0192  0.121  0.275  0.237  0.081  0.327 232
0193  0.115  0.262  0.226  0.077  0.311 230
0194  0.108  0.251  0.215  0.072  0.301 228
0195  0.102  0.240  0.207  0.068  0.286 222
0196  0.101  0.240  0.207  0.066  0.285 217
0197  0.101  0.241  0.207  0.066  0.288 217
0198  0.094  0.230  0.196  0.062  0.276 214
0199  0.092  0.228  0.195  0.061  0.275 210
0200  0.094  0.230  0.191  0.062  0.288 220
0201  0.087  0.216  0.180  0.058  0.271 217
0202  0.088  0.220  0.182  0.058  0.277 214
0203  0.083  0.212  0.174  0.055  0.272 213
0204  0.079  0.202  0.166  0.052  0.259 211
0205  0.077  0.201  0.165  0.050  0.256 206
0206  0.077  0.202  0.166  0.050  0.258 205
0207  0.073  0.192  0.157  0.047  0.246 204
0208  0.080  0.211  0.173  0.052  0.271 202
0209  0.075  0.201  0.165  0.049  0.258 200
0210  0.077  0.214  0.179  0.049  0.264 184
0211  0.079  0.221  0.187  0.050  0.272 182
0212  0.075  0.210  0.177  0.047  0.258 181
0213  0.068  0.193  0.162  0.043  0.238 179
0214  0.070  0.204  0.169  0.044  0.259 178
0215  0.068  0.201  0.166  0.043  0.254 175
0216  0.057  0.168  0.140  0.035  0.212 172
0217  0.059  0.175  0.145  0.037  0.221 172
0218  0.054  0.163  0.134  0.034  0.207 172
0219  0.059  0.177  0.145  0.037  0.225 172
0220  0.054  0.164  0.134  0.034  0.213 172
0221  0.057  0.174  0.142  0.035  0.224 169
0222  0.049  0.146  0.116  0.031  0.198 181
0223  0.044  0.133  0.106  0.028  0.181 180
0224  0.044  0.136  0.107  0.028  0.186 178
0225  0.045  0.139  0.109  0.028  0.190 174
0226  0.035  0.111  0.087  0.022  0.152 172
0227  0.035  0.113  0.088  0.022  0.156 170
0228  0.031  0.098  0.077  0.019  0.137 169
0229  0.031  0.099  0.077  0.019  0.138 168
0230  0.028  0.092  0.072  0.018  0.128 166
0231  0.028  0.093  0.072  0.018  0.129 166
0232  0.031  0.101  0.078  0.019  0.143 166
0233  0.029  0.094  0.073  0.018  0.132 165
0234  0.029  0.094  0.073  0.018  0.133 165
0235  0.029  0.096  0.074  0.018  0.135 162
0236  0.029  0.096  0.074  0.018  0.138 162
0237  0.029  0.096  0.074  0.018  0.138 162
0238  0.029  0.097  0.075  0.018  0.138 161
0239  0.029  0.098  0.075  0.018  0.140 160
0240  0.024  0.082  0.063  0.015  0.119 159
