# File: carpet/move_in Algorithm = FH-BRIEF-KLT  skip 8 tolerance = 5.0
# (time tick) ( F ) ( F all inside) (precision) (recall) (recall all inside) (tracks)
0008  0.975  0.976  0.992  0.959  0.960 654
0016  0.959  0.974  0.995  0.926  0.953 630
0024  0.952  0.978  0.994  0.913  0.963 622
0032  0.937  0.970  0.982  0.895  0.959 617
0040  0.927  0.967  0.983  0.876  0.952 603
0048  0.912  0.957  0.980  0.852  0.935 589
0056  0.886  0.948  0.965  0.818  0.931 574
0064  0.848  0.940  0.957  0.761  0.923 538
0072  0.836  0.944  0.951  0.746  0.937 531
0080  0.797  0.913  0.926  0.700  0.901 512
0088  0.786  0.925  0.935  0.678  0.916 491
0096  0.735  0.890  0.884  0.629  0.897 482
0104  0.696  0.868  0.862  0.583  0.874 458
0112  0.658  0.857  0.836  0.542  0.880 439
0120  0.585  0.801  0.776  0.470  0.828 410
0128  0.531  0.771  0.741  0.414  0.805 378
0136  0.448  0.690  0.648  0.343  0.739 358
0144  0.411  0.646  0.601  0.312  0.699 351
0152  0.354  0.584  0.539  0.263  0.636 330
0160  0.295  0.524  0.480  0.213  0.576 300
0168  0.264  0.495  0.447  0.188  0.555 284
0176  0.207  0.417  0.381  0.142  0.462 252
0184  0.173  0.379  0.336  0.117  0.434 235
0192  0.142  0.319  0.272  0.096  0.387 239
0200  0.098  0.242  0.202  0.065  0.301 218
0208  0.093  0.246  0.202  0.061  0.315 203
0216  0.074  0.213  0.170  0.047  0.283 188
0224  0.052  0.159  0.126  0.032  0.216 174
0232  0.038  0.125  0.097  0.024  0.176 165
0240  0.036  0.124  0.095  0.022  0.179 158
