# File: carpet/rotate Algorithm = FH-BRIEF-KLT  skip 4 tolerance = 5.0
# (time tick) ( F ) ( F all inside) (precision) (recall) (recall all inside) (tracks)
0004  0.986  0.986  0.993  0.980  0.980 579
0008  0.973  0.981  0.993  0.954  0.969 564
0012  0.960  0.975  0.998  0.925  0.953 544
0016  0.952  0.973  0.996  0.911  0.950 537
0020  0.952  0.977  0.991  0.917  0.964 543
0024  0.948  0.978  0.991  0.908  0.966 538
0028  0.939  0.975  0.987  0.896  0.963 533
0032  0.927  0.967  0.976  0.882  0.959 531
0036  0.916  0.960  0.968  0.869  0.951 527
0040  0.888  0.938  0.953  0.831  0.922 512
0044  0.857  0.922  0.928  0.796  0.916 503
0048  0.845  0.913  0.930  0.773  0.895 488
0052  0.832  0.907  0.920  0.760  0.896 485
0056  0.808  0.892  0.905  0.729  0.879 473
0060  0.774  0.860  0.874  0.695  0.846 467
0064  0.753  0.840  0.855  0.673  0.825 462
0068  0.722  0.810  0.828  0.641  0.793 454
0072  0.687  0.774  0.793  0.606  0.756 449
0076  0.676  0.763  0.780  0.596  0.746 449
0080  0.639  0.727  0.750  0.557  0.705 436
0084  0.609  0.694  0.719  0.528  0.671 431
0088  0.562  0.646  0.665  0.487  0.629 430
0092  0.575  0.646  0.652  0.514  0.640 463
0096  0.545  0.620  0.633  0.479  0.608 444
0100  0.527  0.605  0.625  0.455  0.586 427
0104  0.529  0.609  0.631  0.455  0.589 423
0108  0.532  0.600  0.609  0.472  0.592 455
0112  0.532  0.603  0.617  0.467  0.590 444
0116  0.535  0.609  0.624  0.468  0.595 441
0120  0.532  0.613  0.634  0.458  0.593 424
0124  0.552  0.637  0.660  0.475  0.616 423
0128  0.550  0.636  0.658  0.472  0.616 421
0132  0.546  0.634  0.655  0.468  0.614 420
0136  0.547  0.636  0.658  0.468  0.616 418
0140  0.556  0.643  0.649  0.487  0.638 441
0144  0.559  0.650  0.662  0.484  0.638 429
0148  0.559  0.654  0.666  0.482  0.643 425
0152  0.552  0.646  0.662  0.474  0.631 420
0156  0.543  0.639  0.657  0.463  0.622 414
0160  0.536  0.630  0.649  0.457  0.613 413
0164  0.545  0.643  0.666  0.462  0.622 407
0168  0.569  0.653  0.667  0.496  0.638 436
0172  0.569  0.660  0.678  0.491  0.643 425
0176  0.563  0.661  0.675  0.484  0.648 421
0180  0.563  0.661  0.680  0.480  0.643 415
0184  0.567  0.666  0.686  0.484  0.648 414
0188  0.553  0.651  0.669  0.472  0.634 414
0192  0.548  0.645  0.663  0.467  0.627 413
0196  0.562  0.661  0.680  0.479  0.643 413
