# File: carpet/skew Algorithm = FH-BRIEF-KLT  skip 1 tolerance = 5.0
# (time tick) ( F ) ( F all inside) (precision) (recall) (recall all inside) (tracks)
0001  0.997  0.997  0.997  0.997  0.997 657
0002  0.997  0.997  0.997  0.997  0.997 657
0003  0.998  0.998  0.998  0.998  0.998 657
0004  0.997  0.997  0.997  0.997  0.997 657
0005  0.995  0.995  0.995  0.995  0.995 657
0006  0.993  0.993  0.994  0.992  0.992 656
0007  0.992  0.992  0.994  0.991  0.991 655
0008  0.992  0.992  0.994  0.989  0.989 654
0009  0.991  0.992  0.994  0.988  0.989 653
0010  0.989  0.990  0.994  0.985  0.986 651
0011  0.986  0.988  0.992  0.980  0.983 649
0012  0.984  0.988  0.992  0.976  0.983 646
0013  0.983  0.988  0.992  0.974  0.983 645
0014  0.979  0.985  0.989  0.970  0.980 644
0015  0.981  0.987  0.992  0.970  0.982 642
0016  0.978  0.986  0.991  0.965  0.981 640
0017  0.975  0.984  0.989  0.962  0.978 639
0018  0.976  0.987  0.991  0.962  0.983 638
0019  0.973  0.984  0.991  0.956  0.978 634
0020  0.970  0.982  0.990  0.950  0.973 630
0021  0.962  0.976  0.987  0.938  0.966 624
0022  0.955  0.971  0.987  0.925  0.956 616
0023  0.949  0.972  0.984  0.916  0.960 612
0024  0.946  0.973  0.987  0.909  0.960 605
0025  0.944  0.979  0.988  0.904  0.971 601
0026  0.927  0.964  0.973  0.884  0.954 597
0027  0.922  0.961  0.971  0.877  0.950 593
0028  0.913  0.959  0.968  0.865  0.951 587
0029  0.916  0.966  0.976  0.863  0.956 581
0030  0.909  0.962  0.971  0.855  0.953 579
0031  0.900  0.956  0.962  0.845  0.950 577
0032  0.896  0.956  0.967  0.836  0.947 568
0033  0.892  0.957  0.968  0.826  0.946 561
0034  0.882  0.955  0.961  0.816  0.949 558
0035  0.885  0.964  0.964  0.817  0.964 557
0036  0.886  0.967  0.968  0.817  0.966 555
0037  0.876  0.956  0.965  0.802  0.948 546
0038  0.869  0.954  0.956  0.796  0.951 547
0039  0.859  0.948  0.950  0.784  0.947 542
0040  0.856  0.950  0.952  0.778  0.948 537
0041  0.852  0.949  0.951  0.772  0.948 533
0042  0.848  0.950  0.953  0.764  0.947 527
0043  0.842  0.948  0.948  0.756  0.948 524
0044  0.836  0.946  0.946  0.749  0.946 520
0045  0.832  0.943  0.946  0.743  0.940 516
0046  0.822  0.937  0.941  0.729  0.934 509
0047  0.816  0.936  0.940  0.720  0.931 503
0048  0.810  0.935  0.936  0.714  0.934 501
0049  0.810  0.943  0.940  0.712  0.945 498
0050  0.795  0.928  0.917  0.702  0.939 503
0051  0.790  0.927  0.918  0.694  0.936 497
0052  0.787  0.926  0.917  0.689  0.936 494
0053  0.782  0.924  0.913  0.683  0.935 492
0054  0.781  0.928  0.914  0.682  0.941 490
0055  0.774  0.923  0.911  0.673  0.934 485
0056  0.768  0.920  0.907  0.667  0.934 483
0057  0.762  0.917  0.902  0.659  0.933 480
0058  0.761  0.920  0.904  0.658  0.937 478
0059  0.752  0.914  0.899  0.647  0.930 473
0060  0.737  0.901  0.890  0.629  0.912 464
0061  0.714  0.882  0.852  0.615  0.914 474
0062  0.713  0.884  0.854  0.612  0.916 471
0063  0.693  0.867  0.837  0.592  0.900 465
0064  0.683  0.867  0.835  0.578  0.900 455
0065  0.679  0.866  0.837  0.571  0.897 448
0066  0.671  0.863  0.833  0.562  0.896 443
0067  0.664  0.862  0.833  0.553  0.894 436
0068  0.661  0.861  0.831  0.548  0.893 433
0069  0.651  0.853  0.828  0.536  0.880 425
0070  0.634  0.847  0.819  0.518  0.876 415
0071  0.623  0.847  0.823  0.501  0.873 400
0072  0.584  0.814  0.774  0.469  0.858 398
0073  0.586  0.822  0.780  0.469  0.870 395
0074  0.574  0.814  0.773  0.457  0.860 388
0075  0.553  0.794  0.757  0.435  0.836 378
0076  0.554  0.810  0.766  0.434  0.858 372
0077  0.531  0.789  0.745  0.412  0.839 364
0078  0.523  0.781  0.728  0.408  0.843 368
0079  0.513  0.774  0.720  0.399  0.837 364
0080  0.504  0.765  0.710  0.391  0.829 362
0081  0.494  0.751  0.697  0.382  0.815 360
0082  0.486  0.744  0.693  0.374  0.804 355
0083  0.477  0.736  0.686  0.365  0.795 350
0084  0.470  0.730  0.678  0.359  0.789 348
0085  0.460  0.723  0.673  0.350  0.782 342
0086  0.445  0.704  0.658  0.336  0.757 336
0087  0.430  0.683  0.625  0.327  0.752 344
0088  0.424  0.677  0.620  0.323  0.746 342
0089  0.419  0.675  0.613  0.318  0.752 341
0090  0.408  0.663  0.607  0.307  0.732 333
0091  0.401  0.658  0.598  0.301  0.731 331
0092  0.392  0.652  0.590  0.294  0.728 327
0093  0.395  0.661  0.597  0.295  0.740 325
0094  0.378  0.635  0.575  0.282  0.709 322
0095  0.372  0.628  0.571  0.275  0.699 317
0096  0.376  0.638  0.577  0.279  0.712 317
0097  0.364  0.624  0.568  0.268  0.693 310
0098  0.351  0.607  0.552  0.257  0.673 306
0099  0.338  0.591  0.535  0.247  0.661 303
0100  0.334  0.590  0.533  0.244  0.661 300
0101  0.321  0.573  0.517  0.233  0.643 296
0102  0.312  0.564  0.509  0.225  0.632 291
0103  0.316  0.575  0.521  0.227  0.642 286
0104  0.298  0.540  0.478  0.216  0.620 297
0105  0.297  0.542  0.480  0.215  0.624 294
0106  0.283  0.520  0.460  0.204  0.598 291
0107  0.283  0.523  0.462  0.204  0.604 290
0108  0.281  0.521  0.460  0.202  0.599 289
0109  0.271  0.506  0.446  0.195  0.584 287
0110  0.274  0.513  0.451  0.196  0.594 286
0111  0.266  0.502  0.440  0.190  0.584 284
0112  0.266  0.505  0.442  0.190  0.590 283
0113  0.248  0.474  0.417  0.177  0.550 278
0114  0.246  0.478  0.421  0.174  0.553 271
0115  0.238  0.466  0.405  0.169  0.550 274
0116  0.234  0.461  0.399  0.166  0.545 273
0117  0.233  0.463  0.401  0.164  0.545 269
0118  0.223  0.446  0.386  0.157  0.528 267
0119  0.230  0.465  0.400  0.161  0.555 265
0120  0.216  0.445  0.381  0.151  0.535 260
0121  0.206  0.431  0.370  0.143  0.516 254
0122  0.203  0.424  0.359  0.142  0.517 259
0123  0.199  0.419  0.355  0.139  0.511 256
0124  0.197  0.416  0.352  0.137  0.508 256
0125  0.191  0.405  0.344  0.132  0.492 253
0126  0.193  0.412  0.348  0.134  0.506 253
0127  0.191  0.409  0.345  0.132  0.503 252
0128  0.187  0.403  0.340  0.129  0.494 250
0129  0.190  0.408  0.344  0.131  0.500 250
0130  0.187  0.404  0.340  0.129  0.497 250
0131  0.185  0.401  0.336  0.128  0.497 250
0132  0.183  0.396  0.332  0.126  0.491 250
0133  0.190  0.412  0.345  0.131  0.512 249
0134  0.188  0.411  0.344  0.129  0.509 247
0135  0.184  0.403  0.339  0.126  0.497 245
0136  0.182  0.399  0.336  0.125  0.491 244
0137  0.180  0.396  0.332  0.123  0.491 244
0138  0.181  0.401  0.338  0.123  0.494 240
0139  0.183  0.408  0.343  0.125  0.503 239
0140  0.175  0.393  0.331  0.119  0.484 236
0141  0.177  0.395  0.327  0.122  0.500 245
0142  0.175  0.394  0.324  0.120  0.503 244
0143  0.172  0.390  0.321  0.117  0.497 240
0144  0.170  0.387  0.318  0.116  0.494 239
0145  0.163  0.373  0.307  0.111  0.477 238
0146  0.165  0.379  0.311  0.113  0.487 238
0147  0.159  0.364  0.298  0.108  0.467 238
0148  0.161  0.370  0.303  0.110  0.477 238
0149  0.159  0.367  0.301  0.108  0.470 236
0150  0.152  0.353  0.289  0.104  0.453 235
0151  0.148  0.347  0.283  0.100  0.449 233
0152  0.155  0.364  0.296  0.105  0.473 233
0153  0.151  0.359  0.294  0.102  0.462 228
0154  0.149  0.355  0.289  0.100  0.458 228
0155  0.149  0.355  0.289  0.100  0.458 228
0156  0.152  0.361  0.295  0.102  0.465 227
0157  0.149  0.356  0.291  0.100  0.458 227
0158  0.145  0.348  0.286  0.097  0.444 224
0159  0.148  0.354  0.290  0.099  0.455 224
0160  0.148  0.356  0.290  0.099  0.461 224
0161  0.141  0.341  0.277  0.094  0.443 224
0162  0.143  0.347  0.281  0.096  0.453 224
0163  0.143  0.348  0.281  0.096  0.457 224
0164  0.143  0.353  0.291  0.094  0.449 213
0165  0.140  0.349  0.286  0.093  0.445 213
0166  0.140  0.351  0.288  0.093  0.449 212
0167  0.134  0.334  0.275  0.088  0.426 211
0168  0.138  0.347  0.284  0.091  0.444 211
0169  0.136  0.343  0.281  0.090  0.440 210
0170  0.134  0.338  0.278  0.088  0.433 209
0171  0.132  0.332  0.273  0.087  0.425 209
0172  0.127  0.322  0.264  0.084  0.410 208
0173  0.127  0.322  0.264  0.084  0.410 208
0174  0.127  0.323  0.264  0.084  0.414 208
0175  0.132  0.334  0.274  0.087  0.429 208
0176  0.132  0.335  0.274  0.087  0.432 208
0177  0.129  0.329  0.269  0.085  0.424 208
0178  0.125  0.318  0.260  0.082  0.409 208
0179  0.127  0.324  0.266  0.084  0.417 207
0180  0.120  0.310  0.251  0.079  0.403 207
0181  0.123  0.318  0.260  0.081  0.411 204
0182  0.123  0.319  0.261  0.081  0.411 203
0183  0.126  0.325  0.266  0.082  0.419 203
0184  0.128  0.331  0.271  0.084  0.426 203
0185  0.123  0.319  0.261  0.081  0.411 203
0186  0.121  0.313  0.256  0.079  0.403 203
0187  0.123  0.319  0.261  0.081  0.411 203
0188  0.116  0.301  0.246  0.076  0.388 203
0189  0.121  0.313  0.256  0.079  0.403 203
0190  0.121  0.313  0.256  0.079  0.403 203
0191  0.119  0.307  0.251  0.078  0.395 203
0192  0.119  0.308  0.252  0.078  0.395 202
0193  0.121  0.316  0.260  0.079  0.403 200
0194  0.114  0.300  0.246  0.075  0.383 199
0195  0.114  0.302  0.246  0.075  0.392 199
0196  0.112  0.299  0.242  0.073  0.390 198
0197  0.105  0.269  0.209  0.070  0.377 220
0198  0.110  0.282  0.219  0.073  0.397 219
0199  0.103  0.267  0.206  0.068  0.378 218
0200  0.103  0.267  0.206  0.068  0.378 218
0201  0.105  0.273  0.211  0.070  0.387 218
0202  0.103  0.267  0.206  0.068  0.378 218
0203  0.101  0.261  0.202  0.067  0.370 218
0204  0.103  0.267  0.206  0.068  0.378 218
0205  0.105  0.273  0.211  0.070  0.387 218
0206  0.103  0.267  0.206  0.068  0.378 218
0207  0.107  0.279  0.216  0.072  0.395 218
0208  0.105  0.273  0.211  0.070  0.387 218
0209  0.103  0.269  0.208  0.068  0.381 216
