# File: carpet/move_in Algorithm = FH-BRIEF-KLT  skip 4 tolerance = 5.0
# (time tick) ( F ) ( F all inside) (precision) (recall) (recall all inside) (tracks)
0004  0.995  0.995  0.996  0.994  0.994 676
0008  0.989  0.990  0.993  0.985  0.987 672
0012  0.976  0.983  0.988  0.965  0.978 661
0016  0.974  0.988  0.992  0.956  0.983 652
0020  0.957  0.979  0.986  0.929  0.972 638
0024  0.956  0.982  0.989  0.925  0.975 633
0028  0.947  0.976  0.986  0.911  0.967 626
0032  0.944  0.978  0.989  0.903  0.967 618
0036  0.933  0.969  0.982  0.889  0.957 613
0040  0.927  0.968  0.979  0.880  0.957 609
0044  0.920  0.963  0.974  0.871  0.953 606
0048  0.915  0.960  0.972  0.864  0.948 602
0052  0.891  0.947  0.967  0.826  0.927 578
0056  0.875  0.938  0.958  0.805  0.919 569
0060  0.856  0.932  0.935  0.789  0.930 571
0064  0.845  0.932  0.934  0.771  0.930 559
0068  0.835  0.933  0.931  0.756  0.935 550
0072  0.829  0.932  0.930  0.747  0.933 544
0076  0.823  0.935  0.933  0.737  0.938 535
0080  0.803  0.916  0.918  0.713  0.914 526
0084  0.785  0.906  0.904  0.694  0.909 520
0088  0.775  0.909  0.899  0.681  0.920 513
0092  0.753  0.897  0.886  0.654  0.908 500
0096  0.739  0.895  0.886  0.634  0.903 484
0100  0.714  0.882  0.867  0.607  0.897 474
0104  0.688  0.857  0.850  0.578  0.865 460
0108  0.668  0.858  0.836  0.557  0.881 451
0112  0.645  0.841  0.822  0.530  0.861 437
0116  0.610  0.810  0.781  0.501  0.841 434
0120  0.570  0.780  0.754  0.458  0.807 411
0124  0.541  0.767  0.729  0.430  0.808 399
0128  0.515  0.746  0.706  0.405  0.790 388
0132  0.466  0.698  0.662  0.359  0.739 367
0136  0.450  0.694  0.651  0.344  0.744 358
0140  0.424  0.666  0.621  0.322  0.717 351
0144  0.398  0.627  0.585  0.301  0.675 349
0148  0.379  0.610  0.570  0.284  0.655 337
0152  0.344  0.566  0.519  0.257  0.621 335
0156  0.311  0.535  0.494  0.227  0.583 312
0160  0.292  0.519  0.475  0.211  0.572 301
0164  0.274  0.504  0.454  0.196  0.566 293
0168  0.264  0.494  0.446  0.188  0.555 285
0172  0.218  0.422  0.386  0.152  0.466 267
0176  0.200  0.403  0.368  0.137  0.447 253
0180  0.172  0.364  0.324  0.117  0.416 244
0184  0.159  0.338  0.289  0.109  0.407 256
0188  0.143  0.309  0.265  0.097  0.371 249
0192  0.123  0.278  0.238  0.083  0.333 235
0196  0.109  0.255  0.217  0.072  0.310 226
0200  0.089  0.220  0.184  0.059  0.274 217
0204  0.084  0.212  0.170  0.056  0.281 223
0208  0.081  0.210  0.168  0.053  0.279 214
0212  0.072  0.192  0.153  0.047  0.258 209
0216  0.060  0.174  0.140  0.038  0.230 186
0220  0.063  0.185  0.147  0.040  0.250 184
0224  0.049  0.151  0.119  0.031  0.206 176
0228  0.037  0.116  0.089  0.024  0.168 180
0232  0.033  0.106  0.080  0.021  0.154 174
0236  0.036  0.118  0.089  0.022  0.172 168
0240  0.029  0.099  0.076  0.018  0.143 158
