# File: carpet/rotate Algorithm = FH-BRIEF-KLT  skip 1 tolerance = 5.0
# (time tick) ( F ) ( F all inside) (precision) (recall) (recall all inside) (tracks)
0001  1.000  1.000  1.000  1.000  1.000 587
0002  1.000  1.000  1.000  1.000  1.000 587
0003  1.000  1.000  1.000  1.000  1.000 587
0004  0.996  0.996  0.998  0.993  0.993 584
0005  0.995  0.995  1.000  0.990  0.990 581
0006  0.991  0.994  0.998  0.985  0.990 579
0007  0.989  0.993  0.998  0.980  0.988 576
0008  0.987  0.995  0.998  0.976  0.991 574
0009  0.983  0.991  0.998  0.968  0.984 569
0010  0.982  0.995  0.998  0.966  0.991 568
0011  0.979  0.994  0.998  0.961  0.989 565
0012  0.978  0.994  0.998  0.959  0.989 564
0013  0.977  0.994  0.998  0.957  0.989 563
0014  0.973  0.991  0.996  0.951  0.986 560
0015  0.969  0.988  0.996  0.944  0.981 556
0016  0.968  0.990  0.996  0.942  0.984 555
0017  0.968  0.991  0.996  0.942  0.986 555
0018  0.967  0.991  0.996  0.939  0.986 553
0019  0.966  0.991  0.996  0.937  0.986 552
0020  0.960  0.986  0.996  0.927  0.977 546
0021  0.959  0.985  0.995  0.925  0.975 546
0022  0.958  0.987  0.996  0.923  0.978 544
0023  0.955  0.986  0.994  0.918  0.978 542
0024  0.956  0.987  0.996  0.918  0.978 541
0025  0.948  0.981  0.991  0.910  0.971 539
0026  0.945  0.979  0.987  0.906  0.971 539
0027  0.944  0.981  0.989  0.903  0.972 536
0028  0.941  0.978  0.987  0.899  0.969 535
0029  0.945  0.983  0.991  0.903  0.976 535
0030  0.942  0.981  0.989  0.899  0.972 534
0031  0.936  0.977  0.980  0.896  0.974 537
0032  0.935  0.977  0.979  0.894  0.974 536
0033  0.936  0.978  0.981  0.894  0.974 535
0034  0.930  0.973  0.976  0.889  0.970 535
0035  0.921  0.964  0.966  0.879  0.963 534
0036  0.921  0.966  0.968  0.879  0.964 533
0037  0.915  0.961  0.966  0.869  0.957 528
0038  0.900  0.946  0.954  0.852  0.938 524
0039  0.904  0.952  0.960  0.853  0.944 522
0040  0.894  0.944  0.950  0.843  0.938 521
0041  0.883  0.938  0.944  0.830  0.933 516
0042  0.879  0.939  0.947  0.819  0.932 508
0043  0.871  0.933  0.941  0.811  0.926 506
0044  0.871  0.938  0.942  0.809  0.933 504
0045  0.861  0.928  0.932  0.799  0.923 503
0046  0.859  0.927  0.934  0.796  0.919 500
0047  0.855  0.923  0.932  0.790  0.915 498
0048  0.851  0.920  0.929  0.785  0.911 496
0049  0.856  0.932  0.935  0.789  0.928 495
0050  0.845  0.920  0.927  0.777  0.914 492
0051  0.839  0.914  0.922  0.770  0.906 490
0052  0.831  0.906  0.902  0.770  0.909 501
0053  0.821  0.898  0.895  0.758  0.901 497
0054  0.813  0.893  0.890  0.748  0.896 493
0055  0.815  0.898  0.896  0.748  0.900 490
0056  0.813  0.898  0.894  0.746  0.901 490
0057  0.812  0.899  0.892  0.744  0.907 490
0058  0.804  0.892  0.885  0.736  0.898 488
0059  0.800  0.888  0.881  0.733  0.894 488
0060  0.798  0.885  0.881  0.729  0.890 486
0061  0.790  0.879  0.874  0.721  0.885 484
0062  0.790  0.880  0.876  0.719  0.885 482
0063  0.788  0.879  0.875  0.717  0.883 481
0064  0.777  0.866  0.863  0.707  0.870 481
0065  0.761  0.849  0.846  0.692  0.853 480
0066  0.760  0.849  0.846  0.690  0.853 479
0067  0.754  0.845  0.839  0.685  0.850 479
0068  0.750  0.840  0.835  0.681  0.846 479
0069  0.754  0.845  0.839  0.685  0.852 479
0070  0.736  0.825  0.821  0.666  0.828 476
0071  0.733  0.822  0.819  0.663  0.824 475
0072  0.716  0.804  0.802  0.647  0.807 474
0073  0.717  0.805  0.803  0.647  0.807 473
0074  0.706  0.793  0.791  0.637  0.796 473
0075  0.701  0.788  0.786  0.632  0.789 472
0076  0.701  0.789  0.786  0.632  0.791 472
0077  0.693  0.782  0.779  0.624  0.785 470
0078  0.684  0.773  0.771  0.615  0.775 468
0079  0.674  0.763  0.760  0.605  0.767 467
0080  0.678  0.769  0.766  0.608  0.771 466
0081  0.675  0.766  0.763  0.605  0.768 465
0082  0.652  0.741  0.738  0.584  0.744 465
0083  0.656  0.745  0.742  0.588  0.748 465
0084  0.644  0.732  0.730  0.576  0.733 463
0085  0.622  0.707  0.706  0.555  0.709 462
0086  0.618  0.704  0.705  0.550  0.704 458
0087  0.617  0.706  0.706  0.549  0.706 456
0088  0.629  0.705  0.701  0.571  0.709 478
0089  0.627  0.704  0.700  0.567  0.708 476
0090  0.620  0.698  0.693  0.560  0.704 475
0091  0.625  0.704  0.700  0.564  0.708 473
0092  0.607  0.686  0.682  0.547  0.691 471
0093  0.604  0.685  0.679  0.543  0.692 470
0094  0.600  0.681  0.674  0.540  0.688 470
0095  0.593  0.673  0.670  0.532  0.676 466
0096  0.583  0.665  0.661  0.521  0.668 463
0097  0.568  0.648  0.644  0.508  0.653 463
0098  0.558  0.638  0.636  0.497  0.639 459
0099  0.562  0.644  0.644  0.499  0.644 455
0100  0.560  0.643  0.642  0.497  0.645 455
0101  0.559  0.642  0.640  0.496  0.644 455
0102  0.535  0.615  0.614  0.474  0.616 453
0103  0.554  0.637  0.636  0.491  0.639 453
0104  0.552  0.636  0.635  0.489  0.637 452
0105  0.534  0.615  0.614  0.472  0.615 451
0106  0.541  0.623  0.624  0.477  0.622 449
0107  0.528  0.608  0.611  0.465  0.606 447
0108  0.539  0.624  0.625  0.474  0.623 445
0109  0.539  0.625  0.626  0.474  0.624 444
0110  0.530  0.614  0.615  0.465  0.614 444
0111  0.539  0.626  0.626  0.474  0.626 444
0112  0.528  0.612  0.613  0.463  0.612 444
0113  0.545  0.634  0.633  0.479  0.634 444
0114  0.553  0.643  0.642  0.486  0.644 444
0115  0.539  0.627  0.626  0.474  0.627 444
0116  0.533  0.620  0.619  0.468  0.620 444
0117  0.549  0.638  0.637  0.482  0.639 444
0118  0.551  0.641  0.640  0.484  0.642 444
0119  0.563  0.654  0.653  0.494  0.656 444
0120  0.563  0.654  0.653  0.494  0.656 444
0121  0.570  0.664  0.662  0.501  0.665 444
0122  0.576  0.671  0.669  0.506  0.672 444
0123  0.582  0.677  0.676  0.511  0.679 444
0124  0.580  0.675  0.673  0.509  0.677 444
0125  0.576  0.671  0.669  0.506  0.672 444
0126  0.578  0.673  0.671  0.508  0.675 444
0127  0.578  0.673  0.671  0.508  0.675 444
0128  0.584  0.680  0.678  0.513  0.682 444
0129  0.582  0.677  0.676  0.511  0.679 444
0130  0.580  0.675  0.673  0.509  0.677 444
0131  0.594  0.691  0.689  0.521  0.693 444
0132  0.582  0.677  0.676  0.511  0.679 444
0133  0.584  0.680  0.678  0.513  0.682 444
0134  0.577  0.672  0.670  0.506  0.675 443
0135  0.575  0.671  0.670  0.504  0.672 442
0136  0.585  0.682  0.681  0.513  0.684 442
0137  0.583  0.680  0.679  0.511  0.682 442
0138  0.574  0.671  0.669  0.503  0.672 441
0139  0.576  0.675  0.673  0.504  0.677 440
0140  0.577  0.676  0.674  0.504  0.677 439
0141  0.575  0.673  0.672  0.503  0.675 439
0142  0.580  0.680  0.678  0.506  0.682 438
0143  0.583  0.686  0.683  0.509  0.689 438
0144  0.574  0.675  0.673  0.501  0.677 437
0145  0.573  0.673  0.672  0.499  0.675 436
0146  0.571  0.673  0.671  0.497  0.675 435
0147  0.575  0.678  0.676  0.501  0.679 435
0148  0.568  0.669  0.667  0.494  0.672 435
0149  0.590  0.683  0.678  0.523  0.689 453
0150  0.585  0.676  0.671  0.518  0.682 453
0151  0.577  0.667  0.662  0.511  0.672 453
0152  0.575  0.665  0.660  0.509  0.670 453
0153  0.591  0.684  0.679  0.523  0.689 452
0154  0.585  0.677  0.673  0.518  0.682 452
0155  0.593  0.686  0.681  0.525  0.691 452
0156  0.588  0.680  0.676  0.520  0.684 451
0157  0.586  0.678  0.674  0.518  0.682 451
0158  0.584  0.676  0.673  0.516  0.679 450
0159  0.589  0.682  0.679  0.520  0.684 449
0160  0.584  0.675  0.674  0.514  0.677 448
0161  0.586  0.678  0.676  0.516  0.679 448
0162  0.578  0.669  0.667  0.509  0.670 448
0163  0.587  0.680  0.679  0.518  0.682 448
0164  0.596  0.690  0.689  0.525  0.691 447
0165  0.592  0.685  0.685  0.521  0.686 447
0166  0.596  0.692  0.691  0.525  0.693 446
0167  0.597  0.694  0.694  0.525  0.693 444
0168  0.596  0.691  0.691  0.523  0.691 444
0169  0.604  0.701  0.702  0.530  0.700 443
0170  0.612  0.711  0.713  0.537  0.710 442
0171  0.612  0.711  0.713  0.537  0.710 442
0172  0.615  0.717  0.717  0.538  0.717 441
0173  0.622  0.727  0.727  0.543  0.726 439
0174  0.608  0.710  0.711  0.532  0.710 439
0175  0.609  0.712  0.712  0.532  0.712 438
0176  0.613  0.717  0.717  0.535  0.717 438
0177  0.619  0.724  0.724  0.540  0.724 438
0178  0.615  0.719  0.719  0.537  0.719 438
0179  0.609  0.712  0.712  0.532  0.712 438
0180  0.605  0.708  0.708  0.528  0.708 438
0181  0.603  0.705  0.705  0.526  0.705 438
0182  0.617  0.722  0.721  0.538  0.722 438
0183  0.613  0.717  0.717  0.535  0.717 438
0184  0.609  0.713  0.712  0.532  0.715 438
0185  0.615  0.721  0.721  0.537  0.722 437
0186  0.615  0.721  0.721  0.537  0.722 437
0187  0.614  0.720  0.720  0.535  0.719 436
0188  0.608  0.713  0.713  0.530  0.712 436
0189  0.609  0.714  0.715  0.530  0.712 435
0190  0.605  0.709  0.710  0.526  0.708 435
0191  0.603  0.707  0.710  0.525  0.705 434
0192  0.603  0.707  0.710  0.525  0.705 434
0193  0.611  0.717  0.719  0.532  0.715 434
0194  0.601  0.705  0.707  0.523  0.703 434
0195  0.597  0.700  0.703  0.520  0.698 434
0196  0.597  0.700  0.703  0.520  0.698 434
0197  0.592  0.693  0.696  0.514  0.691 434
0198  0.588  0.689  0.691  0.511  0.686 434
0199  0.597  0.700  0.703  0.520  0.698 434
