# File: carpet/move_out Algorithm = FH-BRIEF-KLT  skip 1 tolerance = 5.0
# (time tick) ( F ) ( F all inside) (precision) (recall) (recall all inside) (tracks)
0001  1.000  1.000  1.000  1.000  1.000 565
0002  1.000  1.000  1.000  1.000  1.000 565
0003  1.000  1.000  1.000  1.000  1.000 565
0004  1.000  1.000  1.000  1.000  1.000 565
0005  1.000  1.000  1.000  1.000  1.000 565
0006  1.000  1.000  1.000  1.000  1.000 565
0007  1.000  1.000  1.000  1.000  1.000 565
0008  1.000  1.000  1.000  1.000  1.000 565
0009  1.000  1.000  1.000  1.000  1.000 565
0010  1.000  1.000  1.000  1.000  1.000 565
0011  1.000  1.000  1.000  1.000  1.000 565
0012  1.000  1.000  1.000  1.000  1.000 565
0013  1.000  1.000  1.000  1.000  1.000 565
0014  1.000  1.000  1.000  1.000  1.000 565
0015  1.000  1.000  1.000  1.000  1.000 565
0016  1.000  1.000  1.000  1.000  1.000 565
0017  1.000  1.000  1.000  1.000  1.000 565
0018  1.000  1.000  1.000  1.000  1.000 565
0019  1.000  1.000  1.000  1.000  1.000 565
0020  1.000  1.000  1.000  1.000  1.000 565
0021  1.000  1.000  1.000  1.000  1.000 565
0022  1.000  1.000  1.000  1.000  1.000 565
0023  1.000  1.000  1.000  1.000  1.000 565
0024  1.000  1.000  1.000  1.000  1.000 565
0025  1.000  1.000  1.000  1.000  1.000 565
0026  1.000  1.000  1.000  1.000  1.000 565
0027  1.000  1.000  1.000  1.000  1.000 565
0028  1.000  1.000  1.000  1.000  1.000 565
0029  1.000  1.000  1.000  1.000  1.000 565
0030  1.000  1.000  1.000  1.000  1.000 565
0031  1.000  1.000  1.000  1.000  1.000 565
0032  1.000  1.000  1.000  1.000  1.000 565
0033  1.000  1.000  1.000  1.000  1.000 565
0034  1.000  1.000  1.000  1.000  1.000 565
0035  1.000  1.000  1.000  1.000  1.000 565
0036  1.000  1.000  1.000  1.000  1.000 565
0037  1.000  1.000  1.000  1.000  1.000 565
0038  1.000  1.000  1.000  1.000  1.000 565
0039  1.000  1.000  1.000  1.000  1.000 565
0040  1.000  1.000  1.000  1.000  1.000 565
0041  1.000  1.000  1.000  1.000  1.000 565
0042  1.000  1.000  1.000  1.000  1.000 565
0043  1.000  1.000  1.000  1.000  1.000 565
0044  1.000  1.000  1.000  1.000  1.000 565
0045  1.000  1.000  1.000  1.000  1.000 565
0046  1.000  1.000  1.000  1.000  1.000 565
0047  1.000  1.000  1.000  1.000  1.000 565
0048  1.000  1.000  1.000  1.000  1.000 565
0049  1.000  1.000  1.000  1.000  1.000 565
0050  1.000  1.000  1.000  1.000  1.000 565
0051  1.000  1.000  1.000  1.000  1.000 565
0052  1.000  1.000  1.000  1.000  1.000 565
0053  1.000  1.000  1.000  1.000  1.000 565
0054  1.000  1.000  1.000  1.000  1.000 565
0055  1.000  1.000  1.000  1.000  1.000 565
0056  1.000  1.000  1.000  1.000  1.000 565
0057  1.000  1.000  1.000  1.000  1.000 565
0058  1.000  1.000  1.000  1.000  1.000 565
0059  1.000  1.000  1.000  1.000  1.000 565
0060  1.000  1.000  1.000  1.000  1.000 565
0061  1.000  1.000  1.000  1.000  1.000 565
0062  1.000  1.000  1.000  1.000  1.000 565
0063  1.000  1.000  1.000  1.000  1.000 565
0064  1.000  1.000  1.000  1.000  1.000 565
0065  1.000  1.000  1.000  1.000  1.000 565
0066  1.000  1.000  1.000  1.000  1.000 565
0067  1.000  1.000  1.000  1.000  1.000 565
0068  1.000  1.000  1.000  1.000  1.000 565
0069  1.000  1.000  1.000  1.000  1.000 565
0070  1.000  1.000  1.000  1.000  1.000 565
0071  1.000  1.000  1.000  1.000  1.000 565
0072  1.000  1.000  1.000  1.000  1.000 565
0073  1.000  1.000  1.000  1.000  1.000 565
0074  1.000  1.000  1.000  1.000  1.000 565
0075  1.000  1.000  1.000  1.000  1.000 565
0076  1.000  1.000  1.000  1.000  1.000 565
0077  1.000  1.000  1.000  1.000  1.000 565
0078  1.000  1.000  1.000  1.000  1.000 565
0079  1.000  1.000  1.000  1.000  1.000 565
0080  1.000  1.000  1.000  1.000  1.000 565
0081  1.000  1.000  1.000  1.000  1.000 565
0082  1.000  1.000  1.000  1.000  1.000 565
0083  1.000  1.000  1.000  1.000  1.000 565
0084  1.000  1.000  1.000  1.000  1.000 565
0085  1.000  1.000  1.000  1.000  1.000 565
0086  1.000  1.000  1.000  1.000  1.000 565
0087  1.000  1.000  1.000  1.000  1.000 565
0088  0.998  0.998  0.998  0.998  0.998 565
0089  0.998  0.998  0.998  0.998  0.998 565
0090  0.996  0.996  0.996  0.996  0.996 565
0091  0.998  0.998  0.998  0.998  0.998 565
0092  0.998  0.998  0.998  0.998  0.998 565
0093  1.000  1.000  1.000  1.000  1.000 565
0094  0.996  0.996  0.996  0.996  0.996 565
0095  0.998  0.998  0.998  0.998  0.998 565
0096  0.996  0.996  0.996  0.996  0.996 565
0097  0.996  0.996  0.996  0.996  0.996 565
0098  0.998  0.998  0.998  0.998  0.998 565
0099  0.998  0.998  0.998  0.998  0.998 565
0100  0.996  0.996  0.996  0.996  0.996 565
0101  0.996  0.996  0.996  0.996  0.996 565
0102  0.995  0.995  0.995  0.995  0.995 565
0103  0.996  0.996  0.996  0.996  0.996 565
0104  0.995  0.995  0.995  0.995  0.995 565
0105  0.995  0.995  0.995  0.995  0.995 565
0106  0.995  0.995  0.995  0.995  0.995 565
0107  0.995  0.995  0.995  0.995  0.995 565
0108  0.995  0.995  0.995  0.995  0.995 565
0109  0.995  0.995  0.995  0.995  0.995 565
0110  0.995  0.995  0.995  0.995  0.995 565
0111  0.995  0.995  0.995  0.995  0.995 565
0112  0.995  0.995  0.995  0.995  0.995 565
0113  0.995  0.995  0.995  0.995  0.995 565
0114  0.995  0.995  0.995  0.995  0.995 565
0115  0.995  0.995  0.995  0.995  0.995 565
0116  0.995  0.995  0.995  0.995  0.995 565
0117  0.995  0.995  0.995  0.995  0.995 565
0118  0.995  0.995  0.995  0.995  0.995 565
0119  0.993  0.993  0.993  0.993  0.993 565
0120  0.991  0.991  0.991  0.991  0.991 565
0121  0.991  0.991  0.991  0.991  0.991 565
0122  0.993  0.993  0.993  0.993  0.993 565
0123  0.993  0.993  0.993  0.993  0.993 565
0124  0.989  0.989  0.989  0.989  0.989 565
0125  0.989  0.989  0.989  0.989  0.989 565
0126  0.988  0.988  0.988  0.988  0.988 565
0127  0.989  0.989  0.989  0.989  0.989 565
0128  0.988  0.988  0.988  0.988  0.988 565
0129  0.988  0.988  0.988  0.988  0.988 565
0130  0.986  0.986  0.986  0.986  0.986 565
0131  0.986  0.986  0.986  0.986  0.986 565
0132  0.986  0.986  0.986  0.986  0.986 565
0133  0.981  0.981  0.981  0.981  0.981 565
0134  0.981  0.981  0.981  0.981  0.981 565
0135  0.977  0.977  0.977  0.977  0.977 565
0136  0.977  0.977  0.977  0.977  0.977 565
0137  0.977  0.977  0.977  0.977  0.977 565
0138  0.977  0.977  0.977  0.977  0.977 565
0139  0.977  0.977  0.977  0.977  0.977 565
0140  0.979  0.979  0.979  0.979  0.979 565
0141  0.975  0.975  0.975  0.975  0.975 565
0142  0.979  0.979  0.979  0.979  0.979 565
0143  0.968  0.968  0.968  0.968  0.968 565
0144  0.972  0.972  0.972  0.972  0.972 565
0145  0.975  0.975  0.975  0.975  0.975 565
0146  0.966  0.966  0.966  0.966  0.966 565
0147  0.968  0.968  0.968  0.968  0.968 565
0148  0.966  0.966  0.966  0.966  0.966 565
0149  0.963  0.963  0.963  0.963  0.963 565
0150  0.968  0.968  0.968  0.968  0.968 565
0151  0.959  0.959  0.959  0.959  0.959 565
0152  0.963  0.963  0.963  0.963  0.963 565
0153  0.961  0.961  0.961  0.961  0.961 565
0154  0.965  0.965  0.965  0.965  0.965 565
0155  0.961  0.961  0.961  0.961  0.961 565
0156  0.956  0.956  0.956  0.956  0.956 565
0157  0.959  0.959  0.959  0.959  0.959 565
0158  0.959  0.959  0.959  0.959  0.959 565
0159  0.959  0.959  0.959  0.959  0.959 565
0160  0.958  0.958  0.958  0.958  0.958 565
0161  0.958  0.958  0.958  0.958  0.958 565
0162  0.959  0.959  0.959  0.959  0.959 565
0163  0.958  0.958  0.958  0.958  0.958 565
0164  0.950  0.950  0.950  0.950  0.950 565
0165  0.959  0.959  0.959  0.959  0.959 565
0166  0.947  0.947  0.947  0.947  0.947 565
0167  0.952  0.952  0.952  0.952  0.952 565
0168  0.956  0.956  0.956  0.956  0.956 565
0169  0.943  0.943  0.943  0.943  0.943 565
0170  0.947  0.947  0.947  0.947  0.947 565
0171  0.949  0.949  0.949  0.949  0.949 565
0172  0.952  0.952  0.952  0.952  0.952 565
0173  0.949  0.949  0.949  0.949  0.949 565
0174  0.947  0.947  0.947  0.947  0.947 565
0175  0.943  0.943  0.943  0.943  0.943 565
0176  0.942  0.942  0.942  0.942  0.942 565
0177  0.943  0.943  0.943  0.943  0.943 565
0178  0.943  0.943  0.943  0.943  0.943 565
0179  0.942  0.942  0.942  0.942  0.942 565
0180  0.942  0.942  0.942  0.942  0.942 565
0181  0.942  0.942  0.942  0.942  0.942 565
0182  0.943  0.943  0.943  0.943  0.943 565
0183  0.943  0.943  0.943  0.943  0.943 565
0184  0.938  0.938  0.938  0.938  0.938 565
0185  0.936  0.936  0.936  0.936  0.936 565
0186  0.933  0.933  0.933  0.933  0.933 565
0187  0.935  0.935  0.935  0.935  0.935 565
0188  0.935  0.935  0.935  0.935  0.935 565
0189  0.938  0.938  0.938  0.938  0.938 565
0190  0.936  0.936  0.936  0.936  0.936 565
0191  0.933  0.933  0.933  0.933  0.933 565
0192  0.933  0.933  0.933  0.933  0.933 565
0193  0.935  0.935  0.935  0.935  0.935 565
0194  0.927  0.927  0.927  0.927  0.927 565
0195  0.927  0.927  0.927  0.927  0.927 565
0196  0.929  0.929  0.929  0.929  0.929 565
0197  0.935  0.935  0.935  0.935  0.935 565
0198  0.933  0.933  0.933  0.933  0.933 565
0199  0.927  0.927  0.927  0.927  0.927 565
0200  0.933  0.933  0.933  0.933  0.933 565
0201  0.929  0.929  0.929  0.929  0.929 565
0202  0.927  0.927  0.927  0.927  0.927 565
0203  0.922  0.922  0.922  0.922  0.922 565
0204  0.931  0.931  0.931  0.931  0.931 565
0205  0.926  0.926  0.926  0.926  0.926 565
0206  0.927  0.927  0.927  0.927  0.927 565
0207  0.929  0.929  0.929  0.929  0.929 565
0208  0.935  0.935  0.935  0.935  0.935 565
0209  0.929  0.929  0.929  0.929  0.929 565
0210  0.927  0.927  0.927  0.927  0.927 565
0211  0.926  0.926  0.926  0.926  0.926 565
0212  0.927  0.927  0.927  0.927  0.927 565
0213  0.917  0.917  0.917  0.917  0.917 565
0214  0.924  0.924  0.924  0.924  0.924 565
0215  0.915  0.915  0.915  0.915  0.915 565
0216  0.920  0.920  0.920  0.920  0.920 565
0217  0.922  0.922  0.922  0.922  0.922 565
0218  0.922  0.922  0.922  0.922  0.922 565
0219  0.919  0.919  0.919  0.919  0.919 565
0220  0.920  0.920  0.920  0.920  0.920 565
0221  0.922  0.922  0.922  0.922  0.922 565
0222  0.919  0.919  0.919  0.919  0.919 565
0223  0.920  0.920  0.920  0.920  0.920 565
0224  0.920  0.920  0.920  0.920  0.920 565
0225  0.924  0.924  0.924  0.924  0.924 565
0226  0.919  0.919  0.919  0.919  0.919 565
0227  0.922  0.922  0.922  0.922  0.922 565
0228  0.917  0.917  0.917  0.917  0.917 565
0229  0.912  0.912  0.912  0.912  0.912 565
0230  0.919  0.919  0.919  0.919  0.919 565
