# File: carpet/move_out Algorithm = FH-BRIEF-KLT  skip 4 tolerance = 5.0
# (time tick) ( F ) ( F all inside) (precision) (recall) (recall all inside) (tracks)
0004  0.997  0.997  1.000  0.995  0.995 562
0008  0.997  0.997  1.000  0.995  0.995 562
0012  0.997  0.997  1.000  0.995  0.995 562
0016  0.997  0.997  1.000  0.995  0.995 562
0020  0.997  0.997  1.000  0.995  0.995 562
0024  0.997  0.997  1.000  0.995  0.995 562
0028  0.997  0.997  1.000  0.995  0.995 562
0032  0.997  0.997  1.000  0.995  0.995 562
0036  0.997  0.997  1.000  0.995  0.995 562
0040  0.997  0.997  1.000  0.995  0.995 562
0044  0.997  0.997  1.000  0.995  0.995 562
0048  0.997  0.997  1.000  0.995  0.995 562
0052  0.996  0.996  0.998  0.993  0.993 562
0056  0.996  0.996  0.998  0.993  0.993 562
0060  0.996  0.996  0.998  0.993  0.993 562
0064  0.996  0.996  0.998  0.993  0.993 562
0068  0.994  0.994  0.996  0.991  0.991 562
0072  0.994  0.994  0.996  0.991  0.991 562
0076  0.994  0.994  0.996  0.991  0.991 562
0080  0.996  0.996  0.998  0.993  0.993 562
0084  0.994  0.994  0.996  0.991  0.991 562
0088  0.992  0.992  0.995  0.989  0.989 562
0092  0.994  0.994  0.996  0.991  0.991 562
0096  0.994  0.994  0.996  0.991  0.991 562
0100  0.994  0.994  0.996  0.991  0.991 562
0104  0.994  0.994  0.996  0.991  0.991 562
0108  0.990  0.990  0.993  0.988  0.988 562
0112  0.988  0.988  0.991  0.986  0.986 562
0116  0.988  0.988  0.991  0.986  0.986 562
0120  0.987  0.987  0.989  0.984  0.984 562
0124  0.983  0.983  0.986  0.981  0.981 562
0128  0.981  0.981  0.984  0.979  0.979 562
0132  0.980  0.980  0.982  0.977  0.977 562
0136  0.972  0.972  0.975  0.970  0.970 562
0140  0.969  0.969  0.972  0.966  0.966 562
0144  0.965  0.965  0.968  0.963  0.963 562
0148  0.965  0.965  0.968  0.963  0.963 562
0152  0.964  0.964  0.966  0.961  0.961 562
0156  0.958  0.958  0.961  0.956  0.956 562
0160  0.960  0.960  0.963  0.958  0.958 562
0164  0.949  0.949  0.952  0.947  0.947 562
0168  0.953  0.953  0.956  0.950  0.950 562
0172  0.946  0.946  0.948  0.943  0.943 562
0176  0.942  0.942  0.945  0.940  0.940 562
0180  0.941  0.941  0.943  0.938  0.938 562
0184  0.942  0.942  0.945  0.940  0.940 562
0188  0.937  0.937  0.940  0.935  0.935 562
0192  0.941  0.941  0.943  0.938  0.938 562
0196  0.933  0.933  0.936  0.931  0.931 562
0200  0.933  0.933  0.936  0.931  0.931 562
0204  0.928  0.928  0.931  0.926  0.926 562
0208  0.930  0.930  0.932  0.927  0.927 562
0212  0.930  0.930  0.932  0.927  0.927 562
0216  0.926  0.926  0.929  0.924  0.924 562
0220  0.926  0.926  0.929  0.924  0.924 562
0224  0.917  0.917  0.920  0.915  0.915 562
0228  0.917  0.917  0.920  0.915  0.915 562
