# File: carpet/rotate Algorithm = FH-BRIEF-KLT  skip 8 tolerance = 5.0
# (time tick) ( F ) ( F all inside) (precision) (recall) (recall all inside) (tracks)
0008  0.961  0.968  0.989  0.934  0.948 554
0016  0.908  0.929  0.973  0.852  0.888 514
0024  0.885  0.915  0.973  0.811  0.862 489
0032  0.860  0.899  0.954  0.782  0.850 481
0040  0.840  0.888  0.932  0.765  0.849 482
0048  0.791  0.856  0.900  0.705  0.817 460
0056  0.761  0.843  0.887  0.666  0.803 441
0064  0.680  0.763  0.827  0.578  0.708 410
0072  0.597  0.676  0.765  0.489  0.606 375
0080  0.559  0.634  0.720  0.457  0.566 372
0088  0.562  0.631  0.697  0.470  0.577 396
0096  0.574  0.641  0.705  0.484  0.588 403
0104  0.601  0.683  0.741  0.506  0.634 401
0112  0.589  0.672  0.732  0.492  0.621 395
0120  0.587  0.679  0.751  0.482  0.619 377
0128  0.564  0.666  0.747  0.453  0.600 356
0136  0.563  0.666  0.752  0.450  0.598 351
0144  0.507  0.591  0.696  0.399  0.513 336
0152  0.453  0.520  0.650  0.348  0.433 314
0160  0.481  0.554  0.689  0.370  0.464 315
0168  0.524  0.607  0.748  0.404  0.511 317
0176  0.576  0.662  0.781  0.457  0.574 343
0184  0.658  0.713  0.839  0.542  0.621 379
0192  0.737  0.778  0.882  0.634  0.696 422
