# File: bricks/move_out Algorithm = FH-SURF  skip 1 tolerance = 5.0
# (time tick) ( F ) ( F all inside) (precision) (recall) (recall all inside) (tracks)
0001  0.866  0.866  0.982  0.774  0.774 436
0002  0.845  0.845  0.976  0.745  0.745 422
0003  0.818  0.818  0.968  0.709  0.709 405
0004  0.793  0.793  0.959  0.676  0.676 390
0005  0.772  0.772  0.955  0.647  0.647 375
0006  0.748  0.748  0.935  0.624  0.624 369
0007  0.701  0.701  0.921  0.566  0.566 340
0008  0.698  0.698  0.931  0.559  0.559 332
0009  0.664  0.664  0.906  0.524  0.524 320
0010  0.661  0.661  0.895  0.524  0.524 324
0011  0.621  0.621  0.883  0.479  0.479 300
0012  0.588  0.588  0.847  0.450  0.450 294
0013  0.555  0.555  0.820  0.420  0.420 283
0014  0.549  0.549  0.837  0.409  0.409 270
0015  0.534  0.534  0.812  0.398  0.398 271
0016  0.517  0.517  0.778  0.387  0.387 275
0017  0.494  0.494  0.778  0.362  0.362 257
0018  0.485  0.485  0.766  0.354  0.354 256
0019  0.470  0.470  0.773  0.338  0.338 242
0020  0.479  0.479  0.771  0.347  0.347 249
0021  0.478  0.478  0.768  0.347  0.347 250
0022  0.464  0.464  0.784  0.329  0.329 232
0023  0.463  0.463  0.772  0.331  0.331 237
0024  0.463  0.463  0.760  0.333  0.333 242
0025  0.444  0.444  0.745  0.316  0.316 235
0026  0.436  0.436  0.749  0.307  0.307 227
0027  0.422  0.422  0.729  0.297  0.297 225
0028  0.426  0.426  0.747  0.298  0.298 221
0029  0.397  0.397  0.694  0.278  0.278 222
0030  0.389  0.389  0.700  0.269  0.269 213
0031  0.366  0.366  0.657  0.253  0.253 213
0032  0.355  0.355  0.679  0.241  0.241 196
0033  0.351  0.351  0.675  0.237  0.237 194
0034  0.334  0.334  0.703  0.219  0.219 172
0035  0.315  0.315  0.630  0.210  0.210 184
0036  0.289  0.289  0.589  0.192  0.192 180
0037  0.287  0.287  0.590  0.190  0.190 178
0038  0.283  0.283  0.559  0.190  0.190 188
0039  0.256  0.256  0.538  0.168  0.168 173
0040  0.273  0.273  0.579  0.179  0.179 171
0041  0.287  0.287  0.570  0.192  0.192 186
0042  0.263  0.263  0.559  0.172  0.172 170
0043  0.259  0.259  0.547  0.170  0.170 172
0044  0.258  0.258  0.519  0.172  0.172 183
0045  0.243  0.243  0.515  0.159  0.159 171
0046  0.227  0.227  0.485  0.148  0.148 169
0047  0.237  0.237  0.518  0.154  0.154 164
0048  0.231  0.231  0.522  0.148  0.148 157
0049  0.223  0.223  0.485  0.145  0.145 165
0050  0.218  0.218  0.497  0.139  0.139 155
0051  0.221  0.221  0.488  0.143  0.143 162
0052  0.223  0.223  0.482  0.145  0.145 166
0053  0.215  0.215  0.470  0.139  0.139 164
0054  0.224  0.224  0.516  0.143  0.143 153
0055  0.220  0.220  0.500  0.141  0.141 156
0056  0.196  0.196  0.457  0.125  0.125 151
0057  0.190  0.190  0.441  0.121  0.121 152
0058  0.189  0.189  0.432  0.121  0.121 155
0059  0.168  0.168  0.373  0.108  0.108 161
0060  0.190  0.190  0.438  0.121  0.121 153
0061  0.183  0.183  0.411  0.118  0.118 158
0062  0.167  0.167  0.386  0.107  0.107 153
0063  0.163  0.163  0.388  0.103  0.103 147
0064  0.171  0.171  0.381  0.110  0.110 160
0065  0.146  0.146  0.379  0.090  0.090 132
0066  0.165  0.165  0.384  0.105  0.105 151
0067  0.152  0.152  0.366  0.096  0.096 145
0068  0.135  0.135  0.333  0.085  0.085 141
0069  0.155  0.155  0.375  0.098  0.098 144
0070  0.159  0.159  0.371  0.101  0.101 151
0071  0.159  0.159  0.393  0.099  0.099 140
0072  0.156  0.156  0.359  0.099  0.099 153
0073  0.138  0.138  0.333  0.087  0.087 144
0074  0.137  0.137  0.329  0.087  0.087 146
0075  0.127  0.127  0.310  0.080  0.080 142
0076  0.129  0.129  0.317  0.081  0.081 142
0077  0.132  0.132  0.324  0.083  0.083 142
0078  0.137  0.137  0.324  0.087  0.087 148
0079  0.118  0.118  0.293  0.074  0.074 140
0080  0.125  0.125  0.319  0.078  0.078 135
0081  0.114  0.114  0.298  0.071  0.071 131
0082  0.135  0.135  0.326  0.085  0.085 144
0083  0.123  0.123  0.321  0.076  0.076 131
0084  0.121  0.121  0.292  0.076  0.076 144
0085  0.122  0.122  0.307  0.076  0.076 137
0086  0.126  0.126  0.326  0.078  0.078 132
0087  0.122  0.122  0.304  0.076  0.076 138
0088  0.122  0.122  0.311  0.076  0.076 135
0089  0.117  0.117  0.281  0.074  0.074 146
0090  0.119  0.119  0.297  0.074  0.074 138
0091  0.122  0.122  0.313  0.076  0.076 134
0092  0.115  0.115  0.305  0.071  0.071 128
0093  0.105  0.105  0.277  0.065  0.065 130
0094  0.105  0.105  0.273  0.065  0.065 132
0095  0.103  0.103  0.271  0.063  0.063 129
0096  0.111  0.111  0.286  0.069  0.069 133
0097  0.108  0.108  0.274  0.067  0.067 135
0098  0.095  0.095  0.231  0.060  0.060 143
0099  0.105  0.105  0.269  0.065  0.065 134
0100  0.089  0.089  0.246  0.054  0.054 122
0101  0.099  0.099  0.250  0.061  0.061 136
0102  0.099  0.099  0.256  0.061  0.061 133
0103  0.097  0.097  0.262  0.060  0.060 126
0104  0.099  0.099  0.254  0.061  0.061 134
0105  0.101  0.101  0.248  0.063  0.063 141
0106  0.107  0.107  0.266  0.067  0.067 139
0107  0.097  0.097  0.262  0.060  0.060 126
0108  0.093  0.093  0.234  0.058  0.058 137
0109  0.083  0.083  0.228  0.051  0.051 123
0110  0.085  0.085  0.227  0.052  0.052 128
0111  0.079  0.079  0.208  0.049  0.049 130
0112  0.093  0.093  0.232  0.058  0.058 138
0113  0.077  0.077  0.213  0.047  0.047 122
0114  0.071  0.071  0.200  0.043  0.043 120
0115  0.074  0.074  0.203  0.045  0.045 123
0116  0.071  0.071  0.189  0.043  0.043 127
0117  0.073  0.073  0.188  0.045  0.045 133
0118  0.068  0.068  0.180  0.042  0.042 128
0119  0.073  0.073  0.184  0.045  0.045 136
0120  0.070  0.070  0.178  0.043  0.043 135
0121  0.067  0.067  0.176  0.042  0.042 131
0122  0.065  0.065  0.173  0.040  0.040 127
0123  0.067  0.067  0.176  0.042  0.042 131
0124  0.076  0.076  0.197  0.047  0.047 132
0125  0.070  0.070  0.178  0.043  0.043 135
0126  0.084  0.084  0.215  0.052  0.052 135
0127  0.070  0.070  0.183  0.043  0.043 131
0128  0.061  0.061  0.150  0.038  0.038 140
0129  0.068  0.068  0.180  0.042  0.042 128
0130  0.070  0.070  0.183  0.043  0.043 131
0131  0.058  0.058  0.152  0.036  0.036 132
0132  0.068  0.068  0.189  0.042  0.042 122
0133  0.065  0.065  0.177  0.040  0.040 124
0134  0.064  0.064  0.165  0.040  0.040 133
0135  0.065  0.065  0.176  0.040  0.040 125
0136  0.068  0.068  0.185  0.042  0.042 124
0137  0.068  0.068  0.184  0.042  0.042 125
0138  0.065  0.065  0.176  0.040  0.040 125
0139  0.065  0.065  0.175  0.040  0.040 126
0140  0.069  0.069  0.200  0.042  0.042 115
0141  0.070  0.070  0.180  0.043  0.043 133
0142  0.069  0.069  0.198  0.042  0.042 116
0143  0.071  0.071  0.197  0.043  0.043 122
0144  0.071  0.071  0.190  0.043  0.043 126
0145  0.072  0.072  0.212  0.043  0.043 113
0146  0.069  0.069  0.197  0.042  0.042 117
0147  0.072  0.072  0.212  0.043  0.043 113
0148  0.069  0.069  0.200  0.042  0.042 115
0149  0.066  0.066  0.191  0.040  0.040 115
0150  0.072  0.072  0.207  0.043  0.043 116
0151  0.066  0.066  0.202  0.040  0.040 109
0152  0.065  0.065  0.183  0.040  0.040 120
0153  0.061  0.061  0.187  0.036  0.036 107
0154  0.068  0.068  0.193  0.042  0.042 119
0155  0.066  0.066  0.191  0.040  0.040 115
0156  0.063  0.063  0.183  0.038  0.038 115
0157  0.057  0.057  0.160  0.034  0.034 119
0158  0.063  0.063  0.176  0.038  0.038 119
0159  0.057  0.057  0.164  0.034  0.034 116
0160  0.049  0.049  0.151  0.029  0.029 106
0161  0.042  0.042  0.120  0.025  0.025 117
0162  0.055  0.055  0.168  0.033  0.033 107
0163  0.046  0.046  0.147  0.027  0.027 102
0164  0.049  0.049  0.155  0.029  0.029 103
0165  0.052  0.052  0.167  0.031  0.031 102
0166  0.048  0.048  0.145  0.029  0.029 110
0167  0.048  0.048  0.142  0.029  0.029 113
0168  0.049  0.049  0.152  0.029  0.029 105
0169  0.046  0.046  0.144  0.027  0.027 104
0170  0.047  0.047  0.163  0.027  0.027 92
0171  0.043  0.043  0.144  0.025  0.025 97
0172  0.045  0.045  0.140  0.027  0.027 107
0173  0.046  0.046  0.155  0.027  0.027 97
