# File: bricks/rotate Algorithm = FH-SURF  skip 8 tolerance = 5.0
# (time tick) ( F ) ( F all inside) (precision) (recall) (recall all inside) (tracks)
0008  0.786  0.801  0.948  0.671  0.694 362
0016  0.601  0.632  0.833  0.470  0.509 288
0024  0.534  0.583  0.768  0.409  0.470 272
0032  0.497  0.558  0.764  0.368  0.439 246
0040  0.544  0.617  0.788  0.415  0.507 269
0048  0.645  0.748  0.860  0.517  0.661 307
0056  0.617  0.715  0.857  0.481  0.614 287
0064  0.636  0.737  0.876  0.499  0.635 291
0072  0.619  0.729  0.850  0.487  0.639 293
0080  0.491  0.573  0.737  0.368  0.468 255
0088  0.497  0.579  0.726  0.378  0.482 266
0096  0.533  0.602  0.773  0.407  0.493 269
0104  0.753  0.815  0.944  0.626  0.717 339
0112  0.808  0.831  0.957  0.699  0.734 373
0120  0.804  0.810  0.954  0.695  0.704 372
