# File: bricks/move_out Algorithm = FH-SURF  skip 4 tolerance = 5.0
# (time tick) ( F ) ( F all inside) (precision) (recall) (recall all inside) (tracks)
0004  0.793  0.793  0.959  0.676  0.676 390
0008  0.698  0.698  0.931  0.559  0.559 332
0012  0.588  0.588  0.847  0.450  0.450 294
0016  0.517  0.517  0.778  0.387  0.387 275
0020  0.479  0.479  0.771  0.347  0.347 249
0024  0.463  0.463  0.760  0.333  0.333 242
0028  0.426  0.426  0.747  0.298  0.298 221
0032  0.355  0.355  0.679  0.241  0.241 196
0036  0.289  0.289  0.589  0.192  0.192 180
0040  0.273  0.273  0.579  0.179  0.179 171
0044  0.258  0.258  0.519  0.172  0.172 183
0048  0.231  0.231  0.522  0.148  0.148 157
0052  0.223  0.223  0.482  0.145  0.145 166
0056  0.196  0.196  0.457  0.125  0.125 151
0060  0.190  0.190  0.438  0.121  0.121 153
0064  0.171  0.171  0.381  0.110  0.110 160
0068  0.135  0.135  0.333  0.085  0.085 141
0072  0.156  0.156  0.359  0.099  0.099 153
0076  0.129  0.129  0.317  0.081  0.081 142
0080  0.125  0.125  0.319  0.078  0.078 135
0084  0.121  0.121  0.292  0.076  0.076 144
0088  0.122  0.122  0.311  0.076  0.076 135
0092  0.115  0.115  0.305  0.071  0.071 128
0096  0.111  0.111  0.286  0.069  0.069 133
0100  0.089  0.089  0.246  0.054  0.054 122
0104  0.099  0.099  0.254  0.061  0.061 134
0108  0.093  0.093  0.234  0.058  0.058 137
0112  0.093  0.093  0.232  0.058  0.058 138
0116  0.071  0.071  0.189  0.043  0.043 127
0120  0.070  0.070  0.178  0.043  0.043 135
0124  0.076  0.076  0.197  0.047  0.047 132
0128  0.061  0.061  0.150  0.038  0.038 140
0132  0.068  0.068  0.189  0.042  0.042 122
0136  0.068  0.068  0.185  0.042  0.042 124
0140  0.069  0.069  0.200  0.042  0.042 115
0144  0.071  0.071  0.190  0.043  0.043 126
0148  0.069  0.069  0.200  0.042  0.042 115
0152  0.065  0.065  0.183  0.040  0.040 120
0156  0.063  0.063  0.183  0.038  0.038 115
0160  0.049  0.049  0.151  0.029  0.029 106
0164  0.049  0.049  0.155  0.029  0.029 103
0168  0.049  0.049  0.152  0.029  0.029 105
0172  0.045  0.045  0.140  0.027  0.027 107
