# File: bricks/move_in Algorithm = FH-SURF  skip 4 tolerance = 5.0
# (time tick) ( F ) ( F all inside) (precision) (recall) (recall all inside) (tracks)
0004  0.863  0.863  0.968  0.778  0.778 441
0008  0.859  0.859  0.986  0.761  0.761 424
0012  0.824  0.824  0.968  0.718  0.718 407
0016  0.800  0.807  0.955  0.689  0.699 396
0020  0.766  0.783  0.956  0.639  0.664 367
0024  0.739  0.763  0.954  0.603  0.635 347
0028  0.704  0.733  0.910  0.574  0.613 346
0032  0.698  0.735  0.917  0.563  0.613 337
0036  0.663  0.704  0.884  0.530  0.584 329
0040  0.643  0.686  0.875  0.508  0.565 319
0044  0.650  0.701  0.895  0.510  0.576 313
0048  0.624  0.677  0.875  0.485  0.552 304
0052  0.624  0.689  0.895  0.479  0.561 294
0056  0.594  0.665  0.867  0.452  0.539 286
0060  0.580  0.651  0.849  0.441  0.527 285
0064  0.568  0.640  0.845  0.428  0.515 278
0068  0.558  0.634  0.836  0.419  0.511 275
0072  0.530  0.610  0.812  0.393  0.489 266
0076  0.546  0.634  0.827  0.408  0.514 271
0080  0.542  0.634  0.837  0.401  0.510 263
0084  0.525  0.623  0.819  0.386  0.502 259
0088  0.520  0.630  0.829  0.379  0.509 251
0092  0.502  0.622  0.776  0.372  0.519 263
0096  0.506  0.641  0.802  0.370  0.534 253
0100  0.485  0.630  0.781  0.352  0.527 247
0104  0.512  0.670  0.813  0.373  0.570 252
0108  0.482  0.641  0.786  0.348  0.541 243
0112  0.479  0.641  0.788  0.344  0.540 240
0116  0.469  0.632  0.771  0.337  0.536 240
0120  0.447  0.607  0.736  0.321  0.516 239
0124  0.435  0.609  0.766  0.304  0.506 218
0128  0.420  0.603  0.764  0.290  0.498 208
0132  0.412  0.602  0.734  0.286  0.510 214
0136  0.383  0.573  0.697  0.264  0.487 208
0140  0.382  0.579  0.702  0.262  0.493 205
0144  0.352  0.552  0.684  0.237  0.463 190
0148  0.341  0.551  0.676  0.228  0.465 185
0152  0.328  0.560  0.672  0.217  0.480 177
0156  0.287  0.511  0.634  0.186  0.429 161
0160  0.266  0.483  0.576  0.173  0.417 165
0164  0.250  0.472  0.571  0.160  0.402 154
0168  0.245  0.478  0.558  0.157  0.417 154
0172  0.236  0.481  0.566  0.149  0.418 145
0176  0.219  0.441  0.481  0.142  0.406 162
0180  0.205  0.430  0.497  0.129  0.380 143
0184  0.202  0.427  0.483  0.128  0.383 145
0188  0.207  0.446  0.497  0.131  0.404 145
0192  0.181  0.421  0.484  0.111  0.372 126
0196  0.165  0.406  0.470  0.100  0.357 117
0200  0.136  0.342  0.398  0.082  0.300 113
0204  0.120  0.309  0.339  0.073  0.284 118
0208  0.100  0.272  0.303  0.060  0.246 109
0212  0.097  0.268  0.288  0.058  0.250 111
0216  0.104  0.291  0.315  0.062  0.270 108
0220  0.105  0.303  0.304  0.064  0.302 115
0224  0.074  0.232  0.233  0.044  0.231 103
0228  0.068  0.234  0.216  0.040  0.256 102
0232  0.056  0.218  0.198  0.033  0.243 91
0236  0.038  0.161  0.148  0.022  0.176 81
0240  0.044  0.192  0.167  0.026  0.226 84
0244  0.032  0.147  0.118  0.018  0.196 85
0248  0.032  0.163  0.127  0.018  0.227 79
0252  0.016  0.086  0.068  0.009  0.119 74
0256  0.013  0.071  0.053  0.007  0.108 76
0260  0.010  0.055  0.039  0.005  0.088 76
0264  0.010  0.058  0.043  0.005  0.088 70
