# File: bricks/move_in Algorithm = FH-SURF  skip 1 tolerance = 5.0
# (time tick) ( F ) ( F all inside) (precision) (recall) (recall all inside) (tracks)
0001  0.900  0.900  0.991  0.823  0.823 456
0002  0.884  0.884  0.982  0.803  0.803 449
0003  0.869  0.869  0.979  0.781  0.781 438
0004  0.863  0.863  0.968  0.778  0.778 441
0005  0.855  0.855  0.974  0.761  0.761 429
0006  0.847  0.847  0.976  0.749  0.749 421
0007  0.867  0.867  0.969  0.785  0.785 445
0008  0.859  0.859  0.986  0.761  0.761 424
0009  0.860  0.860  0.981  0.765  0.765 428
0010  0.868  0.868  0.988  0.774  0.774 430
0011  0.836  0.836  0.962  0.740  0.740 422
0012  0.824  0.824  0.968  0.718  0.718 407
0013  0.827  0.828  0.964  0.725  0.726 413
0014  0.833  0.835  0.969  0.730  0.733 414
0015  0.825  0.832  0.978  0.714  0.725 401
0016  0.800  0.807  0.955  0.689  0.699 396
0017  0.804  0.812  0.955  0.694  0.706 399
0018  0.786  0.797  0.976  0.658  0.674 370
0019  0.774  0.786  0.955  0.650  0.669 374
0020  0.766  0.783  0.956  0.639  0.664 367
0021  0.752  0.773  0.947  0.623  0.653 361
0022  0.738  0.760  0.938  0.608  0.639 356
0023  0.748  0.772  0.937  0.623  0.656 365
0024  0.739  0.763  0.954  0.603  0.635 347
0025  0.721  0.747  0.944  0.583  0.618 339
0026  0.725  0.755  0.937  0.592  0.632 347
0027  0.728  0.758  0.945  0.592  0.634 344
0028  0.704  0.733  0.910  0.574  0.614 346
0029  0.697  0.728  0.925  0.559  0.601 332
0030  0.713  0.748  0.935  0.576  0.623 338
0031  0.689  0.726  0.908  0.556  0.605 336
0032  0.698  0.735  0.917  0.563  0.613 337
0033  0.679  0.717  0.922  0.537  0.586 320
0034  0.667  0.707  0.891  0.534  0.586 329
0035  0.660  0.700  0.913  0.517  0.568 311
0036  0.663  0.704  0.884  0.530  0.584 329
0037  0.681  0.724  0.899  0.548  0.607 335
0038  0.656  0.699  0.891  0.519  0.575 320
0039  0.658  0.701  0.881  0.525  0.582 327
0040  0.643  0.686  0.875  0.508  0.565 319
0041  0.659  0.706  0.907  0.517  0.578 313
0042  0.654  0.700  0.888  0.517  0.578 320
0043  0.644  0.692  0.883  0.506  0.570 315
0044  0.650  0.701  0.895  0.510  0.576 313
0045  0.647  0.700  0.894  0.506  0.576 311
0046  0.637  0.691  0.881  0.499  0.568 311
0047  0.644  0.699  0.907  0.499  0.568 302
0048  0.624  0.677  0.875  0.485  0.552 304
0049  0.622  0.678  0.880  0.481  0.551 300
0050  0.606  0.665  0.873  0.464  0.537 292
0051  0.599  0.660  0.863  0.459  0.534 292
0052  0.624  0.689  0.895  0.479  0.561 294
0053  0.624  0.690  0.883  0.483  0.566 300
0054  0.613  0.680  0.886  0.468  0.552 290
0055  0.597  0.667  0.865  0.455  0.542 289
0056  0.594  0.665  0.867  0.452  0.539 286
0057  0.600  0.673  0.895  0.452  0.539 277
0058  0.590  0.660  0.869  0.446  0.533 282
0059  0.574  0.643  0.836  0.437  0.523 287
0060  0.580  0.651  0.849  0.441  0.527 285
0061  0.566  0.637  0.850  0.424  0.510 274
0062  0.563  0.634  0.858  0.419  0.503 268
0063  0.561  0.633  0.858  0.417  0.501 267
0064  0.568  0.640  0.845  0.428  0.515 278
0065  0.554  0.624  0.838  0.413  0.498 271
0066  0.563  0.637  0.844  0.423  0.512 275
0067  0.575  0.652  0.868  0.430  0.522 272
0068  0.558  0.634  0.836  0.419  0.511 275
0069  0.547  0.624  0.853  0.403  0.492 259
0070  0.549  0.626  0.845  0.406  0.498 264
0071  0.539  0.616  0.824  0.401  0.492 267
0072  0.530  0.610  0.812  0.393  0.489 266
0073  0.522  0.602  0.798  0.388  0.483 267
0074  0.540  0.625  0.822  0.403  0.505 269
0075  0.503  0.584  0.795  0.368  0.461 254
0076  0.546  0.634  0.827  0.408  0.514 271
0077  0.526  0.611  0.808  0.390  0.491 265
0078  0.542  0.629  0.814  0.406  0.513 274
0079  0.539  0.628  0.821  0.401  0.508 268
0080  0.542  0.634  0.837  0.401  0.510 263
0081  0.527  0.621  0.831  0.386  0.495 255
0082  0.519  0.611  0.805  0.383  0.493 261
0083  0.496  0.587  0.775  0.364  0.472 258
0084  0.525  0.624  0.819  0.386  0.504 259
0085  0.499  0.596  0.782  0.366  0.481 257
0086  0.514  0.614  0.805  0.377  0.496 257
0087  0.503  0.607  0.810  0.364  0.485 247
0088  0.520  0.631  0.829  0.379  0.510 251
0089  0.516  0.632  0.809  0.379  0.519 257
0090  0.522  0.641  0.815  0.384  0.529 259
0091  0.521  0.644  0.817  0.383  0.532 257
0092  0.502  0.623  0.776  0.372  0.520 263
0093  0.514  0.643  0.805  0.377  0.535 257
0094  0.515  0.648  0.806  0.379  0.542 258
0095  0.511  0.646  0.829  0.370  0.530 245
0096  0.506  0.642  0.802  0.370  0.536 253
0097  0.501  0.639  0.800  0.364  0.532 250
0098  0.500  0.642  0.797  0.364  0.538 251
0099  0.480  0.620  0.746  0.353  0.530 260
0100  0.485  0.631  0.781  0.352  0.529 247
0101  0.494  0.646  0.794  0.359  0.544 248
0102  0.476  0.623  0.771  0.344  0.522 245
0103  0.491  0.649  0.824  0.350  0.535 233
0104  0.512  0.671  0.813  0.373  0.571 252
0105  0.484  0.638  0.775  0.352  0.542 249
0106  0.473  0.628  0.773  0.341  0.528 242
0107  0.487  0.646  0.774  0.355  0.554 252
0108  0.482  0.642  0.786  0.348  0.543 243
0109  0.476  0.633  0.763  0.346  0.541 249
0110  0.486  0.647  0.776  0.353  0.554 250
0111  0.482  0.645  0.786  0.348  0.547 243
0112  0.479  0.642  0.788  0.344  0.542 240
0113  0.475  0.638  0.786  0.341  0.537 238
0114  0.468  0.629  0.773  0.335  0.530 238
0115  0.483  0.652  0.798  0.346  0.551 238
0116  0.469  0.634  0.771  0.337  0.538 240
0117  0.464  0.629  0.766  0.333  0.534 239
0118  0.457  0.618  0.745  0.330  0.528 243
0119  0.458  0.626  0.781  0.324  0.522 228
0120  0.447  0.608  0.736  0.321  0.518 239
0121  0.451  0.616  0.759  0.321  0.519 232
0122  0.444  0.612  0.764  0.313  0.510 225
0123  0.464  0.644  0.803  0.326  0.538 223
0124  0.435  0.609  0.766  0.304  0.506 218
0125  0.439  0.616  0.756  0.310  0.520 225
0126  0.427  0.604  0.740  0.301  0.511 223
0127  0.446  0.636  0.784  0.311  0.534 218
0128  0.420  0.603  0.764  0.290  0.498 208
0129  0.426  0.611  0.733  0.301  0.524 225
0130  0.425  0.613  0.748  0.297  0.519 218
0131  0.415  0.603  0.745  0.288  0.506 212
0132  0.412  0.602  0.734  0.286  0.510 214
0133  0.409  0.601  0.732  0.284  0.510 213
0134  0.385  0.569  0.695  0.266  0.482 210
0135  0.392  0.582  0.706  0.271  0.495 211
0136  0.383  0.573  0.697  0.264  0.487 208
0137  0.390  0.587  0.717  0.268  0.497 205
0138  0.385  0.582  0.720  0.262  0.488 200
0139  0.364  0.552  0.683  0.248  0.463 199
0140  0.382  0.579  0.702  0.262  0.493 205
0141  0.370  0.571  0.731  0.248  0.469 186
0142  0.368  0.567  0.703  0.250  0.476 195
0143  0.349  0.548  0.692  0.233  0.454 185
0144  0.352  0.552  0.684  0.237  0.463 190
0145  0.355  0.564  0.710  0.237  0.468 183
0146  0.346  0.555  0.683  0.231  0.467 186
0147  0.349  0.557  0.667  0.237  0.478 195
0148  0.341  0.552  0.676  0.228  0.466 185
0149  0.333  0.550  0.663  0.222  0.469 184
0150  0.322  0.540  0.661  0.213  0.457 177
0151  0.327  0.555  0.682  0.215  0.468 173
0152  0.328  0.561  0.672  0.217  0.482 177
0153  0.325  0.561  0.667  0.215  0.484 177
0154  0.303  0.524  0.621  0.200  0.453 177
0155  0.300  0.522  0.616  0.199  0.452 177
0156  0.287  0.513  0.634  0.186  0.430 161
0157  0.288  0.511  0.620  0.188  0.435 166
0158  0.296  0.527  0.631  0.193  0.453 168
0159  0.274  0.496  0.610  0.177  0.418 159
0160  0.266  0.483  0.576  0.173  0.417 165
0161  0.267  0.492  0.610  0.171  0.412 154
0162  0.252  0.467  0.567  0.162  0.397 157
0163  0.255  0.477  0.593  0.162  0.399 150
0164  0.250  0.472  0.571  0.160  0.402 154
0165  0.245  0.466  0.558  0.157  0.400 154
0166  0.259  0.501  0.595  0.166  0.433 153
0167  0.251  0.482  0.553  0.162  0.428 161
0168  0.245  0.478  0.558  0.157  0.417 154
0169  0.241  0.476  0.548  0.155  0.421 155
0170  0.237  0.464  0.522  0.153  0.418 161
0171  0.251  0.497  0.560  0.162  0.447 159
0172  0.236  0.482  0.566  0.149  0.421 145
0173  0.226  0.458  0.523  0.144  0.407 151
0174  0.227  0.460  0.513  0.146  0.417 156
0175  0.223  0.451  0.500  0.144  0.411 158
0176  0.219  0.442  0.481  0.142  0.408 162
0177  0.212  0.445  0.525  0.133  0.386 139
0178  0.225  0.462  0.516  0.144  0.418 153
0179  0.213  0.446  0.510  0.135  0.396 145
0180  0.205  0.432  0.497  0.129  0.382 143
0181  0.203  0.425  0.477  0.129  0.384 149
0182  0.211  0.449  0.514  0.133  0.399 142
0183  0.223  0.481  0.567  0.138  0.418 134
0184  0.202  0.428  0.483  0.128  0.385 145
0185  0.209  0.454  0.538  0.129  0.392 132
0186  0.188  0.408  0.461  0.118  0.365 141
0187  0.187  0.414  0.500  0.115  0.354 126
0188  0.207  0.446  0.497  0.131  0.404 145
0189  0.194  0.420  0.472  0.122  0.379 142
0190  0.189  0.425  0.500  0.117  0.370 128
0191  0.186  0.416  0.457  0.117  0.381 140
0192  0.181  0.421  0.484  0.111  0.372 126
0193  0.172  0.406  0.468  0.106  0.358 124
0194  0.175  0.415  0.465  0.107  0.376 127
0195  0.165  0.401  0.462  0.100  0.355 119
0196  0.165  0.406  0.470  0.100  0.357 117
0197  0.157  0.376  0.414  0.097  0.344 128
0198  0.149  0.362  0.403  0.091  0.329 124
0199  0.150  0.375  0.431  0.091  0.331 116
0200  0.136  0.342  0.398  0.082  0.300 113
0201  0.116  0.286  0.312  0.071  0.264 125
0202  0.138  0.350  0.390  0.084  0.317 118
0203  0.124  0.318  0.360  0.075  0.285 114
0204  0.120  0.309  0.339  0.073  0.284 118
0205  0.122  0.314  0.339  0.075  0.293 121
0206  0.122  0.331  0.381  0.073  0.292 105
0207  0.115  0.306  0.342  0.069  0.277 111
0208  0.100  0.272  0.303  0.060  0.246 109
0209  0.106  0.292  0.321  0.064  0.267 109
0210  0.102  0.271  0.283  0.062  0.260 120
0211  0.103  0.281  0.306  0.062  0.260 111
0212  0.097  0.268  0.288  0.058  0.250 111
0213  0.107  0.298  0.324  0.064  0.276 108
0214  0.104  0.296  0.330  0.062  0.268 103
0215  0.101  0.287  0.317  0.060  0.262 104
0216  0.104  0.291  0.315  0.062  0.270 108
0217  0.109  0.308  0.327  0.066  0.290 110
0218  0.100  0.289  0.306  0.060  0.275 108
0219  0.091  0.259  0.265  0.055  0.252 113
0220  0.105  0.303  0.304  0.064  0.302 115
0221  0.090  0.263  0.256  0.055  0.270 117
0222  0.082  0.245  0.239  0.049  0.252 113
0223  0.083  0.257  0.260  0.049  0.255 104
0224  0.074  0.232  0.233  0.044  0.231 103
0225  0.082  0.263  0.255  0.049  0.273 106
0226  0.068  0.227  0.218  0.040  0.237 101
0227  0.067  0.223  0.206  0.040  0.244 107
0228  0.068  0.234  0.216  0.040  0.256 102
0229  0.070  0.245  0.217  0.042  0.280 106
0230  0.061  0.217  0.190  0.036  0.253 105
0231  0.058  0.209  0.183  0.035  0.244 104
0232  0.056  0.218  0.198  0.033  0.243 91
0233  0.053  0.211  0.191  0.031  0.236 89
0234  0.046  0.178  0.155  0.027  0.208 97
0235  0.041  0.169  0.153  0.024  0.188 85
0236  0.038  0.161  0.148  0.022  0.176 81
0237  0.038  0.167  0.154  0.022  0.182 78
0238  0.038  0.157  0.136  0.022  0.185 88
0239  0.038  0.157  0.133  0.022  0.190 90
0240  0.044  0.192  0.167  0.026  0.226 84
0241  0.044  0.197  0.169  0.026  0.237 83
0242  0.035  0.161  0.136  0.020  0.196 81
0243  0.035  0.157  0.125  0.020  0.212 88
0244  0.032  0.147  0.118  0.018  0.196 85
0245  0.035  0.177  0.143  0.020  0.234 77
0246  0.032  0.154  0.120  0.018  0.213 83
0247  0.041  0.198  0.151  0.024  0.289 86
0248  0.032  0.163  0.127  0.018  0.227 79
0249  0.032  0.169  0.135  0.018  0.227 74
0250  0.023  0.130  0.108  0.013  0.163 65
0251  0.019  0.096  0.073  0.011  0.140 82
0252  0.016  0.086  0.068  0.009  0.119 74
0253  0.013  0.068  0.052  0.007  0.098 77
0254  0.016  0.098  0.081  0.009  0.125 62
0255  0.013  0.071  0.053  0.007  0.108 76
0256  0.013  0.071  0.053  0.007  0.108 76
0257  0.013  0.073  0.056  0.007  0.108 72
0258  0.013  0.068  0.049  0.007  0.114 82
0259  0.013  0.074  0.054  0.007  0.118 74
0260  0.010  0.055  0.039  0.005  0.088 76
0261  0.013  0.071  0.051  0.007  0.118 79
0262  0.010  0.053  0.038  0.005  0.088 80
0263  0.009  0.051  0.036  0.005  0.088 84
0264  0.010  0.058  0.043  0.005  0.088 70
0265  0.013  0.071  0.049  0.007  0.129 81
0266  0.010  0.056  0.039  0.005  0.097 77
0267  0.006  0.036  0.025  0.004  0.065 79
