# File: bricks/skew Algorithm = FH-SURF  skip 8 tolerance = 5.0
# (time tick) ( F ) ( F all inside) (precision) (recall) (recall all inside) (tracks)
0008  0.836  0.842  0.974  0.732  0.741 385
0016  0.718  0.742  0.907  0.594  0.628 335
0024  0.653  0.714  0.895  0.514  0.594 294
0032  0.593  0.693  0.850  0.455  0.585 274
0040  0.522  0.669  0.802  0.387  0.574 247
0048  0.449  0.623  0.728  0.324  0.544 228
0056  0.402  0.579  0.671  0.287  0.509 219
0064  0.346  0.520  0.615  0.240  0.451 200
0072  0.311  0.497  0.580  0.213  0.434 188
0080  0.326  0.526  0.624  0.221  0.454 181
0088  0.281  0.453  0.542  0.189  0.390 179
0096  0.275  0.441  0.516  0.188  0.385 186
0104  0.242  0.406  0.459  0.164  0.364 183
0112  0.199  0.330  0.419  0.131  0.273 160
