# File: bricks/rotate Algorithm = FH-SURF  skip 1 tolerance = 5.0
# (time tick) ( F ) ( F all inside) (precision) (recall) (recall all inside) (tracks)
0001  0.878  0.878  0.978  0.796  0.796 416
0002  0.855  0.859  0.973  0.763  0.769 401
0003  0.835  0.845  0.964  0.736  0.752 390
0004  0.827  0.842  0.964  0.724  0.747 384
0005  0.817  0.833  0.953  0.714  0.740 383
0006  0.796  0.812  0.932  0.695  0.720 381
0007  0.783  0.800  0.935  0.673  0.699 368
0008  0.786  0.804  0.948  0.671  0.699 362
0009  0.743  0.761  0.927  0.620  0.646 342
0010  0.715  0.732  0.915  0.587  0.610 328
0011  0.698  0.719  0.888  0.575  0.603 331
0012  0.675  0.697  0.883  0.546  0.576 316
0013  0.652  0.678  0.894  0.513  0.546 293
0014  0.629  0.657  0.845  0.501  0.537 303
0015  0.617  0.647  0.860  0.481  0.519 286
0016  0.601  0.634  0.833  0.470  0.512 288
0017  0.585  0.620  0.815  0.456  0.500 286
0018  0.576  0.612  0.799  0.450  0.496 288
0019  0.554  0.594  0.795  0.425  0.474 273
0020  0.532  0.570  0.755  0.411  0.457 278
0021  0.530  0.570  0.767  0.405  0.454 270
0022  0.541  0.586  0.750  0.423  0.481 288
0023  0.518  0.564  0.732  0.401  0.458 280
0024  0.534  0.585  0.768  0.409  0.472 272
0025  0.501  0.548  0.735  0.380  0.436 264
0026  0.539  0.589  0.784  0.411  0.472 268
0027  0.528  0.584  0.787  0.397  0.464 258
0028  0.525  0.584  0.780  0.395  0.467 259
0029  0.501  0.559  0.735  0.380  0.450 264
0030  0.503  0.563  0.746  0.380  0.452 260
0031  0.520  0.583  0.775  0.391  0.467 258
0032  0.497  0.558  0.764  0.368  0.439 246
0033  0.522  0.589  0.784  0.391  0.471 255
0034  0.491  0.555  0.761  0.362  0.436 243
0035  0.495  0.560  0.755  0.368  0.445 249
0036  0.531  0.604  0.791  0.399  0.489 258
0037  0.495  0.565  0.766  0.366  0.448 244
0038  0.516  0.592  0.779  0.386  0.478 253
0039  0.546  0.622  0.792  0.417  0.512 269
0040  0.544  0.621  0.788  0.415  0.512 269
0041  0.547  0.627  0.790  0.419  0.520 271
0042  0.565  0.653  0.821  0.431  0.542 268
0043  0.573  0.665  0.821  0.440  0.558 274
0044  0.561  0.659  0.840  0.421  0.542 256
0045  0.579  0.682  0.826  0.446  0.581 276
0046  0.574  0.678  0.819  0.442  0.579 276
0047  0.608  0.717  0.849  0.474  0.620 285
0048  0.645  0.755  0.860  0.517  0.673 307
0049  0.659  0.772  0.877  0.528  0.690 308
0050  0.655  0.769  0.868  0.526  0.690 310
0051  0.658  0.767  0.907  0.517  0.665 291
0052  0.656  0.760  0.881  0.523  0.668 303
0053  0.682  0.790  0.898  0.550  0.705 313
0054  0.641  0.743  0.851  0.515  0.659 309
0055  0.621  0.726  0.850  0.489  0.633 294
0056  0.617  0.716  0.857  0.481  0.615 287
0057  0.617  0.713  0.836  0.489  0.622 299
0058  0.607  0.701  0.823  0.481  0.611 299
0059  0.588  0.682  0.816  0.460  0.586 288
0060  0.611  0.708  0.842  0.479  0.611 291
0061  0.619  0.716  0.842  0.489  0.622 297
0062  0.621  0.722  0.861  0.485  0.622 288
0063  0.620  0.726  0.845  0.489  0.636 296
0064  0.636  0.743  0.876  0.499  0.644 291
0065  0.658  0.775  0.890  0.523  0.686 300
0066  0.640  0.757  0.866  0.507  0.672 299
0067  0.642  0.759  0.875  0.507  0.669 296
0068  0.659  0.772  0.887  0.524  0.683 302
0069  0.658  0.768  0.882  0.524  0.681 304
0070  0.664  0.782  0.900  0.526  0.692 299
0071  0.639  0.756  0.869  0.505  0.669 297
0072  0.619  0.735  0.850  0.487  0.647 293
0073  0.617  0.737  0.857  0.481  0.647 287
0074  0.587  0.705  0.829  0.454  0.613 280
0075  0.561  0.671  0.803  0.431  0.576 274
0076  0.557  0.670  0.801  0.427  0.576 272
0077  0.556  0.670  0.812  0.423  0.570 266
0078  0.524  0.627  0.764  0.399  0.531 267
0079  0.543  0.648  0.807  0.409  0.541 259
0080  0.491  0.579  0.737  0.368  0.477 255
0081  0.485  0.571  0.758  0.356  0.457 240
0082  0.497  0.579  0.764  0.368  0.466 246
0083  0.494  0.584  0.760  0.366  0.474 246
0084  0.501  0.582  0.753  0.376  0.474 255
0085  0.493  0.576  0.741  0.370  0.471 255
0086  0.485  0.571  0.742  0.360  0.464 248
0087  0.490  0.582  0.739  0.366  0.480 253
0088  0.497  0.588  0.726  0.378  0.494 266
0089  0.503  0.598  0.743  0.380  0.500 261
0090  0.509  0.592  0.742  0.387  0.493 267
0091  0.500  0.580  0.718  0.384  0.487 273
0092  0.507  0.590  0.741  0.386  0.490 266
0093  0.533  0.614  0.751  0.413  0.519 281
0094  0.516  0.597  0.750  0.393  0.496 268
0095  0.545  0.625  0.794  0.415  0.516 267
0096  0.533  0.606  0.773  0.407  0.499 269
0097  0.570  0.641  0.809  0.440  0.530 278
0098  0.561  0.640  0.769  0.442  0.548 294
0099  0.609  0.685  0.833  0.479  0.582 294
0100  0.627  0.705  0.849  0.497  0.602 299
0101  0.692  0.770  0.897  0.564  0.674 321
0102  0.699  0.769  0.881  0.579  0.683 336
0103  0.700  0.777  0.912  0.568  0.677 318
0104  0.753  0.830  0.944  0.626  0.741 339
0105  0.746  0.809  0.927  0.624  0.718 344
0106  0.765  0.816  0.935  0.648  0.723 354
0107  0.769  0.824  0.943  0.650  0.732 352
0108  0.776  0.821  0.944  0.659  0.726 357
0109  0.795  0.829  0.951  0.683  0.735 367
0110  0.806  0.829  0.959  0.695  0.729 370
0111  0.793  0.831  0.946  0.683  0.741 369
0112  0.808  0.837  0.957  0.699  0.744 373
0113  0.795  0.814  0.941  0.689  0.718 374
0114  0.804  0.831  0.957  0.693  0.735 370
0115  0.821  0.848  0.958  0.718  0.761 383
0116  0.784  0.813  0.958  0.663  0.706 354
0117  0.777  0.798  0.954  0.656  0.686 351
0118  0.814  0.844  0.965  0.705  0.749 373
0119  0.797  0.818  0.961  0.681  0.712 362
0120  0.804  0.819  0.954  0.695  0.718 372
0121  0.811  0.838  0.970  0.697  0.738 367
0122  0.815  0.843  0.963  0.706  0.749 375
0123  0.781  0.805  0.942  0.667  0.703 362
0124  0.809  0.836  0.955  0.703  0.744 376
0125  0.804  0.826  0.947  0.699  0.732 377
0126  0.782  0.799  0.952  0.663  0.689 356
0127  0.784  0.807  0.942  0.671  0.706 364
