# File: bricks/rotate Algorithm = FH-SURF  skip 4 tolerance = 5.0
# (time tick) ( F ) ( F all inside) (precision) (recall) (recall all inside) (tracks)
0004  0.827  0.842  0.964  0.724  0.747 384
0008  0.786  0.803  0.948  0.671  0.697 362
0012  0.675  0.696  0.883  0.546  0.575 316
0016  0.601  0.633  0.833  0.470  0.511 288
0020  0.532  0.569  0.755  0.411  0.456 278
0024  0.534  0.584  0.768  0.409  0.471 272
0028  0.525  0.584  0.780  0.395  0.467 259
0032  0.497  0.558  0.764  0.368  0.439 246
0036  0.531  0.603  0.791  0.399  0.488 258
0040  0.544  0.618  0.788  0.415  0.509 269
0044  0.561  0.658  0.840  0.421  0.541 256
0048  0.645  0.749  0.860  0.517  0.663 307
0052  0.656  0.756  0.881  0.523  0.661 303
0056  0.617  0.716  0.857  0.481  0.615 287
0060  0.611  0.704  0.842  0.479  0.605 291
0064  0.636  0.742  0.876  0.499  0.643 291
0068  0.659  0.771  0.887  0.524  0.681 302
0072  0.619  0.732  0.850  0.487  0.643 293
0076  0.557  0.669  0.801  0.427  0.573 272
0080  0.491  0.577  0.737  0.368  0.473 255
0084  0.501  0.581  0.753  0.376  0.473 255
0088  0.497  0.583  0.726  0.378  0.487 266
0092  0.507  0.585  0.741  0.386  0.483 266
0096  0.533  0.605  0.773  0.407  0.497 269
0100  0.627  0.699  0.849  0.497  0.593 299
0104  0.753  0.823  0.944  0.626  0.729 339
0108  0.776  0.813  0.944  0.659  0.715 357
0112  0.808  0.833  0.957  0.699  0.737 373
0116  0.784  0.809  0.958  0.663  0.701 354
0120  0.804  0.815  0.954  0.695  0.712 372
0124  0.809  0.828  0.955  0.703  0.732 376
