# File: bricks/skew Algorithm = FH-SURF  skip 4 tolerance = 5.0
# (time tick) ( F ) ( F all inside) (precision) (recall) (recall all inside) (tracks)
0004  0.846  0.848  0.977  0.746  0.749 391
0008  0.836  0.842  0.974  0.732  0.741 385
0012  0.798  0.810  0.951  0.688  0.705 370
0016  0.718  0.742  0.907  0.594  0.628 335
0020  0.671  0.712  0.893  0.537  0.593 308
0024  0.653  0.714  0.895  0.514  0.594 294
0028  0.607  0.693  0.875  0.465  0.574 272
0032  0.593  0.692  0.850  0.455  0.583 274
0036  0.524  0.638  0.794  0.391  0.534 252
0040  0.522  0.669  0.802  0.387  0.574 247
0044  0.491  0.661  0.791  0.355  0.567 230
0048  0.449  0.622  0.728  0.324  0.543 228
0052  0.429  0.610  0.714  0.307  0.532 220
0056  0.402  0.580  0.671  0.287  0.510 219
0060  0.376  0.548  0.631  0.268  0.484 217
0064  0.346  0.521  0.615  0.240  0.452 200
0068  0.332  0.523  0.596  0.230  0.466 198
0072  0.311  0.499  0.580  0.213  0.438 188
0076  0.319  0.514  0.600  0.217  0.449 185
0080  0.326  0.528  0.624  0.221  0.457 181
0084  0.314  0.505  0.582  0.215  0.445 189
0088  0.281  0.455  0.542  0.189  0.393 179
0092  0.284  0.462  0.554  0.191  0.397 177
0096  0.275  0.443  0.516  0.188  0.388 186
0100  0.257  0.431  0.509  0.172  0.373 173
0104  0.242  0.408  0.459  0.164  0.368 183
0108  0.229  0.379  0.459  0.152  0.323 170
0112  0.199  0.332  0.419  0.131  0.275 160
0116  0.181  0.313  0.400  0.117  0.257 150
