# File: bricks/move_in Algorithm = FH-SURF  skip 8 tolerance = 5.0
# (time tick) ( F ) ( F all inside) (precision) (recall) (recall all inside) (tracks)
0008  0.859  0.859  0.986  0.761  0.761 424
0016  0.800  0.807  0.955  0.689  0.699 396
0024  0.739  0.763  0.954  0.603  0.635 347
0032  0.698  0.734  0.917  0.563  0.612 337
0040  0.643  0.686  0.875  0.508  0.564 319
0048  0.624  0.677  0.875  0.485  0.552 304
0056  0.594  0.665  0.867  0.452  0.539 286
0064  0.568  0.640  0.845  0.428  0.515 278
0072  0.530  0.610  0.812  0.393  0.489 266
0080  0.542  0.634  0.837  0.401  0.510 263
0088  0.520  0.630  0.829  0.379  0.509 251
0096  0.506  0.641  0.802  0.370  0.534 253
0104  0.512  0.670  0.813  0.373  0.570 252
0112  0.479  0.641  0.788  0.344  0.540 240
0120  0.447  0.607  0.736  0.321  0.516 239
0128  0.420  0.603  0.764  0.290  0.498 208
0136  0.383  0.573  0.697  0.264  0.487 208
0144  0.352  0.552  0.684  0.237  0.463 190
0152  0.328  0.559  0.672  0.217  0.478 177
0160  0.266  0.483  0.576  0.173  0.417 165
0168  0.245  0.478  0.558  0.157  0.417 154
0176  0.219  0.441  0.481  0.142  0.406 162
0184  0.202  0.427  0.483  0.128  0.383 145
0192  0.181  0.421  0.484  0.111  0.372 126
0200  0.136  0.342  0.398  0.082  0.300 113
0208  0.100  0.272  0.303  0.060  0.246 109
0216  0.104  0.291  0.315  0.062  0.270 108
0224  0.074  0.232  0.233  0.044  0.231 103
0232  0.056  0.218  0.198  0.033  0.243 91
0240  0.044  0.192  0.167  0.026  0.226 84
0248  0.032  0.163  0.127  0.018  0.227 79
0256  0.013  0.071  0.053  0.007  0.108 76
0264  0.010  0.058  0.043  0.005  0.088 70
