# File: bricks/skew Algorithm = FH-SURF  skip 1 tolerance = 5.0
# (time tick) ( F ) ( F all inside) (precision) (recall) (recall all inside) (tracks)
0001  0.885  0.885  0.988  0.801  0.801 415
0002  0.876  0.877  0.976  0.795  0.796 417
0003  0.860  0.861  0.971  0.771  0.773 407
0004  0.846  0.848  0.977  0.746  0.749 391
0005  0.816  0.821  0.965  0.707  0.714 375
0006  0.815  0.820  0.963  0.707  0.714 376
0007  0.817  0.822  0.953  0.715  0.723 384
0008  0.836  0.842  0.974  0.732  0.741 385
0009  0.819  0.825  0.973  0.707  0.715 372
0010  0.818  0.827  0.961  0.713  0.726 380
0011  0.802  0.811  0.959  0.689  0.702 368
0012  0.798  0.810  0.951  0.688  0.705 370
0013  0.744  0.759  0.925  0.623  0.643 345
0014  0.731  0.753  0.917  0.607  0.639 339
0015  0.738  0.762  0.932  0.611  0.645 336
0016  0.718  0.742  0.907  0.594  0.628 335
0017  0.701  0.731  0.910  0.570  0.611 321
0018  0.699  0.731  0.901  0.570  0.615 324
0019  0.702  0.741  0.902  0.574  0.628 326
0020  0.671  0.712  0.893  0.537  0.593 308
0021  0.655  0.699  0.876  0.523  0.581 306
0022  0.664  0.713  0.886  0.531  0.596 307
0023  0.653  0.707  0.915  0.508  0.576 284
0024  0.653  0.714  0.895  0.514  0.594 294
0025  0.641  0.711  0.886  0.502  0.594 290
0026  0.626  0.706  0.886  0.484  0.587 280
0027  0.620  0.702  0.881  0.479  0.583 278
0028  0.607  0.693  0.875  0.465  0.574 272
0029  0.609  0.700  0.864  0.471  0.589 279
0030  0.589  0.681  0.841  0.453  0.572 276
0031  0.592  0.688  0.847  0.455  0.579 275
0032  0.593  0.692  0.850  0.455  0.583 274
0033  0.576  0.677  0.851  0.436  0.562 262
0034  0.555  0.660  0.826  0.418  0.549 259
0035  0.529  0.635  0.796  0.396  0.529 255
0036  0.524  0.638  0.794  0.391  0.534 252
0037  0.526  0.656  0.798  0.393  0.557 252
0038  0.521  0.658  0.790  0.389  0.564 252
0039  0.501  0.638  0.761  0.373  0.549 251
0040  0.522  0.669  0.802  0.387  0.574 247
0041  0.507  0.652  0.789  0.373  0.556 242
0042  0.488  0.637  0.760  0.359  0.548 242
0043  0.491  0.652  0.773  0.359  0.563 238
0044  0.491  0.661  0.791  0.355  0.567 230
0045  0.481  0.652  0.772  0.350  0.565 232
0046  0.452  0.621  0.727  0.328  0.542 231
0047  0.444  0.613  0.711  0.322  0.539 232
0048  0.449  0.622  0.728  0.324  0.543 228
0049  0.447  0.626  0.751  0.318  0.536 217
0050  0.433  0.608  0.705  0.313  0.535 227
0051  0.433  0.615  0.716  0.311  0.539 222
0052  0.429  0.610  0.714  0.307  0.532 220
0053  0.424  0.607  0.700  0.305  0.536 223
0054  0.412  0.589  0.683  0.295  0.517 221
0055  0.403  0.580  0.667  0.289  0.514 222
0056  0.402  0.580  0.671  0.287  0.510 219
0057  0.365  0.533  0.647  0.254  0.453 201
0058  0.380  0.557  0.656  0.268  0.484 209
0059  0.364  0.534  0.630  0.256  0.463 208
0060  0.376  0.548  0.631  0.268  0.484 217
0061  0.368  0.540  0.641  0.258  0.466 206
0062  0.367  0.539  0.638  0.258  0.466 207
0063  0.344  0.513  0.634  0.236  0.431 191
0064  0.346  0.521  0.615  0.240  0.452 200
0065  0.344  0.525  0.616  0.238  0.457 198
0066  0.348  0.532  0.592  0.246  0.483 213
0067  0.343  0.537  0.613  0.238  0.478 199
0068  0.332  0.523  0.596  0.230  0.466 198
0069  0.314  0.499  0.582  0.215  0.436 189
0070  0.317  0.507  0.577  0.219  0.452 194
0071  0.312  0.498  0.567  0.215  0.444 194
0072  0.311  0.500  0.580  0.213  0.440 188
0073  0.321  0.516  0.589  0.221  0.459 192
0074  0.313  0.502  0.573  0.215  0.447 192
0075  0.304  0.492  0.573  0.207  0.431 185
0076  0.319  0.515  0.600  0.217  0.451 185
0077  0.313  0.507  0.592  0.213  0.443 184
0078  0.296  0.480  0.563  0.201  0.419 183
0079  0.307  0.497  0.578  0.209  0.435 185
0080  0.326  0.529  0.624  0.221  0.459 181
0081  0.318  0.518  0.615  0.215  0.447 179
0082  0.301  0.492  0.595  0.201  0.419 173
0083  0.300  0.485  0.561  0.205  0.427 187
0084  0.314  0.506  0.582  0.215  0.447 189
0085  0.295  0.477  0.554  0.201  0.419 186
0086  0.280  0.455  0.539  0.189  0.394 180
0087  0.284  0.462  0.551  0.191  0.398 178
0088  0.281  0.456  0.542  0.189  0.394 179
0089  0.292  0.471  0.545  0.199  0.415 187
0090  0.281  0.458  0.545  0.189  0.394 178
0091  0.296  0.477  0.547  0.203  0.423 190
0092  0.284  0.463  0.554  0.191  0.398 177
0093  0.289  0.467  0.540  0.197  0.411 187
0094  0.290  0.468  0.565  0.195  0.400 177
0095  0.283  0.455  0.544  0.191  0.391 180
0096  0.275  0.444  0.516  0.188  0.390 186
0097  0.261  0.426  0.506  0.176  0.368 178
0098  0.268  0.446  0.526  0.180  0.387 175
0099  0.268  0.448  0.514  0.182  0.397 181
0100  0.257  0.432  0.509  0.172  0.375 173
0101  0.263  0.447  0.536  0.174  0.383 166
0102  0.268  0.456  0.545  0.178  0.392 167
0103  0.252  0.427  0.506  0.168  0.370 170
0104  0.242  0.409  0.459  0.164  0.369 183
0105  0.235  0.401  0.494  0.154  0.338 160
0106  0.247  0.413  0.480  0.166  0.362 177
0107  0.215  0.352  0.420  0.145  0.303 176
0108  0.229  0.380  0.459  0.152  0.324 170
0109  0.214  0.350  0.409  0.145  0.306 181
0110  0.223  0.365  0.433  0.150  0.315 178
0111  0.217  0.358  0.435  0.145  0.304 170
0112  0.199  0.333  0.419  0.131  0.276 160
0113  0.200  0.334  0.421  0.131  0.276 159
0114  0.168  0.293  0.387  0.107  0.235 142
0115  0.170  0.293  0.356  0.111  0.249 160
0116  0.181  0.314  0.400  0.117  0.258 150
0117  0.174  0.303  0.377  0.113  0.253 154
