# File: bricks/move_out Algorithm = FH-SURF  skip 8 tolerance = 5.0
# (time tick) ( F ) ( F all inside) (precision) (recall) (recall all inside) (tracks)
0008  0.698  0.698  0.931  0.559  0.559 332
0016  0.517  0.517  0.778  0.387  0.387 275
0024  0.463  0.463  0.760  0.333  0.333 242
0032  0.355  0.355  0.679  0.241  0.241 196
0040  0.273  0.273  0.579  0.179  0.179 171
0048  0.231  0.231  0.522  0.148  0.148 157
0056  0.196  0.196  0.457  0.125  0.125 151
0064  0.171  0.171  0.381  0.110  0.110 160
0072  0.156  0.156  0.359  0.099  0.099 153
0080  0.125  0.125  0.319  0.078  0.078 135
0088  0.122  0.122  0.311  0.076  0.076 135
0096  0.111  0.111  0.286  0.069  0.069 133
0104  0.099  0.099  0.254  0.061  0.061 134
0112  0.093  0.093  0.232  0.058  0.058 138
0120  0.070  0.070  0.178  0.043  0.043 135
0128  0.061  0.061  0.150  0.038  0.038 140
0136  0.068  0.068  0.185  0.042  0.042 124
0144  0.071  0.071  0.190  0.043  0.043 126
0152  0.065  0.065  0.183  0.040  0.040 120
0160  0.049  0.049  0.151  0.029  0.029 106
0168  0.049  0.049  0.152  0.029  0.029 105
