# Trifocal Test: Camera matrices 3x4 in row major order.  Camera 1,2,3
60.0000000000 0.0100000000 320.0000000000 0.0000000000
0.0000000000 80.0000000000 250.0000000000 0.0000000000
0.0000000000 0.0000000000 1.0000000000 0.0000000000

35.8547217567 20.5297314834 322.9442198786 34.0000000000
-23.4019359776 92.7892352979 244.4228041843 12.5000000000
-0.0745976330 0.0522383426 0.9958445404 0.0500000000

73.5075235452 -23.3385446474 316.3099056558 29.6020000000
18.4508678190 65.6499762930 253.4751389968 11.0000000000
0.0432413127 -0.0555158993 0.9975210142 -0.0200000000

