# Trifocal Test: Location of world points
-0.4506533733 -0.0618130690 1.0437112343
-0.5341680850 0.1870595124 1.6406941733
0.4904868780 0.0566697551 1.8330583888
0.2509623350 0.0348796121 1.5916282320
0.4942007190 0.7006228536 1.9910963604
0.2084689115 -0.9070854564 2.2811827637
-0.6390408287 0.0665195736 2.8621904872
0.3439714808 0.1698200234 1.7794135930
0.3235114205 1.1745334744 2.0811703225
-1.1674555414 -0.3962022563 1.8538797456
-0.7081048379 0.0651352306 2.6404172435
-0.2480277331 0.7981820979 1.4810136657
1.0418245572 -0.1526019961 1.8140300777
-0.0363837017 -0.0923814151 1.9183556269
-0.2283512185 -0.3673085153 2.0944858051
-0.3390343665 -0.1692568998 2.3286777439
0.2589092072 0.8126315237 2.1088008936
0.1089431049 0.3089043194 2.3002521430
0.3148397934 -0.4647414261 2.7569628531
0.4377222889 -0.5024913030 2.1120718305
