# Trifocal Test: Observed pixel locations of each 3D point in each image.  Noise Free,  Order = first, second, third camera. (x,y)
294.0926229024 245.2620558639 315.8110398193 243.2813461216 326.4000070763 261.8546274243
300.4666737846 259.1209935618 316.4360528480 255.7726275169 318.9468211727 271.1691222458
336.0550146995 252.4732329525 350.0493914600 246.6707692631 352.6532089004 267.3880576999
329.4608078661 251.7531537252 344.6734888909 246.5174902074 349.2858006888 267.2580194027
334.8958382732 278.1502339121 348.8790588028 271.8815453674 348.6448618509 292.9270170091
325.4792031731 218.1889423042 336.2662032076 212.9598339782 340.2552309036 230.4719166159
306.6040416612 251.8592633547 317.3976277141 248.4248631202 316.1509844458 260.0321939083
331.5993196462 257.6348758512 345.9228797980 252.1212738426 348.6436999529 272.3921520400
329.3324560496 295.1489611081 343.4731103551 288.2742504912 341.3144194101 310.0577000367
282.2136793548 232.9027850491 296.9104163232 232.4443212319 299.5520762822 240.6496329088
303.9094980055 251.9734829652 315.3361352870 248.7481715661 314.4710540231 260.3045689020
309.9570932347 293.1154480939 327.9239686612 286.6524321827 328.8876844702 309.6504155924
354.4580545705 243.2701448370 369.3534048717 235.6839649065 370.8740111604 260.4457394808
318.8615531523 246.1474748993 332.0890461952 241.8812331338 335.1746811839 258.5551548897
313.4567490685 235.9704557800 325.5832333750 232.3279486717 328.8258244779 246.9325537317
311.2638171550 244.1853045076 322.9588048655 240.5880111502 324.3389303130 254.1279028256
327.3703870262 280.8281934489 340.9718499307 274.8438036136 339.9122358324 294.5154161645
322.8430254303 260.7433203043 335.1215049595 255.8209875469 335.0821866979 272.4650675148
326.8501975523 236.5143942567 337.0376226621 231.4167592180 337.8341264726 247.3766772477
332.4324902401 230.9668858518 344.4720467686 225.3011838496 347.5598485532 244.3901653945
