# File: carpet/move_in Algorithm = FH-SURF  skip 1 tolerance = 5.0
# (time tick) ( F ) ( F all inside) (precision) (recall) (recall all inside) (tracks)
0001  0.907  0.907  0.993  0.835  0.835 571
0002  0.882  0.882  0.985  0.798  0.798 550
0003  0.885  0.885  0.987  0.801  0.801 551
0004  0.871  0.871  0.978  0.785  0.785 545
0005  0.873  0.873  0.991  0.781  0.781 535
0006  0.879  0.879  0.982  0.795  0.796 550
0007  0.862  0.863  0.989  0.764  0.765 525
0008  0.868  0.868  0.991  0.772  0.773 529
0009  0.861  0.863  0.978  0.769  0.772 534
0010  0.868  0.871  0.989  0.773  0.778 531
0011  0.847  0.850  0.981  0.745  0.751 516
0012  0.847  0.853  0.982  0.744  0.754 514
0013  0.839  0.846  0.978  0.735  0.746 510
0014  0.845  0.853  0.975  0.745  0.757 519
0015  0.833  0.844  0.971  0.729  0.747 510
0016  0.825  0.839  0.972  0.717  0.738 501
0017  0.804  0.818  0.971  0.686  0.707 480
0018  0.802  0.817  0.973  0.682  0.705 476
0019  0.801  0.821  0.969  0.683  0.712 479
0020  0.783  0.804  0.955  0.663  0.693 471
0021  0.786  0.810  0.964  0.664  0.698 468
0022  0.777  0.802  0.967  0.649  0.685 456
0023  0.773  0.798  0.965  0.645  0.680 454
0024  0.781  0.806  0.961  0.658  0.694 465
0025  0.769  0.794  0.948  0.647  0.683 463
0026  0.770  0.797  0.958  0.644  0.683 456
0027  0.751  0.778  0.944  0.623  0.661 448
0028  0.769  0.797  0.956  0.644  0.683 457
0029  0.753  0.783  0.953  0.623  0.664 444
0030  0.750  0.780  0.952  0.619  0.660 441
0031  0.749  0.781  0.950  0.619  0.662 442
0032  0.751  0.782  0.938  0.626  0.670 453
0033  0.755  0.786  0.941  0.630  0.675 455
0034  0.738  0.769  0.945  0.605  0.648 435
0035  0.732  0.763  0.946  0.596  0.640 428
0036  0.747  0.781  0.950  0.616  0.662 440
0037  0.758  0.794  0.955  0.629  0.680 447
0038  0.736  0.773  0.932  0.608  0.660 443
0039  0.740  0.777  0.933  0.613  0.666 446
0040  0.737  0.775  0.953  0.601  0.653 428
0041  0.718  0.756  0.928  0.586  0.638 429
0042  0.713  0.753  0.933  0.577  0.631 420
0043  0.694  0.732  0.915  0.558  0.610 414
0044  0.710  0.749  0.924  0.576  0.630 423
0045  0.695  0.735  0.926  0.557  0.609 408
0046  0.696  0.735  0.920  0.560  0.612 413
0047  0.670  0.709  0.905  0.532  0.582 399
0048  0.652  0.691  0.888  0.515  0.565 394
0049  0.648  0.687  0.901  0.507  0.556 382
0050  0.638  0.680  0.898  0.495  0.547 374
0051  0.644  0.688  0.889  0.505  0.561 386
0052  0.634  0.680  0.886  0.493  0.552 378
0053  0.635  0.687  0.895  0.492  0.558 373
0054  0.634  0.686  0.895  0.490  0.556 372
0055  0.631  0.683  0.888  0.489  0.555 374
0056  0.628  0.682  0.899  0.483  0.550 365
0057  0.614  0.669  0.875  0.473  0.541 367
0058  0.612  0.670  0.883  0.468  0.540 360
0059  0.616  0.683  0.896  0.470  0.551 356
0060  0.606  0.674  0.880  0.462  0.546 357
0061  0.600  0.665  0.858  0.461  0.543 365
0062  0.594  0.663  0.876  0.449  0.534 348
0063  0.602  0.674  0.879  0.458  0.546 354
0064  0.584  0.654  0.862  0.442  0.527 348
0065  0.588  0.664  0.877  0.442  0.534 342
0066  0.593  0.670  0.874  0.449  0.544 349
0067  0.585  0.666  0.881  0.437  0.535 337
0068  0.571  0.649  0.842  0.432  0.528 348
0069  0.567  0.646  0.832  0.430  0.529 351
0070  0.567  0.653  0.859  0.423  0.527 334
0071  0.551  0.638  0.835  0.411  0.516 334
0072  0.567  0.654  0.843  0.427  0.534 344
0073  0.564  0.652  0.847  0.423  0.531 339
0074  0.554  0.644  0.832  0.415  0.525 339
0075  0.555  0.648  0.826  0.418  0.534 344
0076  0.535  0.625  0.809  0.399  0.509 335
0077  0.526  0.618  0.801  0.392  0.503 332
0078  0.530  0.623  0.814  0.393  0.505 328
0079  0.529  0.623  0.825  0.389  0.501 320
0080  0.515  0.608  0.806  0.378  0.488 319
0081  0.528  0.623  0.804  0.393  0.509 332
0082  0.526  0.623  0.826  0.386  0.500 317
0083  0.512  0.610  0.816  0.373  0.487 310
0084  0.510  0.609  0.790  0.377  0.495 324
0085  0.511  0.613  0.821  0.371  0.489 307
0086  0.520  0.627  0.806  0.384  0.513 324
0087  0.491  0.595  0.775  0.359  0.483 315
0088  0.509  0.619  0.801  0.373  0.504 316
0089  0.509  0.621  0.808  0.371  0.505 312
0090  0.502  0.616  0.796  0.367  0.502 313
0091  0.506  0.624  0.816  0.367  0.505 305
0092  0.508  0.630  0.820  0.368  0.511 305
0093  0.504  0.628  0.826  0.362  0.506 298
0094  0.499  0.622  0.804  0.362  0.507 306
0095  0.500  0.626  0.814  0.361  0.508 301
0096  0.504  0.636  0.833  0.361  0.515 294
0097  0.490  0.622  0.812  0.351  0.504 293
0098  0.486  0.626  0.824  0.345  0.504 284
0099  0.499  0.645  0.840  0.355  0.524 287
0100  0.481  0.624  0.814  0.342  0.507 285
0101  0.473  0.616  0.808  0.334  0.498 281
0102  0.462  0.603  0.803  0.324  0.482 274
0103  0.458  0.598  0.791  0.323  0.480 277
0104  0.471  0.617  0.807  0.333  0.499 280
0105  0.471  0.622  0.812  0.331  0.503 277
0106  0.463  0.615  0.809  0.324  0.495 272
0107  0.460  0.616  0.794  0.324  0.503 277
0108  0.453  0.617  0.808  0.315  0.499 265
0109  0.448  0.609  0.794  0.312  0.494 267
0110  0.439  0.601  0.807  0.302  0.479 254
0111  0.442  0.610  0.802  0.305  0.492 258
0112  0.415  0.576  0.766  0.284  0.462 252
0113  0.427  0.596  0.798  0.292  0.476 248
0114  0.406  0.571  0.739  0.280  0.465 257
0115  0.392  0.553  0.720  0.270  0.449 254
0116  0.396  0.562  0.733  0.271  0.455 251
0117  0.390  0.566  0.761  0.262  0.451 234
0118  0.383  0.558  0.748  0.258  0.445 234
0119  0.366  0.533  0.693  0.249  0.433 244
0120  0.366  0.540  0.717  0.246  0.434 233
0121  0.363  0.544  0.721  0.243  0.437 229
0122  0.363  0.546  0.703  0.244  0.446 236
0123  0.347  0.530  0.681  0.233  0.434 232
0124  0.338  0.519  0.664  0.227  0.427 232
0125  0.331  0.518  0.677  0.219  0.420 220
0126  0.325  0.509  0.650  0.216  0.418 226
0127  0.326  0.518  0.687  0.214  0.415 211
0128  0.314  0.498  0.654  0.206  0.402 214
0129  0.314  0.504  0.675  0.205  0.402 206
0130  0.310  0.500  0.657  0.203  0.404 210
0131  0.305  0.499  0.655  0.199  0.403 206
0132  0.301  0.497  0.649  0.196  0.403 205
0133  0.292  0.488  0.650  0.189  0.390 197
0134  0.301  0.511  0.689  0.193  0.406 190
0135  0.303  0.516  0.665  0.196  0.421 200
0136  0.279  0.480  0.629  0.180  0.389 194
0137  0.292  0.502  0.643  0.189  0.412 199
0138  0.284  0.494  0.639  0.183  0.403 194
0139  0.297  0.513  0.642  0.193  0.427 204
0140  0.295  0.509  0.624  0.193  0.430 210
0141  0.283  0.495  0.633  0.183  0.407 196
0142  0.278  0.488  0.630  0.178  0.398 192
0143  0.290  0.507  0.641  0.187  0.419 198
0144  0.293  0.513  0.653  0.189  0.422 196
0145  0.292  0.516  0.668  0.187  0.421 190
0146  0.276  0.494  0.635  0.177  0.404 189
0147  0.274  0.490  0.626  0.175  0.402 190
0148  0.266  0.478  0.615  0.169  0.391 187
0149  0.257  0.465  0.597  0.163  0.381 186
0150  0.268  0.488  0.624  0.171  0.401 186
0151  0.271  0.500  0.632  0.172  0.413 185
0152  0.268  0.503  0.663  0.168  0.406 172
0153  0.247  0.464  0.592  0.156  0.381 179
0154  0.259  0.489  0.620  0.163  0.404 179
0155  0.270  0.518  0.648  0.171  0.431 179
0156  0.260  0.505  0.634  0.163  0.419 175
0157  0.249  0.485  0.598  0.158  0.408 179
0158  0.260  0.515  0.634  0.163  0.434 175
0159  0.256  0.505  0.604  0.162  0.433 182
0160  0.244  0.482  0.561  0.156  0.422 189
0161  0.227  0.462  0.554  0.143  0.396 175
0162  0.242  0.498  0.602  0.152  0.424 171
0163  0.250  0.513  0.605  0.158  0.446 177
0164  0.249  0.517  0.609  0.156  0.449 174
0165  0.247  0.515  0.596  0.156  0.453 178
0166  0.235  0.490  0.564  0.149  0.433 179
0167  0.229  0.483  0.571  0.143  0.418 170
0168  0.234  0.495  0.575  0.147  0.435 174
0169  0.221  0.476  0.567  0.137  0.410 164
0170  0.215  0.458  0.520  0.135  0.409 177
0171  0.220  0.485  0.590  0.135  0.413 156
0172  0.216  0.476  0.577  0.133  0.405 156
0173  0.220  0.485  0.579  0.135  0.418 159
0174  0.213  0.482  0.571  0.131  0.418 156
0175  0.215  0.489  0.573  0.133  0.427 157
0176  0.200  0.455  0.525  0.124  0.402 160
0177  0.189  0.446  0.527  0.115  0.386 148
0178  0.189  0.448  0.510  0.116  0.399 155
0179  0.165  0.404  0.472  0.100  0.352 144
0180  0.177  0.431  0.493  0.108  0.382 148
0181  0.178  0.442  0.521  0.108  0.384 140
0182  0.156  0.386  0.448  0.094  0.339 143
0183  0.150  0.379  0.445  0.090  0.330 137
0184  0.154  0.389  0.447  0.093  0.344 141
0185  0.143  0.359  0.401  0.087  0.324 147
0186  0.149  0.382  0.442  0.090  0.337 138
0187  0.145  0.373  0.431  0.087  0.330 137
0188  0.144  0.369  0.415  0.087  0.331 142
0189  0.137  0.364  0.437  0.081  0.313 126
0190  0.130  0.340  0.387  0.078  0.303 137
0191  0.123  0.329  0.373  0.074  0.294 134
0192  0.125  0.342  0.407  0.074  0.296 123
0193  0.135  0.372  0.443  0.080  0.321 122
0194  0.129  0.356  0.406  0.077  0.317 128
0195  0.120  0.338  0.393  0.071  0.296 122
0196  0.125  0.361  0.424  0.074  0.314 118
0197  0.122  0.351  0.402  0.072  0.312 122
0198  0.125  0.364  0.407  0.074  0.329 123
0199  0.123  0.366  0.412  0.072  0.329 119
0200  0.130  0.388  0.426  0.077  0.356 122
0201  0.129  0.384  0.409  0.077  0.361 127
0202  0.115  0.352  0.383  0.068  0.326 120
0203  0.125  0.388  0.410  0.074  0.368 122
0204  0.127  0.395  0.415  0.075  0.378 123
0205  0.134  0.419  0.432  0.080  0.406 125
0206  0.120  0.381  0.400  0.071  0.364 120
0207  0.113  0.363  0.381  0.066  0.346 118
0208  0.132  0.417  0.424  0.078  0.411 125
0209  0.114  0.359  0.359  0.068  0.359 128
0210  0.113  0.375  0.391  0.066  0.360 115
0211  0.122  0.410  0.440  0.071  0.384 109
0212  0.116  0.383  0.397  0.068  0.371 116
0213  0.117  0.405  0.438  0.068  0.377 105
0214  0.117  0.414  0.434  0.068  0.397 106
0215  0.108  0.376  0.374  0.063  0.377 115
0216  0.105  0.378  0.394  0.060  0.363 104
0217  0.101  0.359  0.364  0.059  0.354 110
0218  0.111  0.393  0.389  0.065  0.396 113
0219  0.104  0.371  0.373  0.060  0.369 110
0220  0.101  0.364  0.357  0.059  0.370 112
0221  0.098  0.351  0.339  0.057  0.364 115
0222  0.104  0.374  0.363  0.060  0.387 113
0223  0.106  0.389  0.378  0.062  0.400 111
0224  0.084  0.320  0.317  0.049  0.324 104
0225  0.094  0.356  0.343  0.054  0.370 108
0226  0.092  0.353  0.343  0.053  0.364 105
0227  0.087  0.335  0.318  0.050  0.354 107
0228  0.077  0.306  0.297  0.044  0.316 101
0229  0.082  0.320  0.302  0.047  0.340 106
0230  0.080  0.298  0.264  0.047  0.340 121
0231  0.073  0.284  0.261  0.043  0.312 111
0232  0.073  0.287  0.261  0.043  0.319 111
0233  0.069  0.270  0.248  0.040  0.297 109
0234  0.069  0.274  0.252  0.040  0.300 107
0235  0.061  0.250  0.233  0.035  0.270 103
0236  0.064  0.260  0.238  0.037  0.287 105
0237  0.062  0.259  0.245  0.035  0.276 98
0238  0.061  0.250  0.229  0.035  0.276 105
0239  0.059  0.238  0.215  0.034  0.267 107
0240  0.057  0.247  0.234  0.032  0.262 94
