# File: carpet/move_out Algorithm = FH-SURF  skip 8 tolerance = 5.0
# (time tick) ( F ) ( F all inside) (precision) (recall) (recall all inside) (tracks)
0008  0.796  0.796  0.936  0.693  0.693 420
0016  0.684  0.684  0.920  0.545  0.545 336
0024  0.575  0.575  0.846  0.436  0.436 292
0032  0.540  0.540  0.837  0.399  0.399 270
0040  0.504  0.504  0.824  0.363  0.363 250
0048  0.476  0.476  0.809  0.337  0.337 236
0056  0.445  0.445  0.786  0.310  0.310 224
0064  0.382  0.382  0.737  0.257  0.257 198
0072  0.324  0.324  0.626  0.219  0.219 198
0080  0.306  0.306  0.591  0.206  0.206 198
0088  0.302  0.302  0.606  0.201  0.201 188
0096  0.282  0.282  0.573  0.187  0.187 185
0104  0.268  0.268  0.556  0.176  0.176 180
0112  0.254  0.254  0.540  0.166  0.166 174
0120  0.212  0.212  0.462  0.138  0.138 169
0128  0.204  0.204  0.471  0.131  0.131 157
0136  0.149  0.149  0.371  0.093  0.093 143
0144  0.139  0.139  0.353  0.086  0.086 139
0152  0.112  0.112  0.295  0.069  0.069 132
0160  0.097  0.097  0.252  0.060  0.060 135
0168  0.092  0.092  0.248  0.056  0.056 129
0176  0.075  0.075  0.210  0.046  0.046 124
0184  0.064  0.064  0.190  0.039  0.039 116
0192  0.056  0.056  0.167  0.034  0.034 114
0200  0.061  0.061  0.178  0.037  0.037 118
0208  0.060  0.060  0.198  0.035  0.035 101
0216  0.059  0.059  0.175  0.035  0.035 114
0224  0.064  0.064  0.186  0.039  0.039 118
