# File: carpet/skew Algorithm = FH-SURF  skip 8 tolerance = 5.0
# (time tick) ( F ) ( F all inside) (precision) (recall) (recall all inside) (tracks)
0008  0.875  0.875  0.983  0.789  0.789 528
0016  0.807  0.815  0.962  0.695  0.706 475
0024  0.737  0.761  0.935  0.608  0.642 428
0032  0.653  0.706  0.915  0.508  0.575 365
0040  0.603  0.683  0.895  0.454  0.553 334
0048  0.539  0.642  0.847  0.395  0.517 307
0056  0.502  0.625  0.818  0.362  0.506 291
0064  0.466  0.621  0.769  0.334  0.520 286
0072  0.400  0.596  0.741  0.274  0.499 243
0080  0.337  0.552  0.647  0.228  0.482 232
0088  0.269  0.476  0.581  0.175  0.404 198
0096  0.242  0.453  0.517  0.158  0.403 201
0104  0.207  0.420  0.478  0.132  0.375 182
0112  0.191  0.414  0.467  0.120  0.371 169
0120  0.154  0.363  0.391  0.096  0.339 161
0128  0.119  0.298  0.322  0.073  0.277 149
0136  0.097  0.249  0.273  0.059  0.229 143
0144  0.078  0.212  0.226  0.047  0.200 137
0152  0.067  0.194  0.213  0.040  0.178 122
0160  0.047  0.141  0.157  0.027  0.128 115
0168  0.024  0.075  0.086  0.014  0.067 105
0176  0.028  0.088  0.093  0.017  0.083 118
0184  0.013  0.041  0.045  0.008  0.038 112
0192  0.011  0.035  0.040  0.006  0.031 101
0200  0.005  0.018  0.020  0.003  0.017 100
0208  0.003  0.009  0.011  0.002  0.008 94
