# File: carpet/rotate Algorithm = FH-SURF  skip 8 tolerance = 5.0
# (time tick) ( F ) ( F all inside) (precision) (recall) (recall all inside) (tracks)
0008  0.848  0.855  0.969  0.753  0.765 457
0016  0.758  0.777  0.920  0.645  0.672 412
0024  0.700  0.727  0.892  0.577  0.613 380
0032  0.628  0.661  0.854  0.497  0.540 342
0040  0.620  0.661  0.858  0.485  0.538 332
0048  0.548  0.602  0.805  0.415  0.480 303
0056  0.488  0.552  0.764  0.359  0.432 276
0064  0.485  0.553  0.739  0.361  0.442 287
0072  0.474  0.545  0.765  0.344  0.423 264
0080  0.479  0.552  0.729  0.357  0.444 288
0088  0.549  0.629  0.806  0.417  0.516 304
0096  0.604  0.695  0.847  0.469  0.589 326
0104  0.655  0.763  0.877  0.522  0.676 350
0112  0.647  0.762  0.880  0.512  0.671 342
0120  0.587  0.695  0.818  0.457  0.604 329
0128  0.551  0.649  0.822  0.415  0.536 297
0136  0.508  0.598  0.769  0.379  0.490 290
0144  0.487  0.570  0.766  0.357  0.453 274
0152  0.464  0.536  0.763  0.333  0.414 257
0160  0.473  0.543  0.719  0.352  0.437 288
0168  0.555  0.638  0.836  0.415  0.516 292
0176  0.602  0.698  0.844  0.468  0.596 326
0184  0.669  0.745  0.870  0.544  0.652 368
0192  0.774  0.830  0.953  0.651  0.736 402
