# File: carpet/move_out Algorithm = FH-SURF  skip 1 tolerance = 5.0
# (time tick) ( F ) ( F all inside) (precision) (recall) (recall all inside) (tracks)
0001  0.867  0.867  0.974  0.781  0.781 455
0002  0.852  0.852  0.969  0.760  0.760 445
0003  0.846  0.846  0.966  0.753  0.753 442
0004  0.842  0.842  0.955  0.753  0.753 447
0005  0.820  0.820  0.955  0.718  0.718 426
0006  0.812  0.812  0.952  0.707  0.707 421
0007  0.811  0.811  0.957  0.704  0.704 417
0008  0.796  0.796  0.936  0.693  0.693 420
0009  0.788  0.788  0.946  0.675  0.675 405
0010  0.782  0.782  0.938  0.670  0.670 405
0011  0.776  0.776  0.938  0.661  0.661 400
0012  0.739  0.739  0.928  0.614  0.614 375
0013  0.743  0.743  0.936  0.616  0.616 373
0014  0.722  0.722  0.928  0.591  0.591 361
0015  0.709  0.709  0.934  0.571  0.571 347
0016  0.684  0.684  0.920  0.545  0.545 336
0017  0.670  0.670  0.896  0.534  0.534 338
0018  0.647  0.647  0.884  0.510  0.510 327
0019  0.638  0.638  0.890  0.497  0.497 317
0020  0.621  0.621  0.862  0.485  0.485 319
0021  0.619  0.619  0.854  0.485  0.485 322
0022  0.610  0.610  0.864  0.471  0.471 309
0023  0.603  0.603  0.876  0.460  0.460 298
0024  0.575  0.575  0.846  0.436  0.436 292
0025  0.574  0.574  0.848  0.434  0.434 290
0026  0.572  0.572  0.834  0.436  0.436 296
0027  0.583  0.583  0.846  0.444  0.444 298
0028  0.562  0.562  0.859  0.418  0.418 276
0029  0.543  0.543  0.835  0.402  0.402 273
0030  0.519  0.519  0.807  0.383  0.383 269
0031  0.536  0.536  0.827  0.397  0.397 272
0032  0.540  0.540  0.837  0.399  0.399 270
0033  0.525  0.525  0.817  0.386  0.386 268
0034  0.520  0.520  0.813  0.383  0.383 267
0035  0.507  0.507  0.828  0.365  0.365 250
0036  0.526  0.526  0.847  0.381  0.381 255
0037  0.509  0.509  0.820  0.369  0.369 255
0038  0.501  0.501  0.805  0.363  0.363 256
0039  0.475  0.475  0.788  0.340  0.340 245
0040  0.504  0.504  0.824  0.363  0.363 250
0041  0.492  0.492  0.795  0.356  0.356 254
0042  0.510  0.510  0.829  0.369  0.369 252
0043  0.484  0.484  0.772  0.353  0.353 259
0044  0.498  0.498  0.810  0.360  0.360 252
0045  0.496  0.496  0.806  0.358  0.358 252
0046  0.486  0.486  0.811  0.347  0.347 243
0047  0.483  0.483  0.803  0.346  0.346 244
0048  0.476  0.476  0.809  0.337  0.337 236
0049  0.474  0.474  0.822  0.333  0.333 230
0050  0.464  0.464  0.795  0.328  0.328 234
0051  0.456  0.456  0.784  0.321  0.321 232
0052  0.478  0.478  0.820  0.337  0.337 233
0053  0.428  0.428  0.761  0.298  0.298 222
0054  0.443  0.443  0.785  0.309  0.309 223
0055  0.436  0.436  0.784  0.302  0.302 218
0056  0.445  0.445  0.786  0.310  0.310 224
0057  0.431  0.431  0.775  0.298  0.298 218
0058  0.429  0.429  0.765  0.298  0.298 221
0059  0.414  0.414  0.767  0.284  0.284 210
0060  0.413  0.413  0.756  0.284  0.284 213
0061  0.431  0.431  0.779  0.298  0.298 217
0062  0.385  0.385  0.708  0.265  0.265 212
0063  0.388  0.388  0.728  0.265  0.265 206
0064  0.382  0.382  0.737  0.257  0.257 198
0065  0.384  0.384  0.701  0.265  0.265 214
0066  0.381  0.381  0.721  0.259  0.259 204
0067  0.384  0.384  0.742  0.259  0.259 198
0068  0.381  0.381  0.717  0.259  0.259 205
0069  0.368  0.368  0.681  0.252  0.252 210
0070  0.361  0.361  0.685  0.245  0.245 203
0071  0.351  0.351  0.657  0.240  0.240 207
0072  0.324  0.324  0.626  0.219  0.219 198
0073  0.363  0.363  0.698  0.245  0.245 199
0074  0.350  0.350  0.673  0.236  0.236 199
0075  0.349  0.349  0.663  0.236  0.236 202
0076  0.311  0.311  0.598  0.210  0.210 199
0077  0.317  0.317  0.604  0.215  0.215 202
0078  0.321  0.321  0.618  0.217  0.217 199
0079  0.302  0.302  0.603  0.201  0.201 189
0080  0.306  0.306  0.591  0.206  0.206 198
0081  0.308  0.308  0.609  0.206  0.206 192
0082  0.298  0.298  0.579  0.201  0.201 197
0083  0.291  0.291  0.585  0.194  0.194 188
0084  0.320  0.320  0.637  0.213  0.213 190
0085  0.283  0.283  0.566  0.189  0.189 189
0086  0.320  0.320  0.637  0.213  0.213 190
0087  0.296  0.296  0.607  0.196  0.196 183
0088  0.302  0.302  0.606  0.201  0.201 188
0089  0.286  0.286  0.591  0.189  0.189 181
0090  0.287  0.287  0.616  0.187  0.187 172
0091  0.279  0.279  0.599  0.182  0.182 172
0092  0.275  0.275  0.569  0.182  0.182 181
0093  0.285  0.285  0.582  0.189  0.189 184
0094  0.276  0.276  0.559  0.183  0.183 186
0095  0.298  0.298  0.620  0.196  0.196 179
0096  0.282  0.282  0.573  0.187  0.187 185
0097  0.285  0.285  0.596  0.187  0.187 178
0098  0.283  0.283  0.600  0.185  0.185 175
0099  0.286  0.286  0.588  0.189  0.189 182
0100  0.282  0.282  0.587  0.185  0.185 179
0101  0.282  0.282  0.570  0.187  0.187 186
0102  0.269  0.269  0.565  0.176  0.176 177
0103  0.258  0.258  0.542  0.169  0.169 177
0104  0.268  0.268  0.556  0.176  0.176 180
0105  0.275  0.275  0.563  0.182  0.182 183
0106  0.254  0.254  0.525  0.168  0.168 181
0107  0.262  0.262  0.541  0.173  0.173 181
0108  0.263  0.263  0.564  0.171  0.171 172
0109  0.238  0.238  0.515  0.155  0.155 171
0110  0.269  0.269  0.549  0.178  0.178 184
0111  0.233  0.233  0.542  0.148  0.148 155
0112  0.254  0.254  0.540  0.166  0.166 174
0113  0.253  0.253  0.575  0.162  0.162 160
0114  0.247  0.247  0.520  0.162  0.162 177
0115  0.261  0.261  0.568  0.169  0.169 169
0116  0.257  0.257  0.549  0.168  0.168 173
0117  0.246  0.246  0.523  0.160  0.160 174
0118  0.228  0.228  0.516  0.146  0.146 161
0119  0.240  0.240  0.533  0.155  0.155 165
0120  0.212  0.212  0.462  0.138  0.138 169
0121  0.224  0.224  0.497  0.145  0.145 165
0122  0.225  0.225  0.503  0.145  0.145 163
0123  0.232  0.232  0.509  0.150  0.150 167
0124  0.209  0.209  0.478  0.134  0.134 159
0125  0.180  0.180  0.417  0.115  0.115 156
0126  0.193  0.193  0.446  0.123  0.123 157
0127  0.197  0.197  0.483  0.123  0.123 145
0128  0.204  0.204  0.471  0.131  0.131 157
0129  0.164  0.164  0.383  0.104  0.104 154
0130  0.172  0.172  0.408  0.109  0.109 152
0131  0.174  0.174  0.396  0.111  0.111 159
0132  0.179  0.179  0.432  0.113  0.113 148
0133  0.159  0.159  0.377  0.101  0.101 151
0134  0.169  0.169  0.426  0.106  0.106 141
0135  0.149  0.149  0.371  0.093  0.093 143
0136  0.149  0.149  0.371  0.093  0.093 143
0137  0.149  0.149  0.397  0.092  0.092 131
0138  0.135  0.135  0.336  0.085  0.085 143
0139  0.140  0.140  0.342  0.088  0.088 146
0140  0.157  0.157  0.407  0.097  0.097 135
0141  0.150  0.150  0.373  0.093  0.093 142
0142  0.135  0.135  0.338  0.085  0.085 142
0143  0.143  0.143  0.354  0.090  0.090 144
0144  0.139  0.139  0.353  0.086  0.086 139
0145  0.139  0.139  0.360  0.086  0.086 136
0146  0.133  0.133  0.341  0.083  0.083 138
0147  0.141  0.141  0.352  0.088  0.088 142
0148  0.143  0.143  0.376  0.088  0.088 133
0149  0.128  0.128  0.333  0.079  0.079 135
0150  0.129  0.129  0.344  0.079  0.079 131
0151  0.118  0.118  0.328  0.072  0.072 125
0152  0.112  0.112  0.295  0.069  0.069 132
0153  0.114  0.114  0.299  0.071  0.071 134
0154  0.108  0.108  0.284  0.067  0.067 134
0155  0.115  0.115  0.305  0.071  0.071 131
0156  0.100  0.100  0.269  0.062  0.062 130
0157  0.106  0.106  0.289  0.065  0.065 128
0158  0.112  0.112  0.305  0.069  0.069 128
0159  0.104  0.104  0.286  0.063  0.063 126
0160  0.097  0.097  0.252  0.060  0.060 135
0161  0.099  0.099  0.291  0.060  0.060 117
0162  0.087  0.087  0.252  0.053  0.053 119
0163  0.090  0.090  0.256  0.055  0.055 121
0164  0.089  0.089  0.237  0.055  0.055 131
0165  0.089  0.089  0.246  0.055  0.055 126
0166  0.084  0.084  0.232  0.051  0.051 125
0167  0.091  0.091  0.239  0.056  0.056 134
0168  0.092  0.092  0.248  0.056  0.056 129
0169  0.077  0.077  0.206  0.048  0.048 131
0170  0.094  0.094  0.246  0.058  0.058 134
0171  0.092  0.092  0.250  0.056  0.056 128
0172  0.080  0.080  0.214  0.049  0.049 131
0173  0.082  0.082  0.239  0.049  0.049 117
0174  0.076  0.076  0.220  0.046  0.046 118
0175  0.070  0.070  0.198  0.042  0.042 121
0176  0.075  0.075  0.210  0.046  0.046 124
0177  0.069  0.069  0.189  0.042  0.042 127
0178  0.076  0.076  0.226  0.046  0.046 115
0179  0.070  0.070  0.207  0.042  0.042 116
0180  0.069  0.069  0.188  0.042  0.042 128
0181  0.061  0.061  0.171  0.037  0.037 123
0182  0.069  0.069  0.190  0.042  0.042 126
0183  0.056  0.056  0.168  0.034  0.034 113
0184  0.064  0.064  0.190  0.039  0.039 116
0185  0.062  0.062  0.183  0.037  0.037 115
0186  0.053  0.053  0.162  0.032  0.032 111
0187  0.062  0.062  0.186  0.037  0.037 113
0188  0.062  0.062  0.198  0.037  0.037 106
0189  0.062  0.062  0.194  0.037  0.037 108
0190  0.065  0.065  0.195  0.039  0.039 113
0191  0.064  0.064  0.177  0.039  0.039 124
0192  0.056  0.056  0.167  0.034  0.034 114
0193  0.053  0.053  0.158  0.032  0.032 114
0194  0.059  0.059  0.183  0.035  0.035 109
0195  0.065  0.065  0.191  0.039  0.039 115
0196  0.068  0.068  0.207  0.041  0.041 111
0197  0.067  0.067  0.200  0.041  0.041 115
0198  0.060  0.060  0.192  0.035  0.035 104
0199  0.056  0.056  0.168  0.034  0.034 113
0200  0.061  0.061  0.178  0.037  0.037 118
0201  0.059  0.059  0.179  0.035  0.035 112
0202  0.054  0.054  0.176  0.032  0.032 102
0203  0.068  0.068  0.215  0.041  0.041 107
0204  0.053  0.053  0.162  0.032  0.032 111
0205  0.062  0.062  0.196  0.037  0.037 107
0206  0.054  0.054  0.184  0.032  0.032 98
0207  0.054  0.054  0.171  0.032  0.032 105
0208  0.060  0.060  0.198  0.035  0.035 101
0209  0.059  0.059  0.177  0.035  0.035 113
0210  0.058  0.058  0.171  0.035  0.035 117
0211  0.071  0.071  0.220  0.042  0.042 109
0212  0.061  0.061  0.178  0.037  0.037 118
0213  0.062  0.062  0.189  0.037  0.037 111
0214  0.064  0.064  0.176  0.039  0.039 125
0215  0.064  0.064  0.183  0.039  0.039 120
0216  0.059  0.059  0.175  0.035  0.035 114
0217  0.059  0.059  0.182  0.035  0.035 110
0218  0.061  0.061  0.181  0.037  0.037 116
0219  0.062  0.062  0.196  0.037  0.037 107
0220  0.058  0.058  0.171  0.035  0.035 117
0221  0.053  0.053  0.164  0.032  0.032 110
0222  0.061  0.061  0.176  0.037  0.037 119
0223  0.053  0.053  0.162  0.032  0.032 111
0224  0.064  0.064  0.186  0.039  0.039 118
0225  0.050  0.050  0.148  0.030  0.030 115
0226  0.059  0.059  0.174  0.035  0.035 115
0227  0.059  0.059  0.182  0.035  0.035 110
0228  0.055  0.055  0.156  0.034  0.034 122
0229  0.056  0.056  0.165  0.034  0.034 115
0230  0.056  0.056  0.176  0.034  0.034 108
