# File: carpet/move_out Algorithm = FH-SURF  skip 4 tolerance = 5.0
# (time tick) ( F ) ( F all inside) (precision) (recall) (recall all inside) (tracks)
0004  0.842  0.842  0.955  0.753  0.753 447
0008  0.796  0.796  0.936  0.693  0.693 420
0012  0.739  0.739  0.928  0.614  0.614 375
0016  0.684  0.684  0.920  0.545  0.545 336
0020  0.621  0.621  0.862  0.485  0.485 319
0024  0.575  0.575  0.846  0.436  0.436 292
0028  0.562  0.562  0.859  0.418  0.418 276
0032  0.540  0.540  0.837  0.399  0.399 270
0036  0.526  0.526  0.847  0.381  0.381 255
0040  0.504  0.504  0.824  0.363  0.363 250
0044  0.498  0.498  0.810  0.360  0.360 252
0048  0.476  0.476  0.809  0.337  0.337 236
0052  0.478  0.478  0.820  0.337  0.337 233
0056  0.445  0.445  0.786  0.310  0.310 224
0060  0.413  0.413  0.756  0.284  0.284 213
0064  0.382  0.382  0.737  0.257  0.257 198
0068  0.381  0.381  0.717  0.259  0.259 205
0072  0.324  0.324  0.626  0.219  0.219 198
0076  0.311  0.311  0.598  0.210  0.210 199
0080  0.306  0.306  0.591  0.206  0.206 198
0084  0.320  0.320  0.637  0.213  0.213 190
0088  0.302  0.302  0.606  0.201  0.201 188
0092  0.275  0.275  0.569  0.182  0.182 181
0096  0.282  0.282  0.573  0.187  0.187 185
0100  0.282  0.282  0.587  0.185  0.185 179
0104  0.268  0.268  0.556  0.176  0.176 180
0108  0.263  0.263  0.564  0.171  0.171 172
0112  0.254  0.254  0.540  0.166  0.166 174
0116  0.257  0.257  0.549  0.168  0.168 173
0120  0.212  0.212  0.462  0.138  0.138 169
0124  0.209  0.209  0.478  0.134  0.134 159
0128  0.204  0.204  0.471  0.131  0.131 157
0132  0.179  0.179  0.432  0.113  0.113 148
0136  0.149  0.149  0.371  0.093  0.093 143
0140  0.157  0.157  0.407  0.097  0.097 135
0144  0.139  0.139  0.353  0.086  0.086 139
0148  0.143  0.143  0.376  0.088  0.088 133
0152  0.112  0.112  0.295  0.069  0.069 132
0156  0.100  0.100  0.269  0.062  0.062 130
0160  0.097  0.097  0.252  0.060  0.060 135
0164  0.089  0.089  0.237  0.055  0.055 131
0168  0.092  0.092  0.248  0.056  0.056 129
0172  0.080  0.080  0.214  0.049  0.049 131
0176  0.075  0.075  0.210  0.046  0.046 124
0180  0.069  0.069  0.188  0.042  0.042 128
0184  0.064  0.064  0.190  0.039  0.039 116
0188  0.062  0.062  0.198  0.037  0.037 106
0192  0.056  0.056  0.167  0.034  0.034 114
0196  0.068  0.068  0.207  0.041  0.041 111
0200  0.061  0.061  0.178  0.037  0.037 118
0204  0.053  0.053  0.162  0.032  0.032 111
0208  0.060  0.060  0.198  0.035  0.035 101
0212  0.061  0.061  0.178  0.037  0.037 118
0216  0.059  0.059  0.175  0.035  0.035 114
0220  0.058  0.058  0.171  0.035  0.035 117
0224  0.064  0.064  0.186  0.039  0.039 118
0228  0.055  0.055  0.156  0.034  0.034 122
