# File: carpet/rotate Algorithm = FH-SURF  skip 4 tolerance = 5.0
# (time tick) ( F ) ( F all inside) (precision) (recall) (recall all inside) (tracks)
0004  0.880  0.880  0.989  0.793  0.793 471
0008  0.848  0.855  0.969  0.753  0.765 457
0012  0.798  0.812  0.953  0.687  0.708 424
0016  0.758  0.777  0.920  0.645  0.672 412
0020  0.729  0.751  0.915  0.605  0.637 389
0024  0.700  0.727  0.892  0.577  0.613 380
0028  0.671  0.701  0.888  0.539  0.580 357
0032  0.628  0.661  0.854  0.497  0.540 342
0036  0.648  0.686  0.873  0.515  0.564 347
0040  0.620  0.661  0.858  0.485  0.538 332
0044  0.586  0.641  0.843  0.449  0.517 313
0048  0.548  0.602  0.805  0.415  0.480 303
0052  0.508  0.566  0.796  0.372  0.439 275
0056  0.488  0.552  0.764  0.359  0.432 276
0060  0.476  0.541  0.721  0.355  0.433 290
0064  0.485  0.553  0.739  0.361  0.442 287
0068  0.465  0.531  0.719  0.344  0.421 281
0072  0.474  0.545  0.765  0.344  0.424 264
0076  0.496  0.569  0.771  0.366  0.451 279
0080  0.479  0.553  0.729  0.357  0.445 288
0084  0.520  0.597  0.770  0.393  0.488 300
0088  0.549  0.630  0.806  0.417  0.518 304
0092  0.596  0.686  0.854  0.457  0.574 315
0096  0.604  0.696  0.847  0.469  0.590 326
0100  0.641  0.750  0.871  0.507  0.658 342
0104  0.655  0.764  0.877  0.522  0.677 350
0108  0.669  0.781  0.895  0.534  0.693 351
0112  0.647  0.763  0.880  0.512  0.673 342
0116  0.628  0.736  0.866  0.493  0.640 335
0120  0.587  0.696  0.818  0.457  0.605 329
0124  0.562  0.665  0.804  0.432  0.568 316
0128  0.551  0.650  0.822  0.415  0.537 297
0132  0.523  0.613  0.803  0.388  0.495 284
0136  0.508  0.599  0.769  0.379  0.491 290
0140  0.493  0.582  0.750  0.367  0.475 288
0144  0.487  0.570  0.766  0.357  0.454 274
0148  0.475  0.553  0.771  0.344  0.431 262
0152  0.464  0.537  0.763  0.333  0.415 257
0156  0.466  0.544  0.724  0.344  0.436 279
0160  0.473  0.544  0.719  0.352  0.438 288
0164  0.494  0.574  0.767  0.364  0.459 279
0168  0.555  0.639  0.836  0.415  0.518 292
0172  0.597  0.691  0.852  0.459  0.581 317
0176  0.602  0.699  0.844  0.468  0.597 326
0180  0.650  0.744  0.856  0.524  0.658 360
0184  0.669  0.746  0.870  0.544  0.653 368
0188  0.719  0.795  0.911  0.594  0.705 383
0192  0.774  0.830  0.953  0.651  0.735 402
0196  0.834  0.887  0.977  0.728  0.813 438
