# File: carpet/rotate Algorithm = FH-SURF  skip 1 tolerance = 5.0
# (time tick) ( F ) ( F all inside) (precision) (recall) (recall all inside) (tracks)
0001  0.919  0.919  0.998  0.852  0.852 502
0002  0.897  0.897  0.988  0.821  0.821 489
0003  0.892  0.892  0.990  0.811  0.811 482
0004  0.880  0.880  0.989  0.793  0.793 471
0005  0.867  0.867  0.977  0.779  0.779 469
0006  0.873  0.876  0.985  0.784  0.788 468
0007  0.868  0.872  0.977  0.781  0.787 470
0008  0.848  0.855  0.969  0.753  0.765 457
0009  0.850  0.858  0.969  0.757  0.770 459
0010  0.827  0.839  0.960  0.726  0.745 445
0011  0.797  0.811  0.962  0.680  0.701 416
0012  0.798  0.813  0.953  0.687  0.709 424
0013  0.792  0.808  0.946  0.682  0.705 424
0014  0.747  0.763  0.916  0.631  0.654 405
0015  0.755  0.773  0.937  0.633  0.657 397
0016  0.758  0.777  0.920  0.645  0.673 412
0017  0.746  0.766  0.912  0.631  0.660 407
0018  0.758  0.780  0.933  0.638  0.670 402
0019  0.714  0.736  0.908  0.588  0.619 381
0020  0.729  0.752  0.915  0.605  0.638 389
0021  0.724  0.747  0.912  0.600  0.633 387
0022  0.706  0.731  0.887  0.587  0.622 389
0023  0.701  0.728  0.890  0.578  0.616 382
0024  0.700  0.727  0.892  0.577  0.614 380
0025  0.675  0.703  0.889  0.544  0.581 360
0026  0.674  0.703  0.873  0.549  0.588 370
0027  0.661  0.692  0.867  0.534  0.575 362
0028  0.671  0.702  0.888  0.539  0.581 357
0029  0.649  0.681  0.853  0.524  0.566 361
0030  0.662  0.695  0.877  0.532  0.575 357
0031  0.659  0.694  0.883  0.526  0.571 350
0032  0.628  0.662  0.854  0.497  0.541 342
0033  0.645  0.679  0.870  0.512  0.557 346
0034  0.659  0.695  0.874  0.529  0.577 356
0035  0.648  0.686  0.873  0.515  0.564 347
0036  0.648  0.686  0.873  0.515  0.565 347
0037  0.612  0.650  0.856  0.476  0.524 327
0038  0.611  0.650  0.858  0.474  0.522 325
0039  0.604  0.642  0.847  0.469  0.517 326
0040  0.620  0.661  0.858  0.485  0.537 332
0041  0.623  0.670  0.884  0.481  0.539 320
0042  0.595  0.645  0.869  0.452  0.513 306
0043  0.580  0.630  0.854  0.439  0.499 302
0044  0.586  0.640  0.843  0.449  0.516 313
0045  0.570  0.624  0.838  0.432  0.497 303
0046  0.553  0.608  0.830  0.415  0.479 294
0047  0.553  0.607  0.803  0.422  0.488 309
0048  0.548  0.602  0.805  0.415  0.481 303
0049  0.537  0.597  0.811  0.401  0.472 291
0050  0.529  0.588  0.808  0.393  0.462 286
0051  0.526  0.584  0.794  0.393  0.462 291
0052  0.508  0.567  0.796  0.372  0.440 275
0053  0.518  0.577  0.778  0.388  0.459 293
0054  0.527  0.590  0.792  0.395  0.470 293
0055  0.495  0.559  0.780  0.362  0.436 273
0056  0.488  0.553  0.764  0.359  0.433 276
0057  0.483  0.550  0.762  0.354  0.431 273
0058  0.471  0.536  0.724  0.349  0.425 283
0059  0.497  0.563  0.759  0.369  0.448 286
0060  0.476  0.540  0.721  0.355  0.432 290
0061  0.482  0.550  0.749  0.355  0.434 279
0062  0.488  0.557  0.747  0.362  0.444 285
0063  0.487  0.554  0.745  0.362  0.441 286
0064  0.485  0.553  0.739  0.361  0.441 287
0065  0.480  0.548  0.748  0.354  0.432 278
0066  0.496  0.564  0.763  0.367  0.447 283
0067  0.480  0.548  0.748  0.354  0.432 278
0068  0.465  0.532  0.719  0.344  0.422 281
0069  0.474  0.544  0.755  0.345  0.425 269
0070  0.460  0.529  0.718  0.338  0.419 277
0071  0.469  0.537  0.737  0.344  0.423 274
0072  0.474  0.545  0.765  0.344  0.424 264
0073  0.462  0.533  0.751  0.333  0.413 261
0074  0.468  0.539  0.732  0.344  0.427 276
0075  0.470  0.540  0.722  0.349  0.431 284
0076  0.496  0.569  0.771  0.366  0.451 279
0077  0.487  0.560  0.735  0.364  0.452 291
0078  0.475  0.545  0.731  0.352  0.435 283
0079  0.499  0.576  0.755  0.372  0.466 290
0080  0.479  0.554  0.729  0.357  0.446 288
0081  0.500  0.578  0.753  0.374  0.469 292
0082  0.498  0.575  0.757  0.371  0.463 288
0083  0.498  0.572  0.743  0.374  0.465 296
0084  0.520  0.598  0.770  0.393  0.489 300
0085  0.523  0.605  0.783  0.393  0.492 295
0086  0.541  0.624  0.795  0.410  0.513 303
0087  0.542  0.628  0.801  0.410  0.516 301
0088  0.549  0.631  0.806  0.417  0.519 304
0089  0.544  0.626  0.790  0.415  0.519 309
0090  0.552  0.642  0.817  0.417  0.529 300
0091  0.572  0.661  0.817  0.440  0.556 317
0092  0.596  0.687  0.854  0.457  0.575 315
0093  0.586  0.679  0.851  0.447  0.564 309
0094  0.598  0.688  0.845  0.463  0.580 322
0095  0.599  0.693  0.838  0.466  0.591 327
0096  0.604  0.697  0.847  0.469  0.592 326
0097  0.630  0.728  0.861  0.497  0.631 339
0098  0.625  0.719  0.858  0.491  0.620 337
0099  0.621  0.723  0.854  0.488  0.627 336
0100  0.641  0.751  0.871  0.507  0.660 342
0101  0.661  0.769  0.876  0.531  0.684 356
0102  0.659  0.768  0.900  0.520  0.670 340
0103  0.664  0.775  0.891  0.529  0.686 349
0104  0.655  0.765  0.877  0.522  0.679 350
0105  0.636  0.747  0.872  0.500  0.653 337
0106  0.637  0.746  0.863  0.505  0.657 344
0107  0.667  0.777  0.894  0.532  0.688 350
0108  0.669  0.783  0.895  0.534  0.696 351
0109  0.660  0.773  0.893  0.524  0.681 345
0110  0.657  0.777  0.890  0.520  0.690 344
0111  0.644  0.760  0.887  0.505  0.664 335
0112  0.647  0.765  0.880  0.512  0.676 342
0113  0.653  0.771  0.882  0.519  0.685 346
0114  0.631  0.749  0.859  0.498  0.664 341
0115  0.637  0.757  0.873  0.502  0.668 338
0116  0.628  0.739  0.866  0.493  0.645 335
0117  0.622  0.728  0.857  0.488  0.633 335
0118  0.613  0.724  0.838  0.483  0.638 339
0119  0.607  0.718  0.855  0.471  0.619 324
0120  0.587  0.698  0.818  0.457  0.609 329
0121  0.584  0.693  0.824  0.452  0.598 323
0122  0.576  0.680  0.818  0.444  0.581 319
0123  0.570  0.675  0.823  0.435  0.572 311
0124  0.562  0.668  0.804  0.432  0.572 316
0125  0.551  0.654  0.799  0.420  0.553 309
0126  0.559  0.660  0.798  0.430  0.562 317
0127  0.568  0.672  0.815  0.435  0.572 314
0128  0.551  0.653  0.822  0.415  0.541 297
0129  0.552  0.655  0.809  0.418  0.551 304
0130  0.539  0.631  0.792  0.408  0.525 303
0131  0.538  0.630  0.804  0.405  0.518 296
0132  0.523  0.615  0.803  0.388  0.499 284
0133  0.538  0.637  0.794  0.406  0.532 301
0134  0.523  0.622  0.773  0.395  0.520 300
0135  0.521  0.615  0.773  0.393  0.511 299
0136  0.508  0.602  0.769  0.379  0.494 290
0137  0.506  0.599  0.773  0.376  0.489 286
0138  0.491  0.576  0.749  0.366  0.468 287
0139  0.478  0.566  0.738  0.354  0.459 282
0140  0.493  0.584  0.750  0.367  0.478 288
0141  0.475  0.560  0.736  0.350  0.452 280
0142  0.483  0.565  0.718  0.364  0.466 298
0143  0.480  0.565  0.755  0.352  0.452 274
0144  0.487  0.572  0.766  0.357  0.456 274
0145  0.466  0.553  0.731  0.342  0.445 275
0146  0.494  0.583  0.785  0.361  0.464 270
0147  0.478  0.562  0.738  0.354  0.454 282
0148  0.475  0.555  0.771  0.344  0.433 262
0149  0.479  0.561  0.747  0.352  0.449 277
0150  0.475  0.558  0.763  0.345  0.440 266
0151  0.464  0.550  0.747  0.337  0.435 265
0152  0.464  0.539  0.763  0.333  0.416 257
0153  0.469  0.546  0.744  0.342  0.431 270
0154  0.465  0.544  0.753  0.337  0.426 263
0155  0.475  0.555  0.753  0.347  0.440 271
0156  0.466  0.546  0.724  0.344  0.438 279
0157  0.471  0.556  0.734  0.347  0.447 278
0158  0.483  0.567  0.740  0.359  0.459 285
0159  0.483  0.557  0.745  0.357  0.445 282
0160  0.473  0.546  0.719  0.352  0.440 288
0161  0.482  0.561  0.739  0.357  0.452 284
0162  0.475  0.561  0.738  0.350  0.452 279
0163  0.510  0.597  0.777  0.379  0.485 287
0164  0.494  0.576  0.767  0.364  0.461 279
0165  0.499  0.583  0.785  0.366  0.464 274
0166  0.527  0.609  0.807  0.391  0.489 285
0167  0.568  0.655  0.840  0.429  0.536 300
0168  0.555  0.641  0.836  0.415  0.520 292
0169  0.563  0.649  0.828  0.427  0.534 303
0170  0.564  0.653  0.839  0.425  0.534 298
0171  0.575  0.661  0.866  0.430  0.534 292
0172  0.597  0.691  0.852  0.459  0.581 317
0173  0.595  0.689  0.861  0.454  0.574 310
0174  0.614  0.713  0.874  0.473  0.602 318
0175  0.617  0.713  0.858  0.481  0.609 330
0176  0.602  0.701  0.844  0.468  0.600 326
0177  0.602  0.697  0.856  0.464  0.588 319
0178  0.623  0.717  0.862  0.488  0.614 333
0179  0.632  0.732  0.855  0.502  0.640 345
0180  0.650  0.746  0.856  0.524  0.661 360
0181  0.642  0.729  0.862  0.512  0.631 349
0182  0.662  0.753  0.870  0.534  0.664 361
0183  0.671  0.758  0.883  0.541  0.664 360
0184  0.669  0.748  0.870  0.544  0.656 368
0185  0.697  0.783  0.889  0.573  0.699 379
0186  0.706  0.785  0.891  0.585  0.701 386
0187  0.710  0.782  0.884  0.594  0.701 395
0188  0.719  0.797  0.911  0.594  0.708 383
0189  0.723  0.791  0.907  0.600  0.701 389
0190  0.737  0.810  0.930  0.611  0.718 386
0191  0.760  0.828  0.935  0.639  0.744 402
0192  0.774  0.832  0.953  0.651  0.739 402
0193  0.785  0.843  0.958  0.665  0.753 408
0194  0.828  0.888  0.972  0.721  0.816 436
0195  0.819  0.872  0.970  0.709  0.793 430
0196  0.834  0.887  0.977  0.728  0.812 438
0197  0.832  0.872  0.964  0.731  0.795 446
0198  0.843  0.882  0.971  0.745  0.807 451
0199  0.846  0.881  0.976  0.747  0.802 450
