# File: carpet/move_in Algorithm = FH-SURF  skip 8 tolerance = 5.0
# (time tick) ( F ) ( F all inside) (precision) (recall) (recall all inside) (tracks)
0008  0.868  0.868  0.991  0.772  0.773 529
0016  0.825  0.839  0.972  0.717  0.738 501
0024  0.781  0.806  0.961  0.658  0.694 465
0032  0.751  0.782  0.938  0.626  0.670 453
0040  0.737  0.775  0.953  0.601  0.653 428
0048  0.652  0.691  0.888  0.515  0.565 394
0056  0.628  0.682  0.899  0.483  0.550 365
0064  0.584  0.654  0.862  0.442  0.527 348
0072  0.567  0.654  0.843  0.427  0.534 344
0080  0.515  0.608  0.806  0.378  0.488 319
0088  0.509  0.619  0.801  0.373  0.504 316
0096  0.504  0.636  0.833  0.361  0.515 294
0104  0.471  0.617  0.807  0.333  0.499 280
0112  0.415  0.576  0.766  0.284  0.462 252
0120  0.366  0.540  0.717  0.246  0.434 233
0128  0.314  0.497  0.654  0.206  0.401 214
0136  0.279  0.479  0.629  0.180  0.387 194
0144  0.293  0.513  0.653  0.189  0.422 196
0152  0.268  0.503  0.663  0.168  0.406 172
0160  0.244  0.482  0.561  0.156  0.422 189
0168  0.234  0.495  0.575  0.147  0.435 174
0176  0.200  0.455  0.525  0.124  0.402 160
0184  0.154  0.389  0.447  0.093  0.344 141
0192  0.125  0.342  0.407  0.074  0.296 123
0200  0.130  0.388  0.426  0.077  0.356 122
0208  0.132  0.416  0.424  0.078  0.408 125
0216  0.105  0.378  0.394  0.060  0.363 104
0224  0.084  0.320  0.317  0.049  0.324 104
0232  0.073  0.287  0.261  0.043  0.319 111
0240  0.057  0.247  0.234  0.032  0.262 94
