# File: carpet/skew Algorithm = FH-SURF  skip 1 tolerance = 5.0
# (time tick) ( F ) ( F all inside) (precision) (recall) (recall all inside) (tracks)
0001  0.913  0.913  0.998  0.842  0.842 555
0002  0.899  0.899  0.986  0.827  0.827 552
0003  0.891  0.891  0.991  0.810  0.810 538
0004  0.884  0.884  0.976  0.807  0.807 544
0005  0.869  0.869  0.979  0.781  0.781 525
0006  0.882  0.882  0.985  0.798  0.798 533
0007  0.875  0.875  0.985  0.787  0.787 526
0008  0.875  0.875  0.983  0.789  0.789 528
0009  0.871  0.872  0.987  0.780  0.781 520
0010  0.861  0.862  0.981  0.767  0.769 515
0011  0.851  0.852  0.978  0.752  0.755 506
0012  0.842  0.845  0.984  0.736  0.741 492
0013  0.833  0.837  0.970  0.729  0.736 495
0014  0.841  0.846  0.978  0.737  0.745 496
0015  0.814  0.820  0.961  0.707  0.715 484
0016  0.807  0.815  0.962  0.695  0.706 475
0017  0.798  0.806  0.963  0.681  0.692 465
0018  0.801  0.811  0.964  0.685  0.700 468
0019  0.793  0.804  0.959  0.676  0.692 464
0020  0.774  0.785  0.949  0.653  0.670 453
0021  0.780  0.794  0.958  0.658  0.678 452
0022  0.775  0.790  0.968  0.646  0.667 439
0023  0.752  0.773  0.935  0.629  0.659 443
0024  0.737  0.761  0.935  0.608  0.642 428
0025  0.729  0.761  0.942  0.594  0.638 415
0026  0.709  0.743  0.935  0.571  0.616 402
0027  0.693  0.728  0.911  0.559  0.606 404
0028  0.703  0.746  0.946  0.559  0.615 389
0029  0.691  0.736  0.926  0.552  0.611 392
0030  0.676  0.723  0.915  0.536  0.597 386
0031  0.676  0.727  0.926  0.532  0.598 378
0032  0.653  0.706  0.915  0.508  0.575 365
0033  0.658  0.716  0.916  0.514  0.588 369
0034  0.635  0.698  0.893  0.492  0.572 363
0035  0.633  0.702  0.902  0.488  0.575 356
0036  0.629  0.698  0.894  0.485  0.573 357
0037  0.606  0.675  0.899  0.457  0.540 335
0038  0.609  0.681  0.875  0.467  0.557 351
0039  0.594  0.670  0.881  0.448  0.541 335
0040  0.603  0.684  0.895  0.454  0.554 334
0041  0.564  0.644  0.843  0.424  0.521 331
0042  0.554  0.638  0.854  0.410  0.508 316
0043  0.548  0.635  0.855  0.403  0.505 310
0044  0.551  0.640  0.843  0.409  0.516 319
0045  0.543  0.632  0.822  0.406  0.513 325
0046  0.533  0.626  0.825  0.394  0.504 314
0047  0.535  0.632  0.840  0.392  0.507 307
0048  0.539  0.642  0.847  0.395  0.517 307
0049  0.523  0.630  0.844  0.378  0.502 295
0050  0.526  0.636  0.840  0.383  0.512 300
0051  0.527  0.640  0.825  0.388  0.523 309
0052  0.511  0.624  0.817  0.372  0.505 300
0053  0.522  0.640  0.833  0.380  0.520 300
0054  0.514  0.633  0.815  0.375  0.518 303
0055  0.505  0.624  0.797  0.369  0.513 305
0056  0.502  0.625  0.818  0.362  0.506 291
0057  0.503  0.630  0.803  0.366  0.518 300
0058  0.500  0.630  0.817  0.360  0.513 290
0059  0.502  0.634  0.803  0.365  0.524 299
0060  0.492  0.627  0.806  0.354  0.513 289
0061  0.479  0.620  0.778  0.347  0.515 293
0062  0.473  0.615  0.782  0.339  0.507 285
0063  0.478  0.626  0.773  0.347  0.527 295
0064  0.466  0.621  0.769  0.334  0.520 286
0065  0.437  0.591  0.770  0.305  0.480 261
0066  0.451  0.612  0.769  0.319  0.508 273
0067  0.447  0.613  0.772  0.315  0.509 268
0068  0.435  0.602  0.766  0.304  0.495 261
0069  0.441  0.611  0.772  0.309  0.506 263
0070  0.427  0.605  0.762  0.296  0.501 256
0071  0.406  0.587  0.739  0.280  0.487 249
0072  0.400  0.597  0.741  0.274  0.500 243
0073  0.382  0.574  0.698  0.263  0.487 248
0074  0.388  0.588  0.714  0.266  0.500 245
0075  0.355  0.548  0.671  0.242  0.464 237
0076  0.361  0.569  0.699  0.243  0.480 229
0077  0.346  0.553  0.654  0.236  0.478 237
0078  0.333  0.538  0.641  0.225  0.464 231
0079  0.345  0.563  0.665  0.233  0.487 230
0080  0.337  0.552  0.647  0.228  0.482 232
0081  0.328  0.541  0.639  0.220  0.469 227
0082  0.301  0.506  0.621  0.199  0.427 211
0083  0.306  0.514  0.615  0.204  0.442 218
0084  0.305  0.521  0.638  0.201  0.440 207
0085  0.309  0.526  0.613  0.207  0.461 222
0086  0.284  0.495  0.610  0.185  0.416 200
0087  0.278  0.487  0.583  0.182  0.418 206
0088  0.269  0.476  0.581  0.175  0.404 198
0089  0.264  0.476  0.583  0.170  0.401 192
0090  0.263  0.474  0.565  0.172  0.408 200
0091  0.263  0.480  0.574  0.170  0.412 195
0092  0.246  0.457  0.550  0.158  0.391 189
0093  0.246  0.458  0.536  0.160  0.399 196
0094  0.242  0.451  0.528  0.157  0.393 195
0095  0.233  0.440  0.530  0.149  0.377 185
0096  0.242  0.453  0.517  0.158  0.403 201
0097  0.239  0.452  0.520  0.155  0.400 196
0098  0.235  0.457  0.554  0.149  0.389 177
0099  0.242  0.468  0.531  0.157  0.419 194
0100  0.212  0.419  0.489  0.135  0.366 182
0101  0.222  0.438  0.495  0.143  0.393 190
0102  0.214  0.431  0.492  0.137  0.383 183
0103  0.209  0.422  0.478  0.134  0.378 184
0104  0.207  0.422  0.478  0.132  0.378 182
0105  0.211  0.436  0.497  0.134  0.388 177
0106  0.212  0.442  0.509  0.134  0.391 173
0107  0.188  0.397  0.459  0.119  0.350 170
0108  0.195  0.408  0.466  0.123  0.363 174
0109  0.195  0.408  0.451  0.125  0.373 182
0110  0.199  0.422  0.474  0.126  0.381 175
0111  0.194  0.413  0.458  0.123  0.377 177
0112  0.191  0.414  0.467  0.120  0.371 169
0113  0.182  0.390  0.427  0.116  0.358 178
0114  0.171  0.375  0.413  0.108  0.343 172
0115  0.171  0.381  0.418  0.108  0.350 170
0116  0.164  0.370  0.416  0.102  0.333 161
0117  0.161  0.364  0.402  0.100  0.332 164
0118  0.159  0.361  0.386  0.100  0.338 171
0119  0.164  0.378  0.402  0.103  0.356 169
0120  0.154  0.364  0.391  0.096  0.341 161
0121  0.140  0.337  0.365  0.087  0.313 156
0122  0.129  0.311  0.329  0.081  0.294 161
0123  0.120  0.292  0.310  0.074  0.275 158
0124  0.128  0.315  0.340  0.079  0.294 153
0125  0.121  0.298  0.322  0.074  0.277 152
0126  0.123  0.307  0.329  0.076  0.287 152
0127  0.119  0.300  0.327  0.073  0.277 147
0128  0.119  0.299  0.322  0.073  0.279 149
0129  0.106  0.262  0.276  0.065  0.250 156
0130  0.113  0.281  0.295  0.070  0.269 156
0131  0.106  0.264  0.274  0.065  0.254 157
0132  0.119  0.302  0.322  0.073  0.284 149
0133  0.121  0.307  0.325  0.074  0.292 151
0134  0.096  0.245  0.257  0.059  0.234 152
0135  0.109  0.280  0.299  0.067  0.263 147
0136  0.097  0.252  0.273  0.059  0.234 143
0137  0.087  0.224  0.238  0.053  0.212 147
0138  0.085  0.222  0.239  0.052  0.207 142
0139  0.085  0.221  0.236  0.052  0.209 144
0140  0.097  0.252  0.262  0.059  0.242 149
0141  0.088  0.232  0.246  0.053  0.219 142
0142  0.083  0.223  0.237  0.050  0.210 139
0143  0.083  0.224  0.237  0.050  0.213 139
0144  0.078  0.213  0.226  0.047  0.201 137
0145  0.078  0.214  0.226  0.047  0.203 137
0146  0.083  0.232  0.248  0.050  0.217 133
0147  0.074  0.206  0.223  0.044  0.191 130
0148  0.076  0.214  0.233  0.046  0.199 129
0149  0.073  0.205  0.220  0.044  0.192 132
0150  0.068  0.191  0.205  0.041  0.180 132
0151  0.071  0.202  0.215  0.043  0.190 130
0152  0.067  0.194  0.213  0.040  0.178 122
0153  0.059  0.172  0.187  0.035  0.159 123
0154  0.064  0.188  0.205  0.038  0.174 122
0155  0.071  0.202  0.211  0.043  0.194 133
0156  0.064  0.187  0.202  0.038  0.174 124
0157  0.054  0.160  0.178  0.032  0.146 118
0158  0.064  0.185  0.197  0.038  0.174 127
0159  0.056  0.165  0.177  0.033  0.154 124
0160  0.047  0.141  0.157  0.027  0.128 115
0161  0.047  0.143  0.161  0.027  0.129 112
0162  0.054  0.165  0.183  0.032  0.151 115
0163  0.044  0.135  0.149  0.026  0.123 114
0164  0.044  0.136  0.152  0.026  0.123 112
0165  0.029  0.092  0.108  0.017  0.080 102
0166  0.034  0.102  0.110  0.020  0.096 118
0167  0.031  0.096  0.105  0.018  0.088 114
0168  0.024  0.075  0.086  0.014  0.067 105
0169  0.026  0.083  0.093  0.015  0.075 108
0170  0.029  0.092  0.106  0.017  0.082 104
0171  0.021  0.065  0.072  0.012  0.060 111
0172  0.023  0.074  0.083  0.014  0.067 108
0173  0.021  0.063  0.067  0.012  0.060 120
0174  0.021  0.067  0.075  0.012  0.060 106
0175  0.018  0.056  0.060  0.011  0.053 117
0176  0.028  0.088  0.093  0.017  0.083 118
0177  0.021  0.064  0.067  0.012  0.061 119
0178  0.018  0.059  0.067  0.011  0.053 105
0179  0.016  0.051  0.058  0.009  0.045 104
0180  0.016  0.051  0.056  0.009  0.047 108
0181  0.021  0.070  0.079  0.012  0.062 101
0182  0.018  0.059  0.065  0.011  0.054 108
0183  0.013  0.044  0.051  0.008  0.039 99
0184  0.013  0.041  0.045  0.008  0.039 112
0185  0.011  0.036  0.042  0.006  0.031 95
0186  0.011  0.035  0.041  0.006  0.031 97
0187  0.013  0.045  0.053  0.008  0.039 95
0188  0.011  0.035  0.040  0.006  0.031 99
0189  0.011  0.036  0.043  0.006  0.031 93
0190  0.003  0.009  0.011  0.002  0.008 90
0191  0.011  0.034  0.039  0.006  0.031 103
0192  0.011  0.035  0.040  0.006  0.031 101
0193  0.013  0.043  0.048  0.008  0.039 104
0194  0.008  0.026  0.029  0.005  0.023 104
0195  0.008  0.028  0.033  0.005  0.024 90
0196  0.008  0.026  0.028  0.005  0.024 109
0197  0.003  0.009  0.010  0.002  0.008 102
0198  0.005  0.018  0.020  0.003  0.017 99
0199  0.008  0.026  0.027  0.005  0.025 113
0200  0.005  0.018  0.020  0.003  0.017 100
0201  0.005  0.018  0.019  0.003  0.017 103
0202  0.003  0.009  0.011  0.002  0.008 95
0203  0.005  0.019  0.021  0.003  0.017 96
0204  0.003  0.009  0.011  0.002  0.008 95
0205  0.003  0.010  0.011  0.002  0.008 91
0206  0.003  0.009  0.011  0.002  0.008 94
0207  0.003  0.009  0.011  0.002  0.008 92
0208  0.003  0.009  0.011  0.002  0.008 94
0209  0.003  0.010  0.012  0.002  0.008 82
