# File: carpet/move_in Algorithm = FH-SURF  skip 4 tolerance = 5.0
# (time tick) ( F ) ( F all inside) (precision) (recall) (recall all inside) (tracks)
0004  0.871  0.871  0.978  0.785  0.785 545
0008  0.868  0.868  0.991  0.772  0.773 529
0012  0.847  0.853  0.982  0.744  0.754 514
0016  0.825  0.839  0.972  0.717  0.738 501
0020  0.783  0.804  0.955  0.663  0.693 471
0024  0.781  0.806  0.961  0.658  0.694 465
0028  0.769  0.797  0.956  0.644  0.683 457
0032  0.751  0.782  0.938  0.626  0.670 453
0036  0.747  0.781  0.950  0.616  0.662 440
0040  0.737  0.775  0.953  0.601  0.653 428
0044  0.710  0.749  0.924  0.576  0.630 423
0048  0.652  0.691  0.888  0.515  0.565 394
0052  0.634  0.680  0.886  0.493  0.552 378
0056  0.628  0.682  0.899  0.483  0.550 365
0060  0.606  0.674  0.880  0.462  0.546 357
0064  0.584  0.654  0.862  0.442  0.527 348
0068  0.571  0.649  0.842  0.432  0.528 348
0072  0.567  0.654  0.843  0.427  0.534 344
0076  0.535  0.625  0.809  0.399  0.509 335
0080  0.515  0.608  0.806  0.378  0.488 319
0084  0.510  0.608  0.790  0.377  0.494 324
0088  0.509  0.619  0.801  0.373  0.504 316
0092  0.508  0.630  0.820  0.368  0.511 305
0096  0.504  0.636  0.833  0.361  0.515 294
0100  0.481  0.624  0.814  0.342  0.505 285
0104  0.471  0.617  0.807  0.333  0.499 280
0108  0.453  0.617  0.808  0.315  0.499 265
0112  0.415  0.576  0.766  0.284  0.462 252
0116  0.396  0.562  0.733  0.271  0.455 251
0120  0.366  0.540  0.717  0.246  0.434 233
0124  0.338  0.519  0.664  0.227  0.427 232
0128  0.314  0.498  0.654  0.206  0.402 214
0132  0.301  0.497  0.649  0.196  0.403 205
0136  0.279  0.480  0.629  0.180  0.389 194
0140  0.295  0.509  0.624  0.193  0.430 210
0144  0.293  0.513  0.653  0.189  0.422 196
0148  0.266  0.478  0.615  0.169  0.391 187
0152  0.268  0.503  0.663  0.168  0.406 172
0156  0.260  0.505  0.634  0.163  0.419 175
0160  0.244  0.482  0.561  0.156  0.422 189
0164  0.249  0.517  0.609  0.156  0.449 174
0168  0.234  0.495  0.575  0.147  0.435 174
0172  0.216  0.476  0.577  0.133  0.405 156
0176  0.200  0.455  0.525  0.124  0.402 160
0180  0.177  0.431  0.493  0.108  0.382 148
0184  0.154  0.389  0.447  0.093  0.344 141
0188  0.144  0.368  0.415  0.087  0.330 142
0192  0.125  0.342  0.407  0.074  0.296 123
0196  0.125  0.361  0.424  0.074  0.314 118
0200  0.130  0.388  0.426  0.077  0.356 122
0204  0.127  0.395  0.415  0.075  0.378 123
0208  0.132  0.417  0.424  0.078  0.411 125
0212  0.116  0.383  0.397  0.068  0.371 116
0216  0.105  0.378  0.394  0.060  0.363 104
0220  0.101  0.364  0.357  0.059  0.370 112
0224  0.084  0.320  0.317  0.049  0.324 104
0228  0.077  0.306  0.297  0.044  0.316 101
0232  0.073  0.287  0.261  0.043  0.319 111
0236  0.064  0.260  0.238  0.037  0.287 105
0240  0.057  0.247  0.234  0.032  0.262 94
