# File: carpet/skew Algorithm = FH-SURF  skip 4 tolerance = 5.0
# (time tick) ( F ) ( F all inside) (precision) (recall) (recall all inside) (tracks)
0004  0.884  0.884  0.976  0.807  0.807 544
0008  0.875  0.875  0.983  0.789  0.789 528
0012  0.842  0.845  0.984  0.736  0.741 492
0016  0.807  0.815  0.962  0.695  0.706 475
0020  0.774  0.785  0.949  0.653  0.670 453
0024  0.737  0.761  0.935  0.608  0.642 428
0028  0.703  0.746  0.946  0.559  0.615 389
0032  0.653  0.706  0.915  0.508  0.575 365
0036  0.629  0.697  0.894  0.485  0.572 357
0040  0.603  0.683  0.895  0.454  0.553 334
0044  0.551  0.640  0.843  0.409  0.515 319
0048  0.539  0.642  0.847  0.395  0.517 307
0052  0.511  0.623  0.817  0.372  0.504 300
0056  0.502  0.625  0.818  0.362  0.506 291
0060  0.492  0.627  0.806  0.354  0.513 289
0064  0.466  0.621  0.769  0.334  0.520 286
0068  0.435  0.602  0.766  0.304  0.495 261
0072  0.400  0.596  0.741  0.274  0.499 243
0076  0.361  0.569  0.699  0.243  0.480 229
0080  0.337  0.552  0.647  0.228  0.482 232
0084  0.305  0.521  0.638  0.201  0.440 207
0088  0.269  0.476  0.581  0.175  0.404 198
0092  0.246  0.457  0.550  0.158  0.391 189
0096  0.242  0.453  0.517  0.158  0.403 201
0100  0.212  0.417  0.489  0.135  0.363 182
0104  0.207  0.421  0.478  0.132  0.377 182
0108  0.195  0.407  0.466  0.123  0.362 174
0112  0.191  0.414  0.467  0.120  0.371 169
0116  0.164  0.370  0.416  0.102  0.333 161
0120  0.154  0.364  0.391  0.096  0.341 161
0124  0.128  0.315  0.340  0.079  0.294 153
0128  0.119  0.299  0.322  0.073  0.279 149
0132  0.119  0.302  0.322  0.073  0.284 149
0136  0.097  0.252  0.273  0.059  0.234 143
0140  0.097  0.251  0.262  0.059  0.241 149
0144  0.078  0.213  0.226  0.047  0.201 137
0148  0.076  0.214  0.233  0.046  0.199 129
0152  0.067  0.194  0.213  0.040  0.178 122
0156  0.064  0.187  0.202  0.038  0.174 124
0160  0.047  0.141  0.157  0.027  0.128 115
0164  0.044  0.136  0.152  0.026  0.123 112
0168  0.024  0.075  0.086  0.014  0.067 105
0172  0.023  0.074  0.083  0.014  0.067 108
0176  0.028  0.088  0.093  0.017  0.083 118
0180  0.016  0.051  0.056  0.009  0.047 108
0184  0.013  0.041  0.045  0.008  0.039 112
0188  0.011  0.035  0.040  0.006  0.031 99
0192  0.011  0.035  0.040  0.006  0.031 101
0196  0.008  0.026  0.028  0.005  0.024 109
0200  0.005  0.018  0.020  0.003  0.017 100
0204  0.003  0.009  0.011  0.002  0.008 95
0208  0.003  0.009  0.011  0.002  0.008 94
