# GENERATOR ECoCheckDetectionRegression
# Elapsed time in milliseconds

default
                              N       Mean      P05      P50      P95      MAX
  9x7e0n1/axis_blur0           20  57.2913  54.8196  57.3599  58.4923  59.1735
  9x7e0n1/axis_blur1           20  57.8104  55.0318  57.6442  59.4166  59.6632
  9x7e0n1/axis_blur2           20  57.8123  54.3493  57.7959  59.5521  60.1936
  9x7e0n1/axis_blur3           20  57.5874  55.8645  57.1973  59.0979  59.6526
  9x7e0n1/axis_blur4           20  56.8936  53.7162  56.8617  58.2672  59.1838
  9x7e0n1/fisheye_blur0        30  59.3397  57.5158   58.852  60.3442  71.8394
  9x7e0n1/fisheye_blur1        30  59.0811  57.9275  59.0963  59.8715  60.8195
  9x7e0n1/fisheye_blur2        30  59.1012  57.8436  58.9956  60.3742  62.4683
  9x7e0n1/move_away            30  55.5809   53.908  55.2808  57.3385  58.6225
  9x7e0n1/rotate_z             40  57.9189  56.5746  57.8152  59.1275  59.9235
  9x7e3n1/axis_blur0           20  65.3314   56.676  64.8272  73.7241  79.1934
  9x7e3n1/axis_blur1           20  60.6376  56.5728  61.1392  63.7886  63.9354
  9x7e3n1/axis_blur2           20  59.8086  54.8919  60.2307  61.9302  62.1407
  9x7e3n1/axis_blur3           20  58.7957  54.8069  58.9319  60.8075  61.5491
  9x7e3n1/axis_blur4           20   58.043  54.6458  58.0491  60.4926  60.7655
  9x7e3n1/fisheye_blur0        30  61.7922  59.2612  61.9026  63.7521  71.7031
  9x7e3n1/fisheye_blur1        30  61.7863  60.3332  61.7268  63.2315  64.2359
  9x7e3n1/fisheye_blur2        30  63.2209  59.7576  60.9716  74.9624  82.3726
  9x7e3n1/move_away            30  56.6142  54.4775  55.8188  59.9682  60.9262
  9x7e3n1/rotate_z             40   61.126  59.1799  60.6826  63.0139  72.1732

Summary:
                              N       Mean      P05      P50      P95      MAX
  summary                     520  59.3414  55.0874  59.0191  63.7521  82.3726
