# GENERATOR ObjectTrackingRegression
# Elapsed time in milliseconds

BoofCV-TLD
                              N       Mean      P05      P50      P95      MAX
  cliffbar                    328  52.0966  48.1852  51.6249  56.0232  140.654
  coke11                      292  39.4289  35.6164  38.8281  45.4488  65.3264
  david                       462  53.8521  32.7144  58.0536  68.1928  74.3817
  dollar                      327  20.6057  12.7568  22.6007  25.7394  27.3159
  faceocc                     886   52.411  41.1364  51.8719  66.4203  76.3453
  faceocc2                    812  49.6357  40.1203  50.3821  60.0845  69.1063
  girl                        502  37.6346  26.3508  36.5616   49.818  59.7032
  surfer                      376   38.061  26.2617  38.7648  47.7028  53.3733
  sylv                       1344  30.8584  14.0996   30.478   50.144  61.6408
  tiger1                      354  40.6385  30.7101  41.2746  48.4068  54.6244
  tiger2                      365  40.9724  32.1815  41.4821  48.9222  54.5289
  twinings                    467  46.5965  43.3487  46.3308  50.1486  83.9327
  01_david                    761  103.384  87.4971   104.75  115.468  162.632
  02_jumping                  313  75.0704  60.1636  76.8274  84.6883  114.066
  03_pedestrian1              140  33.0651  28.0309   32.233  39.1653  47.0516
  04_pedestrian2              338  13.2109  .846073  16.8111  20.1425  21.4077
  05_pedestrian3              184  17.2391  11.7846  15.0976  25.4396  33.1001
  06_car                      945  13.9802  6.62393  15.1908  19.4416  26.4171
  07_motocross               2665  30.2437  4.33785  30.3001    51.69   78.013
  08_volkswagen              8576  118.044  89.1335  118.076  154.563  207.555
  09_carchase                9928  76.5737   41.582  75.7575  107.469  123.322
  10_panda                   3000  31.3814  13.4303  36.4632  43.4954  55.2543

BoofCV-Circulant
                              N       Mean      P05      P50      P95      MAX
  cliffbar                    328   1.0945   .76365  .792429   2.0032  12.8911
  coke11                      292  .788964  .759293  .786439  .831178  .872725
  david                       462  .784441  .758834  .768869  .840868  1.30395
  dollar                      327  .764418  .749451  .754249  .810335  .901691
  faceocc                     886  .777253  .757714  .763244  .811709  1.30063
  faceocc2                    812  .758654   .73178  .751551  .814783  1.07541
  girl                        502  .751607  .726278  .732832   .80812  1.16039
  surfer                      376  .749206  .734742  .736356    .7929   1.2217
  sylv                       1344  .757031  .734493   .74736  .795759  1.07561
  tiger1                      354  .748625  .733749  .736332  .791123  .842845
  tiger2                      365   .74635  .733812  .734854  .790517  1.05968
  twinings                    467  .748597   .73401  .735317  .793445  1.04247
  01_david                    761  .737498  .690369  .734454  .782145  .907221
  02_jumping                  313  .747575  .734524  .736516    .7818  .921754
  03_pedestrian1              140  .741493  .726923  .734885  .779173  .825026
  04_pedestrian2              338   .74082  .719224  .734593  .771715  .855636
  05_pedestrian3              184  .714722  .688067   .71209  .790082  .863085
  06_car                      945  .746212  .729851  .734994  .786091  .866948
  07_motocross               2665  .718805  .691458  .712563  .769021  .872694
  08_volkswagen              8576  .730904  .703634  .731587  .775828  1.16846
  09_carchase                9928  .713974  .691508  .709267  .755212  1.27832
  10_panda                   3000  .750446  .710516  .748836  .794895  .941648

BoofCV-Comaniciu
                              N       Mean      P05      P50      P95      MAX
  cliffbar                    328  .810522  .603718  .650135  1.25529  6.51276
  coke11                      292  .631732  .612714  .629508  .666678  .780665
  david                       462  .399232  .349498  .385516  .443912  1.17178
  dollar                      327  .627438   .61223  .623689  .665703   .69071
  faceocc                     886  .415479  .380553  .408513  .467388  .651761
  faceocc2                    812  .657831  .634186  .647717  .699509  .982486
  girl                        502  .647099  .589413  .647999  .700689  1.09862
  surfer                      376  .654758  .632608  .644403  .696849  1.17896
  sylv                       1344  .390765  .378647  .386381  .413333  .779277
  tiger1                      354  .637653  .610953  .632159   .67173  1.13076
  tiger2                      365  .627255  .610394  .616117  .666275  1.26963
  twinings                    467  .639037   .61704  .626705  .675454  1.28148
  01_david                    761  .460259  .042141  .657377  .687293  1.23865
  02_jumping                  313  .583667  .572658  .574591  .607807  1.09229
  03_pedestrian1              140  .586409  .573879  .576831  .619229  1.13763
  04_pedestrian2              338   .59169  .573186  .582179  .667936  1.18455
  05_pedestrian3              184  .536758  .207886  .575371  .626488  .786366
  06_car                      945  .592967  .571021  .579493  .652135  1.18545
  07_motocross               2665  .670097   .65771  .659785  .706832   1.3279
  08_volkswagen              8576  .374473  .036309  .428038  .508361  .834588
  09_carchase                9928  .696274  .599351  .661982  1.01021  1.33908
  10_panda                   3000  .910987  .894481  .897295  .956361  1.24251

BoofCV-MeanShiftHist
                              N       Mean      P05      P50      P95      MAX
  cliffbar                    328  .083736  .034941  .049443  .205458  2.20723
  coke11                      292  .018435  .015475  .015936  .028951  .277578
  david                       462  .039346  3.11E-04  4.42E-04  .175818  .951614
  dollar                      327  .117441  .082629   .08717  .213975  1.52927
  faceocc                     886  .180112  .125854  .126449  .352915  2.12115
  faceocc2                    812  .162422  .142483   .14323  .211326  1.24565
  girl                        502  .277604  .176499  .251589  .482415  1.57713
  surfer                      376   .02897    .0174   .02253  .052474  .149249
  sylv                       1344  .029422  .018892  .020393  .046867  .382192
  tiger1                      354  .029657   .02311  .023439  .055442  .140184
  tiger2                      365  .021979  .019996  .020127  .028382  .146991
  twinings                    467  .063342   .05455  .054806  .079233  .437618
  01_david                    761  .020509  1.32E-04  2.13E-04  .051594  .225292
  02_jumping                  313  .040102  .015949  .036011  .077453  .123747
  03_pedestrian1              140   .02403   .01187  .019934    .0488  .087275
  04_pedestrian2              338  .023253  .017223  .017475  .045153  .098632
  05_pedestrian3              184  .016405  1.36E-04  .018539  .041088  .143334
  06_car                      945  .070651   .04893  .051653  .143386  .363205
  07_motocross               2665  3.27E-04  1.39E-04  1.92E-04  5.13E-04  .052508
  08_volkswagen              8576  5.74E-04  1.33E-04  1.82E-04  3.54E-04  .055728
  09_carchase                9928  1.81E-03  1.30E-04  1.80E-04  5.30E-04  .196486
  10_panda                   3000  .010653  9.41E-03  9.88E-03  .015311  .054297

BoofCV-SparseFlow
                              N       Mean      P05      P50      P95      MAX
  cliffbar                    328  2.04184  6.33E-04  9.14E-04  10.5153  14.8512
  coke11                      292  .199887  4.89E-04  5.55E-04  8.02E-04  9.02785
  david                       462  6.06291  3.55E-04  8.39594  11.7059  14.8427
  dollar                      327  5.90341   3.2556  5.40742  9.76759  11.1181
  faceocc                     886  4.89915  3.39E-04  5.69708  10.0046  13.9355
  faceocc2                    812  3.02011  4.34E-04  5.61E-04  8.12024   12.287
  girl                        502   1.3566  4.24E-04  5.05E-04  15.0201  19.9466
  surfer                      376  .362245  4.33E-04  5.00E-04  6.97E-04  14.0178
  sylv                       1344  3.12581  3.24E-04  4.04E-04  8.93979  11.7376
  tiger1                      354  .365907  3.93E-04  4.51E-04  6.42E-04  12.3384
  tiger2                      365  1.22536  4.39E-04  5.65E-04  11.6007  15.3135
  twinings                    467  2.15131  4.45E-04  5.23E-04  7.27273  11.0007
  01_david                    761  .033414  3.71E-04  4.36E-04  5.03E-04  13.3736
  02_jumping                  313  .420965  3.97E-04  4.70E-04  1.41E-03  10.8365
  03_pedestrian1              140  3.82077  3.75E-04  4.46E-04  14.4805  17.1021
  04_pedestrian2              338  .359738  1.31E-04  1.42E-04  2.18E-04  12.9288
  05_pedestrian3              184  2.75173  1.41E-04  1.54E-04  10.5038   12.181
  06_car                      945  1.73975  1.35E-04  1.48E-04  9.24638  12.4488
  07_motocross               2665  .067212  6.90E-05  1.38E-04  2.23E-04  20.6669
  08_volkswagen              8576  1.71E-03  5.80E-05  7.30E-05  9.30E-05  12.4976
  09_carchase                9928  5.93E-03  5.90E-05  7.00E-05  9.50E-05  12.6669
  10_panda                   3000  .127612  6.00E-05  7.40E-05  1.11E-04   10.745

Summary:
                              N       Mean      P05      P50      P95      MAX
  BoofCV-TLD                33365   70.364  15.9089  67.1363  134.301  207.555
  BoofCV-Circulant          33365  .736686  .691877  .734322  .789127  12.8911
  BoofCV-Comaniciu          33365  .590695  .111507  .637301  .927382  6.51276
  BoofCV-MeanShiftHist      33365  .023489  1.35E-04  3.26E-04  .142634  2.20723
  BoofCV-SparseFlow         33365  .672917  6.00E-05  8.00E-05  7.18161  20.6669
