# GENERATOR DetectDescribeRegression
# Elapsed time in milliseconds

BoofSURF-Fast
                              N       Mean      P05      P50      P95      MAX
  bikes/                        6  145.577   110.03  132.984  173.179  200.536
  boat/                         6  133.468  120.023  122.333  146.196  151.598
  graf/                         6  130.115   124.41  127.431   133.04  137.133
  leuven/                       6  109.723  95.2416  106.484  117.304  126.174
  ubc/                          6  120.411  107.507  121.926  125.509  127.684
  trees/                        6  173.228  149.534  170.618  182.266  189.678
  wall/                         6  162.001  153.494  157.493  159.532  187.334
  bark/                         6  95.6747  92.0964  93.1149  98.2893  100.524

BoofSURF-Fast_Color
                              N       Mean      P05      P50      P95      MAX
  bikes/                        6   214.41  160.128  194.827  240.773  294.954
  boat/                         6  131.333  117.464  121.009  145.672  150.539
  graf/                         6  249.263  230.702  249.167  262.953  263.318
  leuven/                       6  197.785   159.03  188.712  218.149  244.684
  ubc/                          6  226.799  192.016  230.015  238.776  246.953
  trees/                        6  338.632  279.391  333.303  366.229  371.373
  wall/                         6  319.646  304.015  308.819  311.257  377.519
  bark/                         6  181.964   172.56  175.365  190.364  193.447

BoofSURF-Stable
                              N       Mean      P05      P50      P95      MAX
  bikes/                        6   271.51  198.809  240.402  299.415  381.009
  boat/                         6  314.132  264.832   276.56  353.679  383.737
  graf/                         6  329.333  302.525  332.542  345.376  347.361
  leuven/                       6  252.556  192.381  238.418  286.107  321.766
  ubc/                          6  302.518  237.015  311.811   324.26  331.584
  trees/                        6   455.64  360.206  454.812  486.377  507.793
  wall/                         6  434.501  414.753  417.435  429.082  508.753
  bark/                         6  247.206  232.852  236.445   258.71  263.178

BoofSURF-Stable_Color
                              N       Mean      P05      P50      P95      MAX
  bikes/                        6  393.594  244.089  354.409  459.068  586.028
  boat/                         6  316.769  264.219  279.684  358.814  386.177
  graf/                         6  512.181  473.769  513.842   531.02   540.63
  leuven/                       6  383.211  290.382  356.068  438.194  494.409
  ubc/                          6  455.946  348.604  467.061  497.684   506.54
  trees/                        6  698.222  546.049   685.52  749.804  799.898
  wall/                         6  669.308  631.147  646.063   657.08  785.777
  bark/                         6  377.521  355.104  360.521  401.593  402.213

BoofSIFT
                              N       Mean      P05      P50      P95      MAX
  bikes/                        6  334.209  298.387  321.391  327.479  427.494
  boat/                         6  292.696  281.337  292.092  300.703  302.041
  graf/                         6   211.67  199.382   211.03  215.023  223.352
  leuven/                       6  238.965  232.955  237.822  242.019  244.891
  ubc/                          6  282.561  252.153  287.528  291.225   291.53
  trees/                        6  399.684  367.835   401.48  409.889   410.17
  wall/                         6  394.539  377.733  384.685  392.982  439.164
  bark/                         6  253.804  243.692  253.895  255.006  269.496


Summary:
                              N       Mean      P05      P50      P95      MAX
  BoofSURF-Fast                48  133.775  93.1149  126.651  182.266  200.536
  BoofSURF-Fast_Color          48  232.479  121.009  230.015  350.911  377.519
  BoofSURF-Stable              48  325.924  213.765  312.132  471.745  508.753
  BoofSURF-Stable_Color        48  475.844  273.341  459.068  731.716  799.898
  BoofSIFT                     48  301.016   211.03  288.005  409.889  439.164
