# GENERATOR CalibrationDetectionRegression
# All times are in milliseconds

ChessBinary
                              N       Mean      P05      P50      P95      MAX
  border                       16  46.4871  7.64501  65.2678  74.8383  95.8105
  caltech_edges                20  14.3822  12.6733  13.9392  16.4037  16.4471
  challenge                    85  16.1302  14.8051  16.0195  17.9528  18.5782
  close                        12  8.36503  7.80061  8.28643  9.23006  9.65669
  deltille_fisheye             58  20.5433   17.385  20.7421    22.55  23.1775
  distance_angle                6  7.48737  5.93213  6.39861  8.06823  11.7744
  distance_straight             8  6.64208  5.67457  6.49687  7.41432  7.51233
  distant                       7  9.37739  6.96352  10.3561  10.6658   11.818
  focus                        36  6.55817  5.75134  6.59645   6.9771  7.91001
  focus_large                  16  71.0688  68.2276  69.4622  78.6912  80.1292
  gaus_fisheye                 12  5.83871  5.02551  5.48655  7.32335  8.73891
  gaus_perfect                 12  5.03364  3.73892  5.16168  5.54679  5.56392
  hard                          1  6.27059  6.27059  6.27059  6.27059  6.27059
  large                         6  82.1309  64.9857  84.0312  88.5184   94.712
  large_shadow                 23  81.7452  61.5204  63.7516  138.998  155.809
  motion_blur                  38  5.26233  3.91091   5.3344  6.12239  6.48392
  ocam_fisheye190               8  8.19643  7.77666   8.1013  8.49989  8.54074
  ocam_kaidan_omni             17  9.08463  8.17903  9.14666  9.95436  10.2352
  ocam_ladybug                 13  9.54015  8.83049  9.46516  10.0056  10.6504
  ocam_mini_omni               15  9.68466  9.13833  9.72439  10.2862  10.3266
  ocam_omni                    14  12.1515  11.0217  11.9789  12.8254  12.9268
  perfect                       8  3.28793  .436125  .485837  6.08213  6.25767
  ricoh_theta_5                11  15.7982  6.31317  19.3386  22.5752  24.5058
  ricoh_theta_v                46   52.578  25.6552  56.3716  72.7893  78.5061
  rotation_flat                12  10.6359  8.88959  10.5982  12.1084  13.6772
  rotation_vertical             7  5.97207  5.44607  5.87563  6.58689  6.72324
  shadow                       15  10.5472  6.04828  10.1885  14.4564  16.5735
  sloppy13x10                  13  23.5145  19.3956   21.832  26.7941  36.3149
  Sony_DSC-HX5V                13  5.14793   4.5533   4.8504  6.67008  6.93334
  stefano_2012                 30   11.267  8.71997  10.8135  13.5243  16.5299
  Bumblebee2_Chess             22  5.20814  4.82379  5.16477  5.67595  5.80601

ChessXCorner
                              N       Mean      P05      P50      P95      MAX
  border                       16  170.221   10.801  93.1071  320.867  326.029
  caltech_edges                20  14.5451  13.5277  14.5125    15.18   15.576
  challenge                    85  58.3808  50.8335  58.9821   62.737  64.4052
  close                        12  14.4126  13.9749  14.2472  14.6383   16.175
  deltille_fisheye             58  50.5157  48.7284  50.4339  52.3769   54.104
  distance_angle                6  15.7411  14.5641  14.8125  15.0078  20.5151
  distance_straight             8  14.7954  13.3432   15.159  15.8543  16.2054
  distant                       7  20.0442  18.4942   19.885   20.267  22.6889
  focus                        36  13.2398  11.5953  12.1326  18.3495  18.4455
  focus_large                  16  301.676   289.44  291.122  332.884  361.425
  gaus_fisheye                 12  11.1083  10.6361  11.1222  11.3548  11.5903
  gaus_perfect                 12  2.87356   2.7433    2.812  2.98742  3.10782
  hard                          1  9.75046  9.75046  9.75046  9.75046  9.75046
  large                         6  314.617  284.324  304.852  329.082  362.293
  large_shadow                 23  378.896  288.308  294.739  605.939  671.173
  motion_blur                  38  8.42333   7.8969  8.32724  9.11538  9.34172
  ocam_fisheye190               8  10.9997  10.2434  11.1233  11.5693  11.6419
  ocam_kaidan_omni             17  11.0952  10.3916  11.2418  11.5115  11.5412
  ocam_ladybug                 13  21.0261  19.8483   20.862  22.2144  22.5009
  ocam_mini_omni               15  14.2972  13.7474  14.2535  14.7307   15.059
  ocam_omni                    14  40.0172  38.7966  39.7567  41.5349  42.3267
  perfect                       8  4.64538  1.04849  1.12889  7.90385  9.44485
  ricoh_theta_5                11  17.6118  13.1696  17.1033   19.001  30.3776
  ricoh_theta_v                46  124.236   108.71  125.109  136.695  138.595
  rotation_flat                12  19.4701  18.2762  19.4523  20.6382  22.0976
  rotation_vertical             7  14.5083  13.7541  14.0491  14.6721  16.9958
  shadow                       15  19.2438  11.5153  19.2422  27.2567  28.4363
  sloppy13x10                  13   57.987  52.3973  58.4683  61.9602   62.778
  Sony_DSC-HX5V                13  7.70741  7.41767  7.59254  8.26464  8.60399
  stefano_2012                 30  12.1752  11.1494  11.9141  13.6859   14.519
  Bumblebee2_Chess             22  7.99253  7.59272  7.83163  8.39139   8.9488

Square
                              N       Mean      P05      P50      P95      MAX
  distant                       7  12.1211  5.02958  7.38866  13.3578  36.5232
  fisheye                      17  12.3051  3.66281  11.6589  22.8273  24.3892
  large                         5  75.0867  68.5872  73.4591  77.1585  84.9587
  Sony_DSC-HX5V                14  2.05627  1.67646  1.90738  2.46365  2.56214
  Bumblebee2_Square            26  2.08804  1.78063  2.06123  2.40658  3.50659

CircleHexagonal
                              N       Mean      P05      P50      P95      MAX
  calib_24x28                   7  43.2679  32.9638  39.7856  42.9495  75.4541
  calib_5x6                     9  3.53124  2.91804  3.50763  3.95567  3.95968
  fisheye_5x6                  19  11.4958  3.56538  11.7192  17.7724  20.0596
  large_24x28                   4  65.0976  62.7176  63.2124  63.7712  70.6892

CircleRegular
                              N       Mean      P05      P50      P95      MAX
  distant                       5  6.30348  4.80339  6.46127  6.50125  7.53772
  fisheye                      10  4.24361  1.73203  2.15072  8.14276  11.3201
  large                         7   197.38  47.9877  61.2617  312.251  555.221

Summary:
                              N       Mean      P05      P50      P95      MAX
  ChessBinary                 600  20.6198  4.86155  12.6108  69.8441  155.809
  ChessXCorner                600  61.8759  7.70467  19.9081  293.986  671.173
  Square                       69  10.9065  1.80312  2.38296  68.5872  84.9587
  CircleHexagonal              39  20.8581  3.30693  12.3706  63.7712  75.4541
  CircleRegular                22  66.1641  1.74125  6.46127  296.343  555.221
