# list of hand selected 2D points
581.45454545454550000000 272.18181818181820000000
562.72727272727270000000 265.63636363636360000000
544.90909090909090000000 259.27272727272725000000
573.27272727272730000000 256.36363636363640000000
554.90909090909090000000 250.18181818181820000000
583.81818181818190000000 246.54545454545453000000
564.72727272727270000000 240.54545454545453000000
546.72727272727270000000 235.09090909090910000000
575.45454545454550000000 230.72727272727272000000
556.72727272727270000000 225.27272727272728000000
586.00000000000000000000 220.36363636363637000000
566.90909090909090000000 215.09090909090910000000
548.36363636363640000000 210.36363636363637000000
577.81818181818190000000 204.36363636363637000000
558.36363636363640000000 199.81818181818180000000
588.54545454545450000000 193.81818181818180000000
568.72727272727270000000 189.09090909090910000000
550.36363636363640000000 184.72727272727272000000
579.81818181818190000000 177.81818181818180000000
560.36363636363640000000 174.00000000000000000000
