# list of hand selected 2D points
615.00000000000000000000 409.40000000000000000000
586.60000000000000000000 413.00000000000000000000
556.60000000000000000000 416.40000000000000000000
601.20000000000000000000 395.60000000000000000000
572.40000000000000000000 398.60000000000000000000
615.80000000000000000000 377.60000000000000000000
587.20000000000000000000 381.20000000000000000000
557.40000000000000000000 384.20000000000000000000
601.60000000000000000000 363.40000000000000000000
572.00000000000000000000 366.40000000000000000000
615.80000000000000000000 346.00000000000000000000
587.40000000000000000000 348.80000000000000000000
558.20000000000000000000 351.20000000000000000000
602.60000000000000000000 331.20000000000000000000
572.60000000000000000000 333.40000000000000000000
616.00000000000000000000 314.20000000000000000000
587.40000000000000000000 315.60000000000000000000
557.80000000000000000000 318.20000000000000000000
602.00000000000000000000 298.00000000000000000000
572.60000000000000000000 300.00000000000000000000
