# list of hand selected 2D points
342.44444444444446000000 304.44444444444446000000
315.40000000000000000000 307.80000000000000000000
288.20000000000000000000 310.60000000000000000000
330.20000000000000000000 295.00000000000000000000
302.60000000000000000000 298.20000000000000000000
345.00000000000000000000 281.80000000000000000000
317.60000000000000000000 285.00000000000000000000
289.80000000000000000000 288.00000000000000000000
333.00000000000000000000 271.80000000000000000000
304.60000000000000000000 274.80000000000000000000
347.80000000000000000000 258.40000000000000000000
320.00000000000000000000 261.40000000000000000000
291.60000000000000000000 264.20000000000000000000
335.20000000000000000000 247.40000000000000000000
306.60000000000000000000 250.20000000000000000000
351.00000000000000000000 233.80000000000000000000
322.40000000000000000000 236.40000000000000000000
292.80000000000000000000 239.20000000000000000000
337.80000000000000000000 222.40000000000000000000
308.80000000000000000000 224.80000000000000000000
