# list of hand selected 2D points
327.45454545454544000000 190.90909090909090000000
302.90909090909093000000 189.45454545454547000000
278.18181818181820000000 188.36363636363637000000
315.63636363636360000000 177.63636363636363000000
290.90909090909093000000 176.54545454545453000000
328.36363636363640000000 165.81818181818180000000
303.45454545454544000000 164.72727272727272000000
279.45454545454544000000 163.63636363636363000000
316.36363636363640000000 152.72727272727272000000
291.81818181818180000000 151.81818181818180000000
329.09090909090907000000 140.72727272727272000000
304.36363636363640000000 139.81818181818180000000
279.63636363636360000000 138.54545454545453000000
317.27272727272725000000 127.63636363636364000000
292.18181818181820000000 126.72727272727273000000
330.18181818181820000000 115.63636363636364000000
305.09090909090907000000 114.54545454545455000000
280.54545454545456000000 113.81818181818181000000
318.18181818181820000000 102.54545454545455000000
293.27272727272725000000 101.81818181818181000000
