# GENERATOR FitPolylineRegression
# Elapsed time in milliseconds

SplitMerge_Global
                              N       Mean      P05      P50      P95      MAX
  border01                      7  5.17852  1.15304  1.59669  10.3666  17.7375
  border02                      4  2.97767  2.38725  2.40041  3.04916  4.07385
  concave                       8  3.66326  1.64524  2.70103  3.85173  10.3759
  quadrilaterals01              7  2.83545  1.81724  2.68811  3.34002  4.57628
  set01                         9  .772556  .316015  .451704  1.34223  2.19686
  set02                         9  .701556  .486459  .613881  .929562  1.01627
  set03                         9  .961664  .730004  .900337  1.01576  1.64978
  set04                        10  .163371  .112534  .158003  .213217  .215605

SplitMerge_Local
                              N       Mean      P05      P50      P95      MAX
  border01                      7  21.4605  3.04824  25.4807  26.8391  32.0259
  border02                      4  16.1004   11.976  12.9472  16.5325   22.946
  concave                       8  9.30209  5.89304  7.97345  12.9618  13.2374
  quadrilaterals01              7   3.0021  1.87968  2.85166  3.62079   4.4194
  set01                         9  5.78633  4.31601   5.3044  7.83559    8.942
  set02                         9  3.08597  2.02774  3.11017  3.88493   4.4732
  set03                         9  2.25219  1.60097  2.33395  2.75472  2.76119
  set04                        10  .619224   .46019  .622537  .698536  .722625

SplitMergeOld_Global
                              N       Mean      P05      P50      P95      MAX
  border01                      7  14.2138  2.23423  5.14095   19.643  56.6956
  border02                      4   5.5538  3.98459  5.42918  6.03685  6.76459
  concave                       8  10.9854  2.00772  5.82164  16.1754  32.3691
  quadrilaterals01              7  8.65152  2.83715  4.61487  11.1263  29.2751
  set01                         9  11.1214  1.13022  3.02907  29.3751  42.3559
  set02                         9  7.38622  .584388  1.73898  17.3265  39.6778
  set03                         9  3.73761   .82246  2.07711  6.58834  9.46858
  set04                        10  1.20267  .790307  1.03661  1.78901  1.79846

SplitMergeOld_Local
                              N       Mean      P05      P50      P95      MAX
  border01                      7  108.685  17.4652  136.841  152.783  166.035
  border02                      4  70.8875  41.4788  66.1332  82.4858  93.4523
  concave                       8  27.4933  16.2633  18.5019  45.0565   48.224
  quadrilaterals01              7  57.0914  6.75842  17.8611  53.9462  258.055
  set01                         9  286.134  93.1797  185.962  477.217  667.547
  set02                         9  40.6633  15.2504  30.0333  58.6974  100.612
  set03                         9  45.0041   22.908  45.9937  65.3111  74.2166
  set04                        10  13.9829  8.67459  12.1894  16.0144  25.3726

Summary:
                              N       Mean      P05      P50      P95      MAX
  SplitMerge_Global            63  1.91857  .145991  1.00408  4.07385  17.7375
  SplitMerge_Local             63  6.60904  .612509  3.62079  24.5223  32.0259
  SplitMergeOld_Global         63  7.65697  .790307  3.02907  29.3751  56.6956
  SplitMergeOld_Local          63  81.7455  9.42946  41.4788  258.055  667.547
