#  list of hand selected 2D points from ellipse tangents
2015.73217998638460000000 2221.64924924292150000000
2045.88117360912300000000 2193.92021498951640000000
2021.25315287577310000000 2164.31629265840300000000
1990.90087028764300000000 2191.58067300028900000000
2101.12870390956050000000 2228.59445090416900000000
2131.27474324019570000000 2201.88362251761460000000
2106.03368824742000000000 2171.95774823535600000000
2075.73672138234600000000 2198.94700349676400000000
2186.36624519295260000000 2236.11774177591600000000
2216.06046906798800000000 2209.37921518996930000000
2190.96422802211800000000 2179.56088291739340000000
2161.24213230287000000000 2206.19537847414770000000
2011.41572486046560000000 2310.35758700693500000000
2041.48345001639970000000 2282.94824460279600000000
2015.47480408384760000000 2251.81600573133800000000
1985.28485792811920000000 2279.01200243958300000000
2096.99123156988530000000 2317.45602798765600000000
2126.08365225141050000000 2290.34847211944770000000
2100.59920274473550000000 2259.30280639478130000000
2071.48453571840300000000 2286.38613892291370000000
2182.03282740458230000000 2324.60061738334750000000
2211.61089156324620000000 2297.06357323674370000000
2185.99273668364400000000 2266.20339074952340000000
2156.50591159128270000000 2293.57414337483300000000
2006.19567883892180000000 2398.26569627028100000000
2036.69629205917230000000 2371.09969302647460000000
2010.75896918130320000000 2340.62404296410930000000
1980.60300016082700000000 2367.78426534522530000000
2092.25941950479500000000 2406.13884020442040000000
2122.15368281859450000000 2378.26947598293830000000
2096.27691621663000000000 2347.36461852973300000000
2066.50917386504800000000 2374.95848191797450000000
2177.97552480413600000000 2412.47661840901100000000
2207.62762953039300000000 2384.87289600528700000000
2181.59163199654130000000 2354.01804780128170000000
2151.83271898030760000000 2381.61089493671900000000
2002.03452401073650000000 2489.14713643372000000000
2031.86419373930310000000 2461.12706936511450000000
2005.74876386026300000000 2429.53725167698600000000
1975.43998563739160000000 2457.39789583418000000000
2088.23294688661870000000 2494.69760748781500000000
2118.14262294855800000000 2467.10336045077100000000
2092.06200462645850000000 2436.67537740360740000000
2061.86748515484620000000 2464.04012421909700000000
2174.16895690301860000000 2500.76444590508160000000
2203.51514990698700000000 2473.38125268462270000000
2177.81366596943200000000 2443.02590030397550000000
2148.36699730733740000000 2470.63080331890750000000
