#  list of hand selected 2D points from ellipse tangents
986.38968793207080000000 1068.02694793259120000000
1014.46315879424030000000 1037.14562314302800000000
983.33527422480620000000 1005.53796546667000000000
955.52966507089400000000 1036.30033514578500000000
1077.36834030073300000000 1070.63087510336350000000
1104.05625377479900000000 1040.28587684660080000000
1073.40153146474600000000 1007.22846534716620000000
1046.65513936430580000000 1037.50591325194160000000
1163.83204327084200000000 1072.48206991608530000000
1191.58601639932980000000 1041.85931450502150000000
1162.25888364346660000000 1010.38580004912930000000
1134.14220657825260000000 1041.33092897128740000000
992.60928136028860000000 1164.87478994646970000000
1020.20394421744290000000 1134.36912109772720000000
988.83585832005080000000 1102.27322048221160000000
960.88148297331610000000 1133.07111809873800000000
1081.56726420722450000000 1165.50983375713120000000
1108.36940436545020000000 1135.73141224654000000000
1077.86676697107620000000 1104.09313796807760000000
1050.82890046667130000000 1133.82910330240840000000
1167.64087956559890000000 1166.12114801557160000000
1195.04405534886200000000 1135.63068615112370000000
1166.06613521728350000000 1105.07983095774600000000
1138.56919953350830000000 1135.92031489195100000000
996.28510256329710000000 1260.62103891384320000000
1023.78144175381210000000 1228.63211608466740000000
994.46458382532510000000 1197.82340790636400000000
966.67166992027230000000 1229.98852238156310000000
1084.33053151283620000000 1260.10502813435640000000
1111.96485807219570000000 1228.81516824889600000000
1082.27190844106900000000 1198.33941640105950000000
1054.47876837787950000000 1229.61104245572030000000
1170.88695426293900000000 1259.99142480573250000000
1197.69586179116780000000 1228.71685049182720000000
1169.11471673486270000000 1198.23079527682400000000
1142.30154262150860000000 1229.48759293254920000000
1001.21398530404200000000 1353.82774010580530000000
1028.88120613854150000000 1322.54005342558050000000
998.61250639857900000000 1292.39276572032280000000
970.65619561987880000000 1323.30788298521160000000
1088.90443716755770000000 1352.84071038756020000000
1116.72994321700660000000 1321.36707776515440000000
1087.41336427416580000000 1292.26646154209300000000
1059.26914913592440000000 1323.72630315325800000000
1174.79061454823860000000 1350.81916400708720000000
1202.22520359650200000000 1319.72500617065950000000
1173.57107479020580000000 1291.39697577066160000000
1145.75796634109500000000 1322.11049837516750000000
