#  list of hand selected 2D points from ellipse tangents
2277.88692289630940000000 674.73693578563600000000
2586.25314311908370000000 922.13413611212590000000
2917.41820779606220000000 519.11848203081910000000
2572.23640917498320000000 268.27915608366730000000
2316.77409051223780000000 1569.93983172030080000000
2610.86291074788700000000 1852.11964230486050000000
2924.30732619765150000000 1533.45030396494960000000
2595.74303521463930000000 1243.27703402900900000000
2348.75632214429100000000 2395.53593700683130000000
2631.81623969458860000000 2698.45615695865940000000
2933.09952206542100000000 2453.95867334120100000000
2618.41097656656760000000 2140.06257860771800000000
1546.71873885841270000000 845.92400487413320000000
1781.26410196134800000000 1067.68141350903990000000
2005.30315004634990000000 736.53309865229350000000
1747.71447121525580000000 514.37237039440520000000
1600.75614844430400000000 1616.10750898193200000000
1827.40114095245640000000 1854.98205491583350000000
2049.66915113508700000000 1580.31273218965400000000
1800.72038244276700000000 1336.35236041664730000000
1659.08280908513320000000 2324.21334845109730000000
1885.54153510493780000000 2585.40162150414400000000
2094.72976534612550000000 2372.66786607952370000000
1847.34097709231860000000 2102.56224555016000000000
1000.07475725899010000000 978.98355325702560000000
1185.49948479725660000000 1170.90217494725450000000
1345.58220221462300000000 889.47069871451820000000
1144.11090589587900000000 694.46202487897470000000
1071.72558596960300000000 1645.86593881075580000000
1253.72791780971420000000 1858.25052947328160000000
1408.81723821254600000000 1623.10776609845970000000
1211.84555707359820000000 1405.96437581733740000000
1136.98708829521400000000 2276.07478560207350000000
1314.12513095074590000000 2499.20691908147000000000
1468.43373687667400000000 2304.99850434591050000000
1276.81235816652360000000 2076.06451447163730000000
582.45878008569210000000 1079.74463946370070000000
732.87048795937040000000 1253.61044545432300000000
847.32316273224580000000 1012.22647901188270000000
686.05246667413090000000 835.56551846884070000000
655.37662893597940000000 1666.40899120508950000000
806.01476350346300000000 1858.97144018779770000000
916.65438613926280000000 1655.87832840990700000000
755.62676126587420000000 1460.80137225158840000000
724.36964622873510000000 2232.70159268781000000000
872.36325439161580000000 2431.00416290492470000000
987.42845257253910000000 2256.72878442963500000000
828.99908266754160000000 2056.30270547111800000000
