#  list of hand selected 2D points from ellipse tangents
386.26400563277997000000 1752.11171384872000000000
645.28184107701170000000 1505.26229276246860000000
382.36582534997270000000 1237.77054502651980000000
105.72853469601790000000 1488.37779552945680000000
1121.06056082112040000000 1761.90789652967170000000
1332.29138633944650000000 1541.95456811448900000000
1112.70255174046040000000 1293.25177613757250000000
887.72446092619710000000 1515.76608998704430000000
1714.44428103000660000000 1768.19052187689640000000
1897.80628340008390000000 1560.06304351920930000000
1725.31562349173280000000 1341.37560535775240000000
1531.25814553314000000000 1552.03922017447260000000
405.06918133581010000000 2510.27199718455450000000
654.90466010421530000000 2245.02137219137800000000
398.23373145598003000000 2008.73385963458990000000
130.62356513792060000000 2278.30210646809700000000
1119.80042854687240000000 2447.13320042705160000000
1331.33425998346370000000 2206.79129471165830000000
1122.24561787758580000000 1992.01278868554750000000
895.94990186277600000000 2236.23988425792600000000
1713.79053859231950000000 2388.95335761068830000000
1888.67306744778350000000 2175.32080877688530000000
1716.47357266233730000000 1979.41762540235300000000
1529.49035695850150000000 2195.97951012915340000000
424.30336811673146000000 3237.88175429193870000000
667.34088405652520000000 2960.63921651401140000000
412.13961919889730000000 2757.45224988165960000000
150.88253122451317000000 3039.47375522477430000000
1122.14858786353330000000 3105.95357244101600000000
1328.87771503579780000000 2857.00618172278150000000
1121.29034510693650000000 2670.29160745965240000000
902.04167893982820000000 2923.81373611570800000000
1707.70598396711060000000 3000.70122082381400000000
1882.16038116106070000000 2773.73755587832600000000
1709.78785529908600000000 2596.19634618988630000000
1526.91451782901910000000 2826.15500979959870000000
436.36661612795680000000 3936.01114315345650000000
678.94940833386420000000 3643.77621121490600000000
429.46012183172150000000 3475.04483337313900000000
169.26746781257003000000 3773.34629663260970000000
1127.25906686773990000000 3742.03662934051600000000
1328.82904082747880000000 3483.19713629170160000000
1124.62883470548380000000 3323.61074549584550000000
909.36544013160460000000 3588.21101068097730000000
1700.06000622922560000000 3577.66727037717060000000
1873.65300351329960000000 3342.94942813515100000000
1707.28116345000150000000 3195.91816261388660000000
1522.69242660503620000000 3435.07771739743800000000
