#  list of hand selected 2D points from ellipse tangents
2167.09844520030670000000 1803.67520606671700000000
2228.22063173462700000000 1749.36746362637680000000
2179.45121710621970000000 1690.53555430213000000000
2117.88285011997900000000 1745.06407647717880000000
2335.15787400817900000000 1809.89220792527840000000
2398.19858472659830000000 1755.98686974668110000000
2350.22362670626630000000 1698.19466385304350000000
2286.59883438941320000000 1752.40572255511140000000
2502.31396827336500000000 1815.82366500130820000000
2565.21122673157330000000 1762.96922566638430000000
2518.33536423997250000000 1706.13867822965100000000
2454.73046333550900000000 1759.39198528810180000000
2149.02652540054760000000 1968.59107710754570000000
2210.02055640384150000000 1915.69260796811230000000
2161.45700399327230000000 1859.15615969826200000000
2100.25101210114460000000 1912.50978276642630000000
2314.41093361462900000000 1973.79485608722170000000
2376.93715420895300000000 1921.05774356047370000000
2328.88483918947080000000 1864.91705306806720000000
2266.23035982361030000000 1918.12876830821550000000
2480.46627755483860000000 1980.29314460422480000000
2541.85489079546820000000 1928.74514595615160000000
2494.34869478925200000000 1871.31883500454460000000
2432.90739257038600000000 1923.42388923915860000000
2131.25795752381830000000 2126.35920765770970000000
2191.09773147561370000000 2075.63447513478880000000
2143.32396854194260000000 2021.38517170215000000000
2083.37493253218330000000 2072.50257033936670000000
2295.76446660833300000000 2132.36907092899760000000
2356.61464011301300000000 2081.76087342235000000000
2309.15007007762800000000 2027.64369558513400000000
2247.84124282293030000000 2078.73833997216430000000
2458.28132109728540000000 2136.44833211369220000000
2519.10459315046600000000 2086.65940820814100000000
2473.41013152508200000000 2033.89709860225900000000
2411.76360301609750000000 2084.39620078045300000000
2116.58392265335700000000 2280.86680378269600000000
2175.04408404592550000000 2232.49466193169250000000
2126.28745608372670000000 2179.77724719990150000000
2067.84628895048760000000 2228.27772487935640000000
2276.77126035929200000000 2286.49638869417500000000
2337.15723820520950000000 2237.49053989914300000000
2289.98405988747800000000 2185.43844540361260000000
2229.57174175951900000000 2234.81861877358460000000
2437.79864838555840000000 2291.66277794389300000000
2496.69957136971420000000 2243.29700244157360000000
2451.22812253772200000000 2190.59511080762560000000
2392.21969438427640000000 2239.80180804082650000000
