#  list of hand selected 2D points from ellipse tangents
831.60329664759380000000 1445.86509449945380000000
1069.36646964929290000000 1194.28198874497400000000
827.69588145747700000000 949.53281296460150000000
588.35635433483070000000 1207.99650861631500000000
1556.08491780604120000000 1441.94069147492950000000
1793.93475825795850000000 1201.82313936820500000000
1553.72326992244620000000 951.21833793771950000000
1315.29427396570100000000 1197.55530530516280000000
2273.75107882843350000000 1442.16988346629070000000
2513.02816087909100000000 1204.23924391582480000000
2277.59162499291900000000 949.24733394163730000000
2038.85921472849350000000 1191.61404484295700000000
858.25111090633480000000 2157.21962760612630000000
1083.73550482139170000000 1920.93616774082830000000
848.90446397173300000000 1686.77706334821050000000
621.96760757066640000000 1927.84245274185880000000
1552.51003097190320000000 2153.44686659188660000000
1781.39713128003700000000 1924.60492053834060000000
1549.68221519960730000000 1687.94848715034190000000
1320.64909299118840000000 1922.70940961191540000000
2246.73894434605750000000 2150.36235992539560000000
2482.79586977957000000000 1919.89061604157500000000
2255.70050392478300000000 1680.60803794669140000000
2020.82295720305860000000 1916.07124501635920000000
876.37633596624810000000 2819.47548999389100000000
1100.74963016386620000000 2596.06174955261850000000
870.73099166804570000000 2380.62912486222380000000
647.98654802015270000000 2608.71095527453740000000
1550.53438047688090000000 2815.75740981378800000000
1772.77560019530800000000 2594.28849955493570000000
1551.00067874818300000000 2372.60378775187060000000
1329.28900341460580000000 2598.82359082027200000000
2219.92703646217600000000 2810.07972336897460000000
2451.22935601044400000000 2588.49162058061530000000
2237.26954802305200000000 2367.84260269869400000000
2005.45642974352310000000 2594.22054453599050000000
902.76875355545120000000 3433.84055132522640000000
1113.22555343593260000000 3233.45974292055230000000
889.96382116126230000000 3032.37360417977150000000
679.88767748124660000000 3238.53135404525760000000
1550.45411754800670000000 3428.29515160651040000000
1768.60536786390900000000 3224.64459470184830000000
1553.83941203925400000000 3026.18621500716930000000
1336.06992079644830000000 3233.06681455507700000000
2203.64707350721900000000 3421.30403504165700000000
2424.27707353545900000000 3221.45490198697200000000
2210.90172794832320000000 3017.53275637550400000000
1990.72753206430960000000 3220.96304859742800000000
