#  list of hand selected 2D points from ellipse tangents
2375.31529890658070000000 1924.21157243368040000000
2587.28257128896850000000 2161.30283707288000000000
2875.17809751397040000000 1952.59863059071810000000
2644.12349099613950000000 1723.90942499367100000000
2266.66934553309970000000 2604.27548913425100000000
2486.76490830372950000000 2905.36233695798640000000
2793.60249223816100000000 2690.35703201898800000000
2552.92289178465850000000 2398.78753872220300000000
2137.65912446866740000000 3387.23113170099670000000
2366.24597179907200000000 3766.21748212993700000000
2700.31362614815000000000 3547.66151367600060000000
2445.79463559450320000000 3178.49274605183100000000
1735.30553401405650000000 1893.43394175743170000000
1891.55334254015720000000 2102.60928737567700000000
2147.78381360075760000000 1911.30530482304040000000
1976.13823711454780000000 1709.51994965500030000000
1597.85682828862850000000 2500.47218862910700000000
1758.57329153900260000000 2764.23879086151740000000
2027.59721436258520000000 2568.86130056436560000000
1850.48948310864350000000 2312.03095575493630000000
1444.18940200748780000000 3195.16225964657270000000
1604.00262309280010000000 3514.88313088706800000000
1889.30857011431340000000 3317.49449008073270000000
1710.75584011576620000000 3003.26473218410200000000
1214.41438772178400000000 1863.82379415762880000000
1330.56385128177500000000 2054.05469987459040000000
1551.69466417862400000000 1882.09858210791000000000
1423.51824791833130000000 1698.26826062268510000000
1058.91313137994920000000 2415.87362861485300000000
1172.71143733095780000000 2648.59941799114600000000
1408.28791842447120000000 2469.32148772717300000000
1280.70493885255860000000 2243.14445423938400000000
884.37257802090980000000 3037.17153802056370000000
996.87048570800470000000 3315.96328211115630000000
1245.31342054216750000000 3136.00142889747670000000
1118.01693879410600000000 2863.43942324108050000000
775.34333315217460000000 1843.70614543146500000000
860.40603973617110000000 2014.87665432479200000000
1059.13622552013950000000 1855.39102091411970000000
964.82567613271200000000 1689.01684323857330000000
611.13309729213700000000 2346.30254651257560000000
692.92803743719450000000 2552.86929962503970000000
899.09239243017380000000 2391.24473601482100000000
806.49738304944940000000 2188.55381060566150000000
431.02326198923936000000 2909.09832115328940000000
507.27181439226040000000 3154.80859469123420000000
719.19770380645990000000 2991.29289835455440000000
632.62096679998980000000 2748.45467747598150000000
