# GENERATOR FiducialRegression
# Elapsed time in milliseconds

BinaryRobust
                              N       Mean      P05      P50      P95      MAX
  distance_angle               10  24.6216  12.1939  16.4727  24.0564   86.721
  distance_straight            10  11.8972  9.93634  11.6442  12.9166  13.4069
  motion_blur                   9  13.9642  9.39662  13.4666  16.2819  18.9758
  rotation                     12  14.6392  11.7708  14.1291  17.2734  17.7866
  static_front_close          101  4.66821  4.50153  4.65135   4.8979   5.3015
  static_front_far            100  3.41747  3.18308  3.40325   3.6938  3.84217
  static_scene                101  6.55822  6.14713  6.52605  6.98307   9.0742
  set01                       373  3.84479  3.21961  3.79451  4.55626  5.17417

BinaryFast
                              N       Mean      P05      P50      P95      MAX
  distance_angle               10  2.64306  1.34865  2.04119  2.81764  7.63494
  distance_straight            10  2.12446  1.70519   1.9905  2.68707  2.71691
  motion_blur                   9   4.3331  3.06088  4.24906  5.74301  6.23764
  rotation                     12  1.54284  .883083  1.59781    2.061  2.32294
  static_front_close          101  .548299  .533365  .537839  .582258  .711187
  static_front_far            100  .635616    .5961  .631763  .675857  .855352
  static_scene                101  2.79451  2.59843  2.73606  3.10995  4.00991
  set01                       373  1.34376  .801529  1.30508  2.00235  2.59415

ImageRobust
                              N       Mean      P05      P50      P95      MAX
  distance_angle                9  11.6865  9.70561  11.2751  13.2399  14.4627
  distance_straight             9  10.5127  8.22538  9.94817  12.8484  14.0973
  hard                         11  20.8021  11.7199  19.8568  27.6427  28.6817
  motion_blur                   8  8.91886  4.67857  8.81103   10.907   12.218
  rotation                     13   13.216  8.63717  13.4005  15.4364  16.1285
  static_front_close          193  4.31665  4.19042  4.30814  4.46395  4.83834
  static_front_far            100  4.64792  4.17462  4.63669  5.29207  5.51032
  static_scene                308  9.14823  8.68601  9.13145  9.58642  9.91094
  set01                       411  4.50797  3.58182   4.5268  5.52706   7.1293

ImageFast
                              N       Mean      P05      P50      P95      MAX
  distance_angle                9  2.44685  1.84428  2.35882  2.73608  3.13875
  distance_straight             9  1.75932  1.24108  1.51341  2.25793  3.00839
  hard                         11  7.98376  5.63159   6.8472  10.8484   11.131
  motion_blur                   8  4.14792    3.757  3.99027   4.6835  4.79157
  rotation                     13  1.38077  1.09063  1.37491  1.59249  1.85436
  static_front_close          193  .684309   .65535  .676939  .728406  .770667
  static_front_far            100  1.17788   1.0351  1.17981  1.33153  1.92392
  static_scene                308  4.87575   4.5203   4.8779   5.2008  6.09565
  set01                       411  1.85871  1.31891  1.86967  2.52164  2.94278

ChessboardBinary
                              N       Mean      P05      P50      P95      MAX
  distance_angle                6  22.2931  9.44806  10.9043  23.8312  67.8651
  distance_straight             8  9.80651  8.53909  9.59497  10.7589  11.0344
  distant                       7  21.7964  14.8963  21.3569  26.4667  30.1372
  motion_blur                  13  7.04046  5.65405  7.03833  7.94608  8.07157
  rotation_flat                12  19.9907  15.3699  18.8692  25.3133  28.6631
  rotation_vertical             7  8.89815   7.9055  8.39762  10.4154  10.4711
  shadow                       15  19.1445   9.8798  18.2531   28.314  31.4458
  front_close                 201  7.85493  7.29648  7.82186  8.57976   9.0347
  front_far                   201  7.79274  7.30245  7.75004  8.40383  8.97108
  set01                       959  6.67238   5.6893  6.78095  7.53305  9.57536

ChessboardXCorner
                              N       Mean      P05      P50      P95      MAX
  distance_angle                6  38.2491  20.7395  24.7938  36.6073  98.1817
  distance_straight             8  19.7627  17.4606  19.2937  21.5513  22.4033
  distant                       7  27.1224  22.5515  26.9407  30.5746  32.0026
  motion_blur                  13  10.3153  9.79581  10.1942  10.9773  11.2845
  rotation_flat                12  25.1438  22.8654  25.0879  27.1103  28.6728
  rotation_vertical             7  18.0349   17.267  18.0193  18.2677  19.3033
  shadow                       15  24.2478  14.2767  24.1844  34.2628  35.5523
  front_close                 201  11.8793  11.4943  11.8443  12.3293  15.4787
  front_far                   201  12.7883  12.4193   12.719  13.2826  15.8845
  set01                       959  11.1629  10.5082  11.0432  12.0772   17.306

SquareGrid
                              N       Mean      P05      P50      P95      MAX
  distance_angle                6  7.67697  5.44645  5.74555  9.50337  12.1964
  distance_straight             7  4.83475  4.18825  4.50751  5.41077  6.25607
  distant                       7  10.4568  6.71538  10.5046  12.2667   14.358
  motion_blur                   8  2.41114  2.26396  2.38561  2.54142  2.58986
  rotation                      7  4.06257  3.75943  4.07269  4.15297  4.47872
  front_close                 200  3.99026  3.60646  3.97286  4.42686   5.1423
  front_far                   200  5.46103   4.5362  5.46401  6.37821  7.12574
  set0                        368  2.25744  2.01055  2.24321  2.55502  2.80887

CircleHexagonal
                              N       Mean      P05      P50      P95      MAX
  distance_angle               11  12.7895  10.0846  11.2841  13.5574  26.5024
  distance_straight            12  9.13622  7.34421  8.95941   9.7789  12.6941
  motion_blur                  13  3.74994  2.34175  3.96895  4.25692  4.82336
  rotation                      9  7.73487  6.86229  7.69651    8.234  8.87186
  angled_5x6                   52  8.21787  7.69998  8.17827  8.79227  8.94694
  front_close_24x28            45  37.9488  36.0831   38.041  40.7251  42.1869
  front_close_5x6              47  4.21542  3.99465  4.21351  4.44576  4.55164
  front_far_5x6                55  7.27107  6.66799  7.23542  7.81757  8.14109
  24x28_hard                   14  25.8347  7.21695  25.7888  31.1781  35.9227
  24x28_set0                   59  30.8551  29.8091  30.7581  31.9974  32.9911
  5x6_hard                      2  4.24013  3.93221  3.93221  3.93221  4.54806
  5x6_set0                     68  6.53563  4.63503  5.82273  10.4782  11.3953

CircleRegular
                              N       Mean      P05      P50      P95      MAX
  distance_angle               12  6.35106  4.73453  6.49393  7.17978  7.19026
  distance_straight            14  5.86207  4.47611  6.11377  6.61604  6.86023
  motion_blur                  12  2.78896  2.09779  2.86095  3.20965  3.32827
  rotation                      9  8.47261  5.92754  8.99318  10.5322  10.6054
  angled                      100   7.7848  7.03163  7.89686  8.49955  9.53764
  front_close                 100  4.98783  4.64837  5.00537  5.35013  6.02925
  front_far                   100  6.16886  5.49475  6.23407  6.83909  7.12767
  set01                       141  6.45528  3.91864  6.64642   7.6732  9.17537
  set02                        16  11.4607  7.09265   9.2766  20.2814  20.4877

Uchiya
                              N       Mean      P05      P50      P95      MAX
  distance                     24  38.4628  16.4158  38.6036  43.6283  85.2103
  highres_lots                  8  642.515  552.835   612.73  741.907  803.796
  highres_rotate_z             19   864.74  532.694  805.688   1113.3   2051.8
  motion_blur                  15   20.446   4.4514  20.5563   39.163  52.4371
  rotate_x                     16  33.7263  19.5848  34.5573  39.6413  43.2237
  rotate_z                     19  41.9276  38.5601  41.5573  49.2235  52.4232
  shadow_overlapping           11  42.5023   37.213  41.5794  47.7478  49.3178
  static01                    106  33.3768  31.1991  33.0523  35.6722  38.5341
  static02                    107  40.6459  38.1341  40.3447  43.4595  45.4077
  visible01                   211  43.1578  38.7964  43.0473  47.8577  51.9309

Summary:
                              N       Mean      P05      P50      P95      MAX
  BinaryRobust                716  4.99478  3.22995  3.99987  11.4237   86.721
  BinaryFast                  716  1.40725  .535798   1.2567  2.84799  7.63494
  ImageRobust                1062  6.25246  3.83912  4.73635  9.62811  28.6817
  ImageFast                  1062  2.53515  .669986  1.89823  5.06958   11.131
  ChessboardBinary           1429  7.41053   5.7503  7.09361  8.49703  67.8651
  ChessboardXCorner          1429  12.0131  10.5191  11.4908  13.2307  98.1817
  SquareGrid                  803  3.63864  2.04672  3.72674  5.97312   14.358
  CircleHexagonal             387  14.8237  4.06589  7.98965  38.0878  42.1869
  CircleRegular               504  6.45976   4.5766   6.4451  8.42466  20.4877
  Uchiya                      536  77.6065  31.2484  40.6298  85.2103   2051.8
