# GENERATOR QrCodeRegression
# Elapsed time in milliseconds

default
                              N       Mean      P05      P50      P95      MAX
  blurred                      45  42.4925  1.96425  11.0656  128.081  171.584
  bright_spots                 32  93.6986  1.19152  120.848  142.693  146.295
  brightness                   28  83.2758  3.09682  95.1665  132.846  145.394
  close                        40   64.527  .809291  77.2662  120.136  125.098
  curved                        5  3.00017  2.29314  3.12106  3.23335   3.2518
  damaged                      37  18.0541  4.11473  12.2948  56.5283  85.2775
  glare                        50  27.6578  2.26195  10.1582  87.6683   108.96
  high_version                 33  24.0724  2.33087  22.9557  48.9395  54.4751
  lots                          7  201.769  191.603  196.541  213.132  223.183
  monitor                      17  67.1652  22.4601  75.0788  89.9665  106.053
  nominal                      65  18.8435  2.35719  7.12397  69.6461  102.727
  noncompliant                 16  11.1754  2.09348  6.42252  26.2771  38.5801
  pathological                 23  .975267  .767991  .946748  1.28248  1.36971
  perspective                  35  4.93081  4.63804  4.89626  5.26518  5.38435
  rotations                    44  22.6196   19.002  21.9634  26.8849  28.8681
  shadows                      14  35.7558   4.8095  23.4426  98.7077  99.7063

Summary:
                              N       Mean      P05      P50      P95      MAX
  default                     491  37.3366  1.28248   18.349  127.313  223.183
